B.cells.naive	B.cells.memory	Monocytes	NK.cells.resting	NK.cells.activated	Neutrophils	T.cells.CD4.naive	T.cells.CD4.memory.resting	T.cells.CD4.memory.activated	T.cells.CD8	Macrophages.M0	Macrophages.M1	Macrophages.M2	Mast.cells.resting	Mast.cells.activated	Plasma.cells	T.cells.follicular.helper	T.cells.regulatory..Tregs.	T.cells.gamma.delta	Dendritic.cells.resting	Dendritic.cells.activated	Eosinophils
mix_1	0.000678003218044555	0.00596971312133381	0.000845774514230481	0.0229358594505891	0.0376697203068383	0.00123625671059446	0.00726728248547039	0.11184961497197	0.527853934734963	0.12001585596114	0.0159738902849422	0.000862913633555772	0.00815669333493914	0.00636046985203829	0.0143776475034884	0.00262765945138447	0.0533880516520094	0.00156816135924137	0.0345356669476345	0.00212239677054954	0.00446214703269987	0.0192422867023434
mix_2	0.000535097963684598	0.0122003194441922	0.000245781819018934	0.0115756661165589	0.030237425825719	4.08834294069423e-05	0.00861094997729065	0.136416066719496	0.551922759498307	0.0926629703286559	0.00207402209173463	0.00128187164921523	0.0120390969406363	0.00563276662244907	0.0126822619193828	0.0203815133356083	0.041783761049208	0.00180942415665699	0.0266893145340194	0.000182244090359598	0.00501048041038013	0.0259853220780189
mix_3	0.00114135684238403	0.00634803865768025	0.00146340988488488	0.0187514129427107	0.022927413397583	0.00185853977923311	0.00879639645414424	0.113231066436898	0.613878695126075	0.0509840046838233	0.0255168372786959	0.00371369054207325	0.00751067414673174	0.0019603203977828	0.0298938406677065	0.0133146986411171	0.0314272538037547	0.000932880502807259	0.0140609036005322	0.00332665444217541	0.00613499393550698	0.0228269178356998
mix_4	0.000746186954261755	0.00692331626430556	9.55163445488819e-05	0.0233441368118345	0.0234806323701053	0.000159081758859229	0.0108470464368999	0.188967880704586	0.53616049293029	0.0772457606128229	0.00178876946868546	0.00190910110644934	0.00233837844932275	0.0104116043196296	0.00754199935037348	0.0125537456976383	0.0366802869777335	0.0020326411342555	0.0228894789343713	0.000189258243806031	0.00538466115427444	0.028310023974946
mix_5	0.000696552723287613	0.0068028506147048	0.000447860576862563	0.0198365687159437	0.0237463982805654	0.000626130913798628	0.00910461199084161	0.15734724815057	0.542731487353815	0.0858264648549813	0.00848231785469301	0.00280018840846431	0.0017562441370927	0.00729202331803219	0.0143558938520862	0.0146860412433792	0.0429721350062506	0.00173427912158862	0.025148226841805	0.00110784823752377	0.00537089787711067	0.0271277299266032
mix_6	0.000602024029088078	0.0079189432576139	4.371509132011e-05	0.0243962429616005	0.0256511971257629	7.26481969694169e-05	0.00978746259148632	0.168567393171776	0.538269419157964	0.0862440999696039	0.000611059406822761	0.00184326187703246	0.00264289402204138	0.00894488190383922	0.00818919606969726	0.0137934411521589	0.0422927214900168	0.00182898146148478	0.0253838744562687	0.000190999913588082	0.00536447851020923	0.0273610641836551
mix_7	0.000998131312200294	0.00752892688895898	0.000204466155303532	0.0210071596531064	0.0179097948697652	0.000820246929068687	0.00753262250540322	0.138452477916093	0.563704966847813	0.083159408452369	0.0110732230932703	0.00318245338377252	0.00461556118520954	0.0100150360532807	0.0157050427711193	0.016008294431231	0.0375253221210517	0.000701339642364869	0.0240279069604047	0.000990084339588305	0.00544665191767316	0.0293908825709528
mix_8	0.000568503615675076	0.00678966946374158	6.16860697088083e-05	0.0219527399637783	0.0339770060839115	0.000225009807701007	0.00772780028277577	0.130923901411993	0.555324025892294	0.093560015862092	0.0049593886188208	0.00212594438101237	0.00843256585615965	0.0110873715670569	0.0143795809842469	0.0078264889814091	0.0471458666404876	0.00145521634535913	0.0259843499294521	0.000633199891685613	0.00486984729295761	0.0199898210576819
mix_9	0.000799581261219049	0.00711770238757741	0.000315177167296461	0.0235324262720341	0.0295553139380329	0.000320448284825934	0.00878112257595798	0.182744164889137	0.518830076840154	0.0909928221672243	0.00428358874547219	0.0015446251266187	0.00345058889664465	0.00430324900072979	0.00553915617685829	0.0124321700141139	0.0424640398090106	0.00238169220702076	0.0259578648474198	0.000673664993722072	0.00523248319416017	0.0287480412047698
mix_10	0.00089763663363896	0.00838666987935613	0.00105282864171019	0.011480540701555	0.0118104172403446	0.00157815129416231	0.0102351582230567	0.237370931003125	0.535831551959036	0.0375690337280693	0.0235351289932175	0.00137103868177902	0.00732300933242622	0.00345188301268153	0.0159706240069282	0.0181481404341544	0.0201065247112113	0.00248814170197749	0.0112205372364098	0.00303335709777868	0.00603514006865484	0.0311035554187262
mix_11	0.000625761547274693	0.0105306989127681	0.00094914574155067	0.0202241193049108	0.032165714973745	0.00123909952850917	0.00853449629139071	0.117082143486797	0.51704103701589	0.108208063860592	0.018915210999529	0.000242581956728181	0.00883500950705458	0.00948360967456285	0.0112569811733507	0.0165139163136939	0.0459318135591262	0.00127306314174688	0.0304091786617514	0.0031733299552124	0.00474730532347067	0.0326177190703445
mix_12	0.000879919571259481	0.00482278045954464	0.000249673205874249	0.0227740586435856	0.0257603308705532	0.000443061519435282	0.0105890886334575	0.19918730420067	0.533300849892567	0.0754852472834808	0.00607960948595036	0.00250045215286972	0.0043484746182547	0.00572207171299316	0.013533917259476	0.00281648167894788	0.0373968529377696	0.00164663392475075	0.0231050730715315	0.00128378106817688	0.00567295694103141	0.0224013808678209
mix_13	8.12644330735753e-05	0.00631970863146458	0.000289835918775138	0.0140437911823077	0.0184045873157709	0.000584234577253597	0.013276249963005	0.258389960740706	0.530093595773591	0.053301088073947	0.0112836754871649	0.000308296163816051	0.00677879066880302	0.00617099128646618	0.0082174327025127	0.00378035774446311	0.0226752973981656	0.00106131815127883	0.012659979407799	0.00191855157652904	0.00634699576518128	0.0240139970379248
mix_14	0.000930461320154927	0.00810974849361689	0.000811369663353663	0.0238364171661034	0.0170010310467497	0.00120407786390341	0.0105067218620739	0.210705326776977	0.513693434476247	0.0695179806998352	0.0170055436786702	0.000921117381884726	0.00430281341024905	0.00559844985721506	0.00912120569402059	0.0140586266298828	0.0339561840966227	0.00220216852994146	0.019918131290866	0.00243914487590891	0.00582798808058744	0.0283320571051364
mix_15	0.00062973568293366	0.00649520960389401	0.000277864881834097	0.0235105841675087	0.027301445526558	0.000247000234746137	0.0080326021381525	0.151866613380727	0.554947537760904	0.0849441902168055	0.0040519994978298	0.00223758116753738	0.00561599663182586	0.00737078089464996	0.0120311528976687	0.0121997166730749	0.0423505901961216	0.00136988876347839	0.0264958656855548	0.000471453946175586	0.00492935787082366	0.0226228321811952
mix_16	0.00086005292671703	0.0100728609866262	0.000405789904969371	0.0115118626771738	0.0170736328385455	0.00061716341664377	0.00997610222320978	0.0860575513258999	0.643811954649902	0.0480538060551068	0.0107959513228082	0.00474519185556811	0.010200829711598	0.00505635870929083	0.0274931670956115	0.0316196852729328	0.0295319308459513	0.00155978054830764	0.0137860684470919	0.000795826052127451	0.00569860271483587	0.0302758304190824
mix_17	0.000982880565582746	0.0072710097848888	0.00010327347825841	0.0174443195215858	0.00659336581347172	0.000312835379719082	0.0161070458348253	0.161527820244552	0.616864669713025	0.0327862921511578	0.00435087542394478	0.00409988317015265	0.0114678392407032	0.00554067378832795	0.028044192786092	0.0197734703589744	0.0185415684653738	0.00109355329171527	0.0111563769035698	0.000171963869094951	0.00663538878696553	0.0291307014280191
mix_18	0.000900814669264656	0.00652837805201884	0.000988797325637	0.0123026373625448	0.00304945796374135	0.00129500101931718	0.00818667608015603	0.259077619844839	0.575388336389727	0.0129650555297583	0.0176337309752244	0.00146303004140662	0.0117677680693409	0.00573614164326466	0.015154635713383	0.0108764823755235	0.00907671008248605	0.00216491183948268	0.00573219625380059	0.0028366825818815	0.00679739595972155	0.0300775402274806
mix_19	0.00114232760925974	0.00349452374062824	0.000911879444817057	0.025862539590299	0.0199176675763066	0.00175362375172932	0.00895777592705458	0.143417584214721	0.578472089392706	0.0709472694438814	0.0218508651447214	0.00331473593236078	0.0111052750025846	0.00278810382407091	0.0259297074317446	0.00197471986768782	0.0335355596862746	0.000997280891406975	0.0175490847278877	0.00285285524583394	0.00534539536095473	0.0178791361930682
mix_20	0.000523131205715512	0.00916687786677776	0.000134979153204082	0.0177730907141648	0.0218084570369135	5.09927378312733e-05	0.0078843547525605	0.184014973201686	0.552937339996872	0.0713898827065273	0.00212095212096465	0.000602410407695462	0.00788421454272027	0.00332369352595419	0.0089927131658277	0.0182610824681868	0.0350426149777828	0.00244289551384837	0.0215783338174559	8.60576948353443e-05	0.00561242859789783	0.0283685237945775
mix_21	0.000931309267281506	0.00536576809665087	8.35158788669416e-05	0.0152628900950601	0.00752406431897937	0.00048548135685735	0.0117119685734291	0.230588271019144	0.592756642639734	0.0276262019128755	0.00203563705642359	0.00355654482266056	0.00757826548135406	0.00575333396498053	0.0163367481529188	0.00719809577722477	0.0209336451166714	0.00179878389708527	0.010692748147137	0.000647864057167142	0.00682922915529087	0.0243029912122071
mix_22	0.000775559948220477	0.00569389233181822	0.000957386207900542	0.0199303609861084	0.0356675350807078	0.00154154752038565	0.0109140267809435	0.181727512780276	0.496295726554821	0.0900226660283761	0.0218261063614094	0.0014639234476732	0.0050085415513451	0.00999431165464801	0.0149634612472245	0.00710967556481787	0.0371894617336038	0.0011841805751075	0.0249136341593138	0.00310017518417839	0.00540082465397946	0.0243194896471413
mix_23	0.000570841462974586	0.00712078107576047	0.000400207228209313	0.0238868133320068	0.022167181531727	0.000856660332236635	0.00959010209158257	0.191327699575331	0.526576913674114	0.0799869824679658	0.0111769804024567	0.000376114522587146	0.00853377127406365	0.00251518854117467	0.00838689302564888	0.0127930081402665	0.0370521639483836	0.00111751577590396	0.0223530651891051	0.0022410647649494	0.00526440277614272	0.0257056488674101
mix_24	0.000558143428026868	0.00514630337825684	9.94584243838977e-05	0.0176278811068141	0.0200650935921622	0.000195920047726928	0.0103489372140147	0.18471470946014	0.550421983062926	0.0720740163703484	0.00391238743320625	0.00285996453094914	0.00309600254488716	0.00928023281141932	0.0130423399067675	0.0130249995113588	0.0384189831882857	0.00180648880670102	0.0210744283547362	0.000374432458637568	0.00563811685741445	0.0262191775108371
mix_25	0.000688084392685999	0.00858460716035786	0.000164838838959982	0.0216902963915119	0.0213595473062908	0.000313810155792241	0.0110568565137765	0.201514639786138	0.524135861807435	0.0769724249276034	0.00382051328363642	0.00104286813397429	0.0044974542024403	0.00758565641372852	0.00705010754124133	0.0141200074206244	0.0356707201765928	0.00144495123734423	0.0232845026022862	0.000170864121285584	0.00538386703249429	0.0294475205537997
mix_26	0.00104334816866092	0.00406400358121614	0.00104530179690752	0.015167658083329	0.00284018572731472	0.00154564140979996	0.00956983686478838	0.216887481338521	0.596318048213235	0.0224213968968361	0.0226811703901323	0.00328772729066102	0.00903948510943914	0.0064907604248701	0.0236600815698178	0.00384295894671483	0.0179267595324829	0.00109936566902631	0.00710295247379418	0.00280916670939011	0.0068640590855788	0.0242926107174834
mix_27	0.000586711704878322	0.00727609704917326	0.000662189620150269	0.0255410661370016	0.030874000283258	0.000897782945080806	0.00737069169759735	0.160424145527925	0.517054992878658	0.0999472154295257	0.0131808800791018	0.000958908111433421	0.006354669328349	0.00325576575477034	0.00816553425672809	0.0113429544073628	0.0439981429171544	0.00128631470244975	0.0271437095973448	0.00151786924575346	0.00478396327305372	0.0273763950532501
mix_28	0.000457362581336539	0.00684766265771927	7.10745929906748e-05	0.0225531648951241	0.0191621145619418	0.00026565544308181	0.0086533864915886	0.177448228157407	0.548698555568248	0.0832164684863088	0.000870246969299503	0.00177114404584897	0.0052208766941873	0.00559489322517695	0.00980287174766674	0.0151210641542195	0.0377453405092626	0.00181571631784825	0.0226191381704876	6.13923309114102e-05	0.00548711232106397	0.0265165300782803
mix_29	0.000515373396938776	0.0077074883785511	0.000606716613310477	0.0235754044019136	0.0331237188107898	0.00092193387584005	0.00940953276223972	0.128186733598194	0.530771140374684	0.105873209730757	0.0128290931230396	0.00102788066432356	0.0076083225252033	0.00769784777457842	0.011205869992996	0.00894013848613805	0.0492511308195801	0.00123657171561902	0.0294167139692051	0.00199429657113583	0.00483771371105813	0.0232631687039053
mix_30	0.000390592142344466	0.0066431342067028	0.000285573533971337	0.0214834344409168	0.023111546778026	0.000393247272257011	0.0106715739394123	0.203467655735109	0.523144558798175	0.0770110457129697	0.00549693472746144	0.00144133702492812	0.0043747144542786	0.00806880901365274	0.00834330886054568	0.0107668034555528	0.0363944808865353	0.00176415260048534	0.0224620020193757	0.000699860765037015	0.00557924726271728	0.0280059863695446
mix_31	0.000613722596944561	0.00561806880554229	0.000640875265720271	0.0153433173575441	0.0197358296006469	0.00097918050689191	0.00976007150795251	0.205819287172803	0.541136636985261	0.0690865769790804	0.0141517461060537	0.00125526846732548	0.0066678962253673	0.00605998858079837	0.013111567725504	0.00573246217437468	0.0313503998486295	0.00190451020590044	0.0198248740231593	0.00181767924767893	0.0058040577018806	0.0235859829149408
mix_32	0.00104696044727536	0.00730780364177186	0.000982106386331212	0.0299399400029943	0.0222567626383133	0.00150261890221889	0.0129372038807993	0.206137620389556	0.511303501383005	0.0691112445227415	0.0220182884763304	0.000405285658008495	0.00463345648193926	0.00470160801711295	0.010821397434695	0.0125733519101903	0.0255767212868026	0.00213679789659043	0.0170332304784478	0.00299095305683713	0.00542082785701701	0.0291623192510222
mix_33	0.00077420500246134	0.00573103906272592	0.00111941575122477	0.0169429336594202	0.0141637994863745	0.00148327098032973	0.00917040016596465	0.23004849011594	0.553661724630981	0.0418579889385109	0.0233712269512989	0.00152521470602964	0.00824739631777679	0.00530980490881507	0.0151760978565017	0.0045204386068083	0.0190218667200128	0.00211786716493478	0.0146918597799059	0.00320043029660591	0.00632853886093139	0.0215359900364456
mix_34	0.00111450656153623	0.00897947805437239	0.00144812449314668	0.00934045486167308	0.0070080757149355	0.00170555771059682	0.0123449567520055	0.188138656414765	0.596565477944137	0.0184704916464886	0.0332720908252867	0.00309958705759335	0.0115591733270198	0.00783921384334084	0.0294627250351426	0.00978268748471659	0.015493830470325	0.00134734319781627	0.008401967794956	0.00393053212582872	0.00609108622895407	0.024603982455363
mix_35	0.000559090045958891	0.00433689154978923	0.000471056627324755	0.0218297364552772	0.0236714061072429	0.000687691393554709	0.0101601353761405	0.191239577238864	0.531150039733531	0.0822798558549465	0.00825063212797812	0.00144058252178922	0.00438553294709196	0.00967751829519984	0.0110158711825934	0.00448983063422379	0.03969886645911	0.00149722073967129	0.0240392066228478	0.00132023589850811	0.00541231732568439	0.0223867048626723
mix_36	0.000757310029032439	0.00561961037572567	0.000812789750243566	0.019762522779021	0.0271058391856394	0.00123574064156759	0.00758067969356737	0.158828276632531	0.544801451652846	0.0811520374587906	0.0178255969184078	0.00193664998342466	0.00430057622175311	0.00893971780115464	0.0147119491552178	0.00983590085344449	0.0363238134704622	0.0016414694434094	0.0219364256687615	0.00229548271817894	0.00571586665520574	0.0268802929116151
mix_37	0.000771711382527147	0.00605491073615824	0.000351834267675881	0.024977507736189	0.0148053535082255	0.000642003503902449	0.00866874804744791	0.160105622836558	0.576386070036942	0.0639240539709001	0.00886759608447361	0.00370936272639218	0.00604769299728993	0.0059528005384915	0.020156999351621	0.0112615191810295	0.0334055929550419	0.00131288336125174	0.0197871201653495	0.001259074482283	0.00565377393120353	0.0258977681990462
mix_38	0.000806175735239567	0.0064259420175725	0.000772686811300997	0.020481108523214	0.023719474423109	0.0011006085807513	0.00971407066962918	0.133545289595451	0.559852154819843	0.0816663132651526	0.016659817539051	0.0028595435422022	0.00675770601152188	0.0063998419874563	0.0187906330521113	0.0121960877957759	0.0424226164509135	0.000945631823981094	0.0236534491239124	0.00223065756955425	0.00532172606473684	0.0236784645975209
mix_39	0.000560869090897597	0.00755321524321559	9.57821285663793e-05	0.0205878903492954	0.0235086718937312	0.000113448819354646	0.00966620582963672	0.175240646829972	0.544578247098907	0.0842598221179785	0.00111656417362198	0.00153845612488474	0.00564630721521022	0.00743963596362776	0.00812010738491931	0.0136033320070558	0.0384701418790255	0.00195310059501535	0.0232433687080805	0.000240776617981522	0.00547690234712234	0.0269865075819003
mix_40	0.00117728461343118	0.00281661178465965	0.000867270689810013	0.0224570696049516	0.0250510703810475	0.00138478792871198	0.00847739507404285	0.215092926175074	0.526507043166093	0.0592612784068572	0.0194056905359463	0.00147713649262129	0.00355703845350229	0.00720037696458121	0.015199268747278	0.00599047562049977	0.0286133370768804	0.00235054308475465	0.0200617963447064	0.00256040864616285	0.0057391626688741	0.0247520275395133
mix_41	0.00181060885475146	0.00503009913187355	0.00133793441725999	0.0112796908851963	0.00796658770203895	0.00185589060209565	0.0130826932556396	0.188923474021607	0.587153331127216	0.0314775744423728	0.0319201725531816	0.00251619047947161	0.00872397116183616	0.00547638365543966	0.0233557189751281	0.00745408318409899	0.0234902725878716	0.00135149851319743	0.0114594635361249	0.00411110204053439	0.00582374566147202	0.0243995132115919
mix_42	0.000545343440017909	0.00861026884772638	0.000213955471205502	0.0172977105635842	0.00703297574747071	0.000377314852604588	0.0126751698289346	0.272026324290347	0.527758130953521	0.0359496726463706	0.00235459719275025	0.000510253392045055	0.00654279980722965	0.0113330667487617	0.00536196995741121	0.0172398793157244	0.0205348555529381	0.00213615568676747	0.0122704886008751	0.00053318543989048	0.00621728945525314	0.0324785922085713
mix_43	0.000876936522425066	0.00714937158150427	0.000913821092161257	0.0156058652953055	0.00134865529126787	0.00162760740803031	0.00954924449053884	0.232912673653026	0.567897631432389	0.0190016150710265	0.0258185511506352	0.00238007915017316	0.00784346437803099	0.0027755216372796	0.0217319144972697	0.01754894890915	0.0166568048225866	0.00197690278688873	0.00688094747316663	0.00360725554530511	0.00687371911295765	0.0290224686988823
mix_44	0.000560527372022097	0.0102983872814618	0.000820945653475518	0.0239882565697017	0.0220412827249764	0.000762785085880738	0.00780062488963125	0.141339872055305	0.55840780674846	0.0760322936457261	0.0120653747773993	0.000296578477848678	0.00940965863135678	0.0078894514885554	0.0107147650215974	0.0191432249573581	0.037040981792249	0.00182243040838861	0.0237647520816897	0.00156820062953636	0.00534543562422536	0.0288863640831547
mix_45	0.000337481222556405	0.00711855201316351	0.000111630752721346	0.0172663019895668	0.0245296308446694	0.000586151472948199	0.0120880327556076	0.148560015455267	0.550972992706941	0.0809349689992098	0.00711644203429612	0.00235649998652505	0.00674103338328325	0.00671888473944945	0.0112818215950669	0.0136784468748293	0.0470641594408707	0.00185192355042763	0.0275383934830655	0.000319810269798247	0.00503707975029689	0.0277897466794396
mix_46	0.00102783854338802	0.00550575314306702	0.00178109486581799	0.0129238037902183	0.0162321121185584	0.00233345270952681	0.00874626230467523	0.229632402381723	0.521545346054856	0.0527317963178547	0.0368412174679411	0.00302613686202764	0.00535752969813772	0.00660343069557842	0.0213387954448425	0.0029725112119205	0.0256168826360135	0.00188236923429434	0.0158830033060675	0.00384838825250641	0.00600566359854869	0.0181642093624361
mix_47	0.00148590886294753	0.00901423666435072	2.42325897289552e-05	0.019192499168681	0.00727452971959858	0.000324952959127827	0.00977063483205425	0.090165324273656	0.693848679455886	0.0144209284754523	0.00526756467080158	0.00626406769310744	0.0216414698572097	0.000948604698377371	0.0339812804744701	0.0323390859928242	0.0159623698732295	0.000637026242225896	0.00448052633665837	0.000719792811111243	0.00594271835078155	0.0262935659977198
mix_48	0.00106156886551926	0.00862756464529197	0.000854109205482371	0.0119272498447095	0.00883700574376943	0.0012928594009048	0.0116314804658083	0.246312405188694	0.542411891130735	0.0360394616873372	0.0195818950369353	0.000571481426875523	0.00725939862392741	0.00678549207969218	0.0108880917971587	0.0167624927248028	0.0162971945077636	0.0016657743808365	0.00972136316259813	0.00207231785901391	0.00622809936593274	0.0331708028562112
mix_49	0.00188847031944	0.0117437523044089	0.00204850853038756	0.0202588034706036	0.030489028241986	0.00271041804655225	0.0102518889266414	0.184169095008509	0.488423844037531	0.0765818277650404	0.0407596814119674	0.000744883580875536	0.00574639843859074	0.00715752534836697	0.0180227337329256	0.00720542901200827	0.0381329735801299	0.00104752641506144	0.0204138918839887	0.00570448237844513	0.0052592369893547	0.021239600577185
mix_50	0.000893366443529414	0.00571321667504291	0.000286243686857479	0.0171860119027965	0.0231776226658133	0.000300961227163006	0.00758073601119634	0.167262483948306	0.562421211375574	0.0861837628979113	0.00348266159250438	0.00171873192126741	0.00448666275289236	0.00125724230546481	0.00810737156924813	0.00973837710522895	0.0442195235950885	0.00167589809534577	0.0237204100153977	0.000398694150311129	0.00553401038267013	0.0246547996803906
mix_51	0.00116752098376007	0.00543380787777385	0.000906846882653627	0.0202252327369856	0.000761277430684072	0.00127115866931384	0.0104597998032668	0.188395935550823	0.61658207321198	0.0179594592701598	0.0194025814811561	0.00406057537880383	0.00916970057828725	0.00314085959355863	0.0242707986111899	0.0159260001883828	0.0149211651974563	0.00122596292001565	0.00723473833839425	0.00287455149878383	0.00684704631443212	0.0277629074821385
mix_52	0.00106117105726536	0.00583995065746015	0.00106416239422524	0.0141248568705079	0.00914073665656207	0.00146359938477742	0.00853016039521472	0.199740487357965	0.572147932509215	0.0421937802855459	0.0220618328087873	0.00261603173830827	0.010436715380779	0.00231501893975468	0.0208426492077606	0.0124840002649729	0.0239824699410657	0.00108613480397785	0.0114274142644141	0.00302795871493965	0.00644928868483325	0.0279636476816686
mix_53	0.000414138436746934	0.0120351065056708	0.00119668850181997	0.0134723718542123	0.00508010694933412	0.0014732505585274	0.00926375315880151	0.17685606728901	0.575559272667024	0.0378261381721501	0.0240523291564844	0.00120547378261948	0.0114898930732251	0.00425650462101415	0.0157502028525872	0.0313406658871931	0.0154560479218818	0.00179102812947964	0.0121847210431631	0.00157598229361445	0.00598563974659607	0.0417346173988436
mix_54	0.000877342860527081	0.00763308232237593	0.000652882375761329	0.0159213775405838	0.0177773103323151	0.000863451944822689	0.0109776897702132	0.20028984428679	0.539955844309679	0.064761492231812	0.013376357297326	0.00185942620580626	0.00481497669546326	0.00878160421823417	0.0130361750055151	0.0131548170375178	0.0310805152486094	0.00180587137308629	0.0187616956807755	0.00148898118370126	0.00577255323511401	0.0263567088439713
mix_55	0.00125865813762214	0.00441575556627214	0.000343962659271256	0.0116410385423679	0.00703787851855612	0.000795556647516921	0.0117847414123709	0.256990482068545	0.575040851625823	0.0231869654320224	0.0118263740794658	0.00221739147121654	0.00927730899928452	0.00901055651740494	0.0144649770924443	0.00392973789766393	0.0140686728990683	0.00171474140430807	0.00820274384899039	0.00126194096098365	0.00662902450510303	0.0249006397136982
mix_56	0.000899885695507674	0.00469157214434256	0.000779465302346304	0.0232170461133913	0.0140607885495917	0.00114572362155804	0.0104767095979293	0.218658408263095	0.524973036883945	0.0669755886718866	0.0178627968680288	0.00136197638266219	0.00369760094172387	0.00761531053528017	0.0127284087493351	0.00340388972877478	0.03432796453759	0.0018812515404014	0.0200575910390908	0.00240107459489995	0.00551993119762579	0.0232639790409934
mix_57	0.000635838544910338	0.00817874933375126	0.00029042133264486	0.0128122552116872	0.0306839618533755	0.000473507699866296	0.0115135629095936	0.180491499922114	0.520337843368122	0.0936730204278689	0.00589727171534562	0.00134022078240625	0.00339029865642391	0.00516479755000996	0.00875837253463745	0.0132407413900893	0.0437047516859983	0.000957460965718617	0.025195822568104	0.00126789643800077	0.00509648096795894	0.0268952241413726
mix_58	0.000600885850071815	0.0052725146307478	0.000251246506067206	0.0209583266535095	0.0227091377506857	0.000564353033086676	0.0092951513677515	0.168109913588133	0.548150008892736	0.0833902059085291	0.00692101491427534	0.00246082527875504	0.0059099292897001	0.00830078180279773	0.0129983073865294	0.00648763323009422	0.042475185211079	0.0016880566136393	0.0245233349510155	0.000620954486107637	0.00535832806431521	0.0229539045903734
mix_59	0.00114272465650355	0.00976039331505201	0.0013394079561024	0.0146822193207486	0.00822542623492277	0.0018347220230934	0.00705956993900368	0.191006244644065	0.544918728044195	0.0395104996610034	0.027922465451363	0.00277976375161138	0.0101120604077287	0.0116344706225783	0.0220638340117132	0.0234640275797257	0.0241515831233823	0.00203287210097881	0.0120597640906631	0.00374309765887842	0.00606403332775731	0.0344920920789299
mix_60	0.000438642506279636	0.00429686505018922	0.000735863222836735	0.020256126901423	0.0115491601292365	0.00117361114411429	0.0105084740185538	0.225509198439153	0.550412137498378	0.042921965578935	0.0173664766333683	0.00160892645413577	0.00748817017885932	0.0024235011858068	0.014135541900901	0.0107074476573653	0.0273934960968664	0.00156929962014288	0.0148807740393058	0.00182198901528164	0.00609110480512067	0.0267112279237462
mix_61	0.00083929680008729	0.00558087708472086	0.000569019569732377	0.0257195832142192	0.0131969127142724	0.000863327291264038	0.00754157858450476	0.182055072248381	0.545695054572846	0.0694472885089412	0.0120277100406023	0.00247940010316995	0.00213210136821998	0.00816472344387316	0.0142733344379754	0.01327252070598	0.0351853983249434	0.00145521049581352	0.0226322625796773	0.00189309136678695	0.00552749645267155	0.0294487400913179
mix_62	0.00103181609345181	0.00605926876256843	0.00117645800250024	0.0272011097462092	0.0138683702690192	0.00162836288922626	0.00921475964212205	0.16305149921951	0.549267870011776	0.0679312940642746	0.0256767825020466	0.00283036854201662	0.00866965272564574	0.00739343978501064	0.0239601787335388	0.0088361574932727	0.0313429993285129	0.000711218021304533	0.0184170965721045	0.00300542890246916	0.0059887133949691	0.0227371552984514
mix_63	0.000675929789879751	0.00489654335009074	0.000265356170382817	0.019363661583665	0.0243364174537001	0.000569206786666691	0.0102623700337086	0.183470781933123	0.54217167295761	0.0796512252794127	0.00745043945765181	0.00240115779514514	0.00477058110158181	0.00762369423461361	0.0126298305543027	0.00584808537745426	0.0386398127549294	0.00176128016948524	0.0225930494486572	0.000873790494739453	0.00550999288464758	0.0242351203885525
mix_64	0.00095909087616348	0.0134474128556582	0.000102900683986581	0.00844054536495913	0.0045233730295209	0.000297497552432693	0.0112285180897834	0.0765549801508333	0.684743965533285	0.0172670342678543	0.00506601579483626	0.00514082911768895	0.0173402992042171	0.010233123664164	0.0293381687553131	0.0451433887738022	0.0168299491050119	0.00147911854990216	0.0078716183663126	7.26601747547864e-05	0.00605494827600821	0.0378645618135123
mix_65	0.00145488468047107	0.00664666768229397	0.00122868417087707	0.00961163182468299	0.0202332937925883	0.00187587885100579	0.014973168648363	0.15577582133829	0.586387733134851	0.0479007026228249	0.0266189005742301	0.0024344127153184	0.0099452459033196	0.00844928546790021	0.0237572564147763	0.00964397082759344	0.0255084837613386	0.000857083692082952	0.0121503505154384	0.00380967177055394	0.00565525271066808	0.0250816189005316
mix_66	0.000373768963077062	0.0111245071383761	0.00135780755298705	0.0263215673232191	0.0147053889782408	0.001547873110059	0.00656823115727497	0.127265120941902	0.555978537982037	0.0742486750297464	0.0253748624640786	0.00146201540342668	0.0113251016850856	0.00833094613087353	0.0168936806747569	0.0210761953222901	0.0370654984259663	0.000936175443891308	0.0212963456126052	0.00334094776154063	0.00491641424690978	0.0284903386516558
mix_67	0.000824787601200302	0.00908089676052875	0.000988416076268369	0.0271560949342676	0.0294665733619277	0.00136663001033466	0.00689191939722966	0.119556967243627	0.515501701923307	0.105260212623413	0.0198272638532438	0.00175918461419886	0.0062731582717261	0.00674825268036454	0.0151535864348178	0.0182254909288221	0.0471298228979119	0.00131010986349963	0.0304661982797223	0.00251517588594626	0.00479692282879341	0.029700633528849
mix_68	0.000276704112924865	0.00614598532630457	0.000199934293432569	0.0144513453993713	0.0130393633298706	0.000457326987802906	0.012102622960762	0.205371613781801	0.575185639625417	0.0524555571106316	0.00634389332324367	0.00175632421993631	0.0073797838008403	0.000552390742004155	0.0169679893444739	0.011943010642837	0.0249215976990142	0.00183868934598612	0.0167779552702277	0.000284701475236853	0.00589661394221431	0.0256509572656673
mix_69	0.000865951488813296	0.00776606437072215	2.4811960343394e-05	0.028345217567232	0.0201916045792561	6.68422268096034e-05	0.0120020627572333	0.200114899288358	0.533954416433405	0.0630611095528327	0.000973638717166947	0.00110401842211454	0.00429028127796062	0.00572488060120445	0.00839990161316579	0.0204584850690537	0.0328318716869795	0.00209085180878043	0.0196429871677426	6.52322508082362e-05	0.00553986875898113	0.0324850024010371
mix_70	0.0012511748261961	0.00235164492055021	0.00049224981631267	0.0239953884191796	0.00256935723709006	0.000979735638147854	0.0103002127168073	0.208763769565817	0.596804879326264	0.0295108547789621	0.0147695940495958	0.0040068832547167	0.00802546234602794	0.0080095040329865	0.0236491122562139	0.00408290787521608	0.0221905059367912	0.000954065055434467	0.00991513733575812	0.00136899069655837	0.0062922848890434	0.019716285026331
mix_71	0.000753146380238709	0.00673556071352947	0.000839252472945717	0.0196473643562953	0.0176440196751545	0.000966233556911872	0.0110132742385628	0.161290204258026	0.559917311717086	0.0720011714461878	0.0142248237919121	0.00239074035954515	0.00747363225580614	0.00700515128191801	0.0213707143852276	0.0105969305745698	0.0345332983251331	0.000889116557913847	0.0207148849538098	0.00183849607384683	0.00530606513264308	0.0228486074927357
mix_72	0.00101702458495921	0.00752252341072667	0.00143022461409093	0.0263930932987922	0.0180166386741946	0.00149624293260628	0.00873769412288533	0.145863629416422	0.559436200759209	0.0651415289570533	0.0264731415998883	0.00327124883936171	0.00759741430853419	0.00385737836535283	0.022790827669171	0.0118205810852684	0.0330757550420766	0.00100977882858651	0.0236758073784853	0.00311135620397006	0.00530202624441811	0.022959883663947
mix_73	0.000882042604060834	0.0059242976269281	0.000375744008358116	0.0240638633598174	0.00395371061595356	0.000461240195659775	0.0112787068335624	0.232834178738598	0.560347151811048	0.0328162587193523	0.00649068105602488	0.00446527956574378	0.0022356052296545	0.0106543677164264	0.0172584895932144	0.0128394898552477	0.027046662236046	0.00199422063938655	0.00923416239952179	0.00132566442488708	0.00609388316757284	0.0274242996029357
mix_74	0.000720729225350845	0.00473056763739178	0.000465306808834658	0.018933039456042	0.0228446867594603	0.000524504545681059	0.0103509576629726	0.220125576310103	0.515539653371875	0.0759082969176968	0.00840441215823699	0.000305843701030542	0.00742254833438716	0.00692851609562886	0.00508253745110401	0.00911194232823612	0.0337975597770946	0.00176514922109194	0.02139426821117	0.00121511422835487	0.00559266044329349	0.0288361293549636
mix_75	0.000553547922575166	0.00753814961178497	0.000730817367869272	0.0162974844943259	0.0107855687357667	0.000952359637443845	0.0105330299910889	0.217866235114639	0.55116355109003	0.0425872252252031	0.016021612016398	0.00141463254372167	0.0064807869728581	0.00798936910294265	0.0141679300413755	0.0166384191567095	0.0236760779791456	0.00250981362757878	0.0126411570886293	0.00186254955712473	0.00643518294823935	0.0311544997745504
mix_76	0.000615093399198944	0.00469471009267637	0.00114743211412897	0.0273394651943561	0.032688359466367	0.00154498051410422	0.00903417326510158	0.124649654586636	0.5180667601673	0.103670215517152	0.0242824614921975	0.00308877692556233	0.00383037159354631	0.00870210363229511	0.0189990631956655	0.0093646742082565	0.0490041252751782	0.00109624938841108	0.0279834989943526	0.0024769182540802	0.00470793155907142	0.0230129811643618
mix_77	0.000551118112324768	0.00755752174609051	0.000473396310428033	0.0215239353869448	0.0199893530646379	0.000683268037219088	0.00990302832459218	0.178760997520727	0.543614278905312	0.0689247518754227	0.0102303191704488	0.00137134128146789	0.00445614310045097	0.00916748158822068	0.0116151794746132	0.0160620770440402	0.0354631627244281	0.00189000191209393	0.0203444543005847	0.0012404032605573	0.0056860509759054	0.0304917358834898
mix_78	0.000853846833500503	0.00665633008112939	0.000391231074393362	0.0232744867973391	0.0126306408970523	0.000667294708785493	0.0108530746193783	0.19400101038414	0.560785849193278	0.0529055672977602	0.0130932139536417	0.00251054802342154	0.00783310013278856	0.00769907523084841	0.0160706431831867	0.0107903803327156	0.0280936081992153	0.00191426309745101	0.0164262484072278	0.00115752056111596	0.00590285023084112	0.0254892167607894
mix_79	0.00121977796822293	0.0138056371584931	0.00164848591904326	0.0137114520252314	0.00844748325520506	0.00211786027667278	0.0156476086000539	0.146413640569093	0.569802232824974	0.0284254488008587	0.0322256769815365	0.00440713832916006	0.00593266703414739	0.00669655129937655	0.0312361340797146	0.0375250665954268	0.021272462916185	0.00229224627519098	0.0103252348202898	0.00389448248196857	0.00679470695188927	0.036158004837266
mix_80	0.0015514420339033	0.00999326887869158	0.00171449776598814	0.00752641593722968	0.00696144851001049	0.00195702962492874	0.00959550125490935	0.222190443241148	0.534775702805723	0.0357006679496996	0.0299531774965332	0.00169728829400032	0.00474038263549855	0.00964272475099635	0.0180532925318878	0.0280296247449378	0.0140123164089177	0.001922410230294	0.00995320045481097	0.003566928010312	0.00670231378022669	0.0397599226593528
mix_81	0.00125790923249497	0.00927548346117126	0.00217797984263751	0.0186649098793267	0.0264229488014931	0.00309533719796376	0.00766811785208213	0.141055248586991	0.562231925010362	0.0297761269080429	0.0468255539323217	0.00155752223405305	0.0171289178534917	0.00118904908962514	0.0301324254721478	0.0229305511060552	0.0233999801922026	0.000470810924936898	0.0125644757311581	0.00618633355142642	0.0059250493861848	0.0300633437538309
mix_82	0.00112770128818017	0.00395644905374357	0.000949313987963569	0.0210414815914693	0.00918235377283564	0.00127569185007835	0.00963069084573722	0.0748925874191785	0.682833066137696	0.0325380642563955	0.0154035338291145	0.00740704861051304	0.0106114148740825	0.0175990017213237	0.0427463985849425	0.00730111403081305	0.0246733918041054	7.20814718932346e-05	0.00778344900066819	0.000664875843979264	0.00663108484205684	0.0216792051832297
mix_83	0.000938221058446206	0.00343145274596865	1.75779701873236e-05	0.0130800688468253	0.00555136158409704	0.000153041365080046	0.0133980823523369	0.249464335829042	0.583949028694103	0.0279523812421522	0.00150381400558234	0.00398748416031106	0.00472145415333979	0.00955000285695631	0.0152850349594214	0.00368020569373765	0.0215987457387782	0.00179943788897581	0.00799233609232479	0.000188728563952156	0.00684588201578535	0.0249113221825967
mix_84	0.000595364508667617	0.00580059413433503	0.000306456675156516	0.0257236082933932	0.0197764485856609	0.00074372182676458	0.00782571122939213	0.132712031854723	0.572027360966967	0.0839581634852926	0.00952012511262465	0.00283032355848565	0.00579674113585646	0.00737477162588726	0.0159718308380351	0.00990833316574644	0.0434090196255453	0.00123026929262492	0.023334999188205	0.00132424488685569	0.00542451669754219	0.024405363312239
mix_85	0.00132873978789989	0.00699845687241147	0.00113000793169872	0.0210837012768976	0.00928242586124495	0.00165656401001092	0.00858644747068232	0.150251136080999	0.577670684948236	0.055427058913723	0.0257460064128932	0.00344146675013467	0.0118690331598933	0.0122627325243314	0.025592365081643	0.0085027247726359	0.0282712396520698	0.00114921887692833	0.0186650573424033	0.00343484126127466	0.00537473433093874	0.0222753566810507
mix_86	0.000799074297979766	0.0070781274385186	0.00031204943481717	0.0185608308701027	0.0241694273406218	0.000421848202168857	0.00833638956172158	0.177592837647676	0.549705227126258	0.0732450320160125	0.00815330706664541	0.00235788491773685	0.00317152885748095	0.00333912433063986	0.0124980200219657	0.0153614636352845	0.0375253507180488	0.0016695918250392	0.0223017481864074	0.000509769500890087	0.0057465534845736	0.0271448135194116
mix_87	0.000625934849088666	0.00621082115214021	0.000820781598834997	0.0247147278110251	0.0364093275542615	0.00139689260965256	0.00929199104760889	0.178154470965183	0.495871381140646	0.0967854582835868	0.017186317149051	0.000662018776213188	0.0036254549274963	0.00739408589976745	0.00730207428570807	0.00759516822780106	0.0434457027343759	0.00240092039096037	0.0260759840222515	0.00302840985309313	0.00501355893030037	0.0259885177909538
mix_88	0.000677313977035241	0.00714798460601378	0.000907644098347612	0.0199143214679769	0.0232768365550459	0.0012063894178659	0.00851103909855645	0.203090278047497	0.510509762965866	0.0758678949507561	0.017129475285876	0.00098064122708196	0.00605292398226287	0.0101489210821299	0.0110760874207653	0.00766140922557853	0.0369339842572859	0.00198675216990669	0.0245406497684402	0.00236382776425115	0.00542994695605213	0.0245859156754087
mix_89	0.00162574709357447	0.0219369705533054	0.0014380890594561	0.0247412588443475	0.00107681128894323	0.0025167018661695	0.00909980562233181	0.138328109731612	0.580460148891937	0.00903052157340746	0.0396571321327731	0.00443930532171124	0.0163270127386208	0.00160176907096372	0.0258514909998	0.0503780550773404	0.00890612163653615	0.00212572297909017	0.00659017534299148	0.00567704651293286	0.00720860157748051	0.0409834020846745
mix_90	0.00100842737772488	0.00494564643957855	0.000387433083690021	0.0242779382143336	0.0300332985569752	0.000529898437334695	0.0105576367203418	0.181025130649989	0.510930299984952	0.0974401999276169	0.00829246210167202	0.000605010470919711	0.00386110429241562	0.0102465284830528	0.00818959669955754	0.00399741252200311	0.0466139785219451	0.00159685078554643	0.0280416905797656	0.000750213651667684	0.00517456814068157	0.021494674358236
mix_91	0.000637854534094164	0.00414491108909295	0.00051781140294313	0.0205431206339087	0.0260607334902272	0.000856878530172149	0.0110776550190988	0.1661038353439	0.541477623883694	0.0895586454398511	0.0109040893033635	0.00221579854073224	0.0053887986194851	0.00574686591043292	0.0129651082772006	0.00331561635517454	0.0440301218514319	0.00176700188507182	0.0238602084587001	0.00129692206785945	0.00557188284164695	0.0219585165219184
