B_cells	Blood_CD34._cells	Dendritic_cells	Eosinophils	Fibroblasts	Keratinocytes	Lymphatic_endothelial_cells	Macrophages	Monocytes	NK_cells	Neutrophils	Plasma_cells_CD138.	Platelets	Reticulocytes	Subcutaneous_Adipose	T_cells_CD3.	T_cells_CD4.	T_cells_CD8.	T_cells_Gamma_Delta	T_cells_Regulatory	Vascular_Endothelial_Cells
Mix_1	0.140322846357152	0.0128724988106964	0.0115617493042985	0.0041306043854084	0.00141844505726228	0.00177089420667766	0.0016786256017304	0.00454370991265701	0.41255757645084	0.189204143590112	0.00587082483673674	0.0163606431896028	0.00943941589870485	0.0578469084684975	0.00187136200179459	0.023321737828766	0.04354364932754	0.0340111530971211	0.0180859879613343	0.00507701726662155	0.00451020644644684
Mix_2	0.351343076340081	0.0123299685294302	0.00427305992194885	0.00197401013199774	0.00309269986117637	0.00271412890918384	0.00413070517314431	0.00260672231840942	0.212289361587078	0.162903657718274	0.00404385803236455	0.0147042771164764	0.0102166460725885	0.0609015029829972	0.00289757680656765	0.0284950510805002	0.0793938524157632	0.015749893751334	0.0160722119724859	0.00593693026275432	0.00393080901544418
Mix_3	0.12129889416733	0.0234908814547062	0.00759468366063064	0.00223593312718267	0.00216154584141648	0.00104045682955552	0.00198495170293391	0.00160369219457548	0.213086180988047	0.270944259475382	0.00774956660200189	0.0123290842144259	0.0126102114157534	0.0685329176844117	0.00333070769635747	0.0296303125298629	0.0519226686327965	0.128751071297426	0.0298560937542233	0.00450493507313399	0.00534095165784813
Mix_4	0.212553940113822	0.0216699873109062	0.00392824531458491	0.00102931793030396	0.00268106343408383	0.0018614694185736	0.00175250941397823	0.00208535215186648	0.137114591897529	0.263041954490713	0.00742956811756323	0.0071901891524411	0.0140211561004592	0.0692879484728538	0.00337953564656713	0.0397668570916181	0.0818122123018011	0.0905648699683738	0.0273091919847292	0.00638682611206098	0.00513321357517164
Mix_5	0.497299378964588	0.0101741381208729	0.000863249568126749	0.000521663782050651	0.00123678023783588	0.00428110235248428	0.00548606622184589	0.000227662913738812	0.0491415944598436	0.22155473123022	0.0064613439666824	0.00715590781797284	0.0103804598600244	0.0565087037719964	0.00286064512371653	0.0157514705105784	0.037475431527006	0.0427901000667396	0.0228524059079506	0.003088743741681	0.00388841985404518
Mix_6	0.224442679300034	0.0109481744242632	0.011811080311142	0.00437984843987212	0.00125987198283405	0.0018507042278491	0.00354037140987784	0.00456778607881945	0.426580883882561	0.136843126900085	0.00354856713226448	0.016444994910082	0.00510616997980276	0.0496287924075325	0.00294830607564569	0.00859060847439867	0.0151354307390689	0.0529246089435408	0.0140665144923373	0.00157153359037744	0.00380994629761088
Mix_7	0.281143138882787	0.0213622004435314	0.00194888337051537	0.00116407974591939	0.00340299085092842	0.00297726838773846	0.0037832719735384	0.00153719203610446	0.0963475876661535	0.184607476467541	0.00484105264684637	0.00556672929574463	0.0146690093849549	0.0783551064988499	0.00142803718796778	0.0463284657780607	0.0993177730797997	0.119769031946879	0.0202208036715324	0.0084567935477598	0.00277310713684694
Mix_8	0.330907571135354	0.014258618689625	0.00727030962344002	0.00243841961808118	0.00307535607575182	0.00293991388587203	0.00320542971480657	0.00364634409063253	0.313379607309489	0.035804486037006	0.00127437165698003	0.0130790024412781	0.00773617827490878	0.0663387983389872	0.00179627649418347	0.0402463242242985	0.0855802968820536	0.0528190861978804	0.00611092629820514	0.00764734093950414	0.000445342071662604
Mix_9	0.322181238498737	0.0167404101845932	0.00587730713661795	0.00210650689353642	0.0024917764178828	0.00321603206070186	0.0033841189311321	0.00142830346472901	0.17957850739134	0.194141559490192	0.00554566608780432	0.00987307481978291	0.0109691078243707	0.0618237427235994	0.00290552081888144	0.0262439462650478	0.0652360027807824	0.0572581100829497	0.0206099237557572	0.00462041503393236	0.00376872933762907
Mix_10	0.353961901367878	0.012728697985919	0.00792413447838161	0.00246499826103025	0.00104063873073473	0.00262445011507439	0.00371103183625785	0.00230355136605639	0.26992756077389	0.127619337962216	0.00436612607482755	0.0135411644653328	0.00841821624981666	0.0555631914542357	0.00186619074247446	0.0130321262399587	0.0209619913035645	0.0794737185221166	0.0144610527901895	0.00172335336350924	0.00228656591653615
Mix_11	0.317126712062835	0.0144104142361595	0.00432830789233333	0.00130095267858632	0.00543414506172676	0.00253006071428909	0.00255640653817075	0.00171793565164403	0.14779247172074	0.178763791219707	0.0057575371822904	0.00850776670215457	0.0143135878704828	0.0727692290631296	0.00277140750434011	0.0451800236291089	0.117038441569053	0.0234617038454025	0.0204295425945742	0.0106654966040961	0.00314406565917635
Mix_12	0.0713993719879821	0.0195559699045538	0.0124232565232192	0.00433812975119926	0.0015096151373753	0.000518223764471561	0.00121846754170229	0.00457335302191401	0.377237475312795	0.215030886002563	0.00550356527139362	0.0138807105798951	0.0119419407825782	0.0627664210902488	0.00272479688265159	0.0273836599379447	0.0613227107929388	0.0755843367539099	0.0241976008115474	0.00349659838750793	0.00339290976160774
Mix_13	0.425798683896458	0.0146563777461584	0.0061346031228861	0.00124256186129298	0.00273628847469361	0.0035791339192524	0.0048460769034577	0.00224675136650019	0.132671970360927	0.139755497268031	0.00344491521283585	0.0155295315516312	0.00893782154497002	0.0610344518548299	0.00198604915445657	0.0234368479729764	0.0485130645425944	0.0819671955540378	0.0139084733000451	0.00454158071180973	0.00303212368015591
Mix_14	0.168378434672088	0.0288912798462898	0.000561890687713066	0.000842259742064627	0.0036696959579316	0.00161803108554585	0.0028662556212642	0.00111222188374266	0.0438281133158347	0.303720769280934	0.0090252817824851	0.00511956150275942	0.0151142007232017	0.0767690477986336	0.00378214627350412	0.0447713580722305	0.0970437765608706	0.145088167615049	0.0324855752939057	0.0088216820685723	0.00649025021537966
Mix_15	0.225457045420861	0.0177869199395402	0.00699531436759307	0.00151353449511246	0.00409458882661271	0.00139527953898718	0.00212351314271579	0.00257028278136379	0.171502420096872	0.155058908891618	0.00442563766923553	0.0095709375226462	0.01513819178925	0.0781075240749599	0.0019697213403194	0.0590059277581701	0.127563064479601	0.0829262938666248	0.0178620802114394	0.0118140698536069	0.00311874393287052
Mix_16	0.321192969303648	0.0146894606070298	0.00566446106036519	0.00274194702463566	0.002831091817113	0.00294014465621866	0.00333304193980682	0.00254672287354187	0.238449381836646	0.0924365996594855	0.00267070082581784	0.0114811070920947	0.00915712263433054	0.0648434382886863	0.00160910652453435	0.038424472116569	0.0812591532146331	0.0841652214167397	0.0104941382606593	0.00730331491688181	0.00176640393056267
Mix_17	0.263610648208589	0.0172513873482181	0.00615966782754524	0.00134273156209715	0.00382301245050982	0.00173365984362375	0.00263850315299969	0.00227204613290085	0.158061791413725	0.147861516441107	0.00369996234202581	0.00572800559773521	0.0112562597444568	0.0719385802821602	0.00313610077142117	0.0500630933457318	0.108571008996117	0.10987041620471	0.0171755236869222	0.01006500687526	0.00374107777214295
Mix_18	0.23605869336338	0.0124251054815181	0.00695488550463417	0.00206009433874025	0.00678892254700879	0.00123478498297031	0.00404814004651339	0.00174871935876553	0.230255387059486	0.0912837226313273	0.00128985504250437	0.016112942026875	0.00926456058581564	0.0775040547268857	0.000401944001691724	0.0653788797217945	0.168613749710415	0.0437789796083194	0.0106711581007927	0.0133541103645911	0.000771310795971566
Mix_19	0.11797964955352	0.0161021055213907	0.0108138393810732	0.00338306146764297	0.000770270275742002	0.0012557310427702	0.00127957389799977	0.00361857733472885	0.369666926402728	0.2046806707057	0.00579953578602974	0.0169972626019222	0.00731635527554317	0.0579996012906425	0.00206562883509522	0.0192432999990599	0.0315848010668261	0.103961909901937	0.0187679891501994	0.00333195716684481	0.00338125334260376
Mix_20	0.325379781645095	0.013420629169087	0.00695813516914188	0.00279723060669744	0.00175254204543059	0.0024225327250833	0.00342838641936786	0.00282512374206634	0.283342464159869	0.106865145431936	0.00310899027130065	0.0157904660229031	0.00740246963735834	0.056793806220171	0.00222086301162624	0.0269048559661448	0.055009695522416	0.0651982168759252	0.011209545699065	0.00470973659663126	0.00245938306268376
Mix_21	0.281715389577374	0.0130395726672034	0.00982834637046517	0.00352977820586623	0.00118521962219402	0.00220028437232648	0.00334867146818411	0.00373391634829256	0.365683412748589	0.0758667615217984	0.00179664062478722	0.0178960937820138	0.00804447270296391	0.0578232512900515	0.00182629488668563	0.0242764161453143	0.0477915125231307	0.0660747890555625	0.00830140353225681	0.00417217607127483	0.00186559648366566
Mix_22	0.119576561797047	0.0150543739832365	0.0109717454106289	0.00387979585308486	0.00103045662049439	0.000896248712859392	0.00275510859557496	0.00465594041606692	0.420355800889443	0.164919854166112	0.0041237473360614	0.0186945089975652	0.00988775610165337	0.0561371462132163	0.00223299034514667	0.0225363147973033	0.0376686137645059	0.0806581716456343	0.0183469305506844	0.00285218810254815	0.0027657457011329
Mix_23	0.457496304851341	0.0109754882707715	0.00612395019148843	0.00139378809253147	0.00255116332629849	0.0035726606470096	0.00483766153839393	0.00123605275816642	0.174710087723468	0.104667332132405	0.00284377192031306	0.0123668352469432	0.00891834050117478	0.059800683172549	0.00254047547557142	0.0299681314531615	0.075857516763285	0.0229941669224191	0.00865979633708417	0.00565880904244548	0.00282698363317893
Mix_24	0.0100103919620196	0.0263102932690268	0.00802401420150132	0.00532289887441673	0.00629643032773544	0.000296650637883663	0.000451480517515688	0.00425963603127879	0.354731250631037	0.0611863320896833	0.000807411725444569	0.0167300374266384	0.014239034779536	0.0876271411824292	0.000418782814290365	0.0744916259003705	0.165084805444685	0.136180724489343	0.00945528742377875	0.0158110750976315	0.00226469517375428
Mix_25	0.450886145183502	0.0182435975874077	0.00119997473851438	0.000630829025581999	0.00285311247810735	0.00368913526972933	0.00473959384130045	0.00102902649731493	0.0720288063205018	0.138918929504458	0.0039395946881829	0.00708500093901506	0.0100797692239259	0.0660730688160409	0.00223199240844451	0.0355903295656355	0.0694089068586208	0.0877318263120736	0.0150944571375628	0.00596799978761814	0.00257790381646168
Mix_26	0.354347289969659	0.0167863286436956	0.00355220100659702	0.00216339670044348	0.00226911153779473	0.00342624537537087	0.00569617536077916	0.00220942037015947	0.1412205672252	0.0936075392902747	0.00282345656961747	0.0155548473328076	0.0119528023489237	0.0720959554594149	0.000368881282406695	0.0451104838623168	0.101100957423963	0.102782942404289	0.0117995102670209	0.00861744989564579	0.0025144376736202
Mix_27	0.334502101477233	0.0167163022121551	0.0108050724400107	0.00358345446757417	0.00109119768327233	0.002663498417178	0.00330666581351072	0.00397905507653303	0.314150792787588	0.0155612251041363	0.000157987737600857	0.018217744303723	0.00661519008320751	0.0623891449521208	0.000988532811940339	0.0279054387576269	0.0429432779206783	0.125291603852797	0.00534567566601134	0.00332428593113569	0.000461752503966393
Mix_28	0.242630272612442	0.0105713333332998	0.00884781918986109	0.00316609565458455	0.00205013036568105	0.00190135209260065	0.00314969873036685	0.00349280941039437	0.335354333013745	0.138202672473213	0.00346447817935902	0.0160623581021287	0.00809539043864986	0.0580977820923406	0.00268414585580105	0.0240954557973862	0.0570571011026475	0.0567157283502694	0.0155598951391092	0.00601710670459971	0.00278404136151984
Mix_29	0.390632755719747	0.0195628370550812	0.00188059768583314	0.000942911532075519	0.0039893679330063	0.00314790123441483	0.00405636767798762	0.00124513471086363	0.131406607020238	0.0901885520295475	0.00182860476887393	0.00726695396952158	0.0100326951361103	0.0733824782483184	0.00171865697210872	0.0436389345929635	0.094121493894295	0.100725332365467	0.00948553405567427	0.00828543485690314	0.00246084854096929
Mix_30	0.276549403117966	0.0234589712956839	0.00196712505513947	0.000594649946389036	0.00163151428464292	0.00228733670948067	0.00193938819760307	0.00078524788792474	0.0506846351912658	0.285622582465774	0.00764821912779538	0.00445011707876849	0.0128132837146732	0.0667468157799534	0.00251398655557373	0.027712720415534	0.0566806526753088	0.136261734793405	0.0293794111509209	0.00435050435186183	0.00592170020433495
Mix_31	0.332809093622977	0.0130388131456227	0.00532492531847964	0.00142881054646124	0.00316372094089557	0.00414257033633679	0.00350705816910923	0.00235678487405737	0.211613953728616	0.124232833481975	0.00225838317373191	0.0147874147732203	0.00996479780302277	0.0611221290008999	0.00260431135261734	0.0363119616277201	0.0743410466467007	0.0731803453856166	0.0136450987656959	0.00735999587616401	0.00280595143008062
Mix_32	0.217742192022159	0.0162950622708056	0.0109619758153802	0.00249576752551907	0.00566490481247233	0.00174193729573009	0.00114900176563961	0.00380042827610864	0.298277990598301	0.052671508985108	0.000569532428027896	0.0142364941179685	0.00870232920672775	0.074431098670431	0.00036913122521512	0.0536231580124526	0.146094629127468	0.0656919977570159	0.00925179942562436	0.0149616185767974	0.00126744208504806
Mix_33	0.129994507562764	0.0175987289981174	0.00899084773646599	0.00302077381206738	0.00409990505277108	0.00102604712614038	0.00156156848611602	0.00359704888176189	0.305084094969845	0.136917651628806	0.00337593280275806	0.0125436972039735	0.0118265228049883	0.0710190377576962	0.00280098412989517	0.0484230540631837	0.10544009310577	0.103144102938291	0.0168603007551399	0.00949363153462928	0.00318146864881931
Mix_34	0.249846718705862	0.0107974398549871	0.00965647767011939	0.00407866161835202	0.00133495886229259	0.00272679559464323	0.00376351340011862	0.00356797438118089	0.387003621693863	0.129998341676043	0.00397268249696096	0.0167047633175857	0.00842365899568796	0.054711655292988	0.00205702681468222	0.0122431686947971	0.0242670227364752	0.0524292058726491	0.0164036621111532	0.00195539037300109	0.00405725983655767
Mix_35	0.278119311888344	0.0162176767509679	0.00340787907537409	0.00107822554731402	0.00351880426112952	0.00327573872575472	0.00326541874037188	0.00200175515992652	0.141574098259309	0.243043603214024	0.00673400976409974	0.00840210123092233	0.0123121184765847	0.0669243343553992	0.00302892638081978	0.0327317299061413	0.0831860732453497	0.0551970840842849	0.0243205914206571	0.00718760400105024	0.00447291551217589
Mix_36	0.318596991908769	0.0157270539341703	0.00508720381764463	0.00227740548950083	0.00214434551114612	0.00294045850730526	0.00333394608485052	0.00132015847858547	0.184700661328561	0.165090650599501	0.00493346159845871	0.0103503330682816	0.0106445381328353	0.0661098378053536	0.00245735143965662	0.0308941602225772	0.0649310575683004	0.0809991843745488	0.0182977919159444	0.00541696498990875	0.00374644322410092
Mix_37	0.148249986615857	0.0214590809405831	0.0076812193486056	0.00179967681995895	0.00136690241992207	0.000868251645549651	0.00321998451460144	0.00216386795792416	0.220887030097018	0.270400684760015	0.00724251792579612	0.0120162922150194	0.0137376300698737	0.0655425108219737	0.00269327122468558	0.0250072163146522	0.0433800663354674	0.112723904951444	0.0290828933340132	0.00431866335376437	0.00615834833327436
Mix_38	0.0820695505225099	0.018801555571648	0.00933072198552653	0.00332374306990548	0.00342620216062285	0.000797392241213348	0.00177332734159275	0.00363674951833448	0.354764332771534	0.203263051188965	0.00587322060893424	0.0160303138955533	0.0116792192509024	0.0618306001774819	0.00268332822321792	0.0372487732888258	0.0844942860194257	0.0674870119914385	0.0205444273382878	0.00658548273432509	0.00435671009975563
Mix_39	0.351287042618522	0.00842134901128784	0.0100052206438267	0.00402218536020833	0.000750446399355921	0.00290202570482137	0.00409966753208802	0.0040332033252952	0.39137955510062	0.0290282340067374	0.000932191810042294	0.0170423689844362	0.00619379393174712	0.0576973991706017	0.000862312103466019	0.0199129278160624	0.0476552981427879	0.0343274584680629	0.00379138995855481	0.00545872518936577	0.00019720472210937
Mix_40	0.297848242198011	0.0176876023329514	0.0032334366113773	0.00145951108914071	0.00153760912796923	0.00209055928628598	0.00380907775493552	0.00108407509085144	0.135259071887944	0.252813436686678	0.00717484584766094	0.00639623323612216	0.0124962350597045	0.0588954683341753	0.00266026962646244	0.0207105167360272	0.0361447212674917	0.104287175625017	0.0260023788728001	0.00356685006553848	0.00484268326285594
Mix_41	0.217016059642451	0.0188587883983401	0.00783896680815999	0.00125760934591582	0.00116760896532146	0.00197305043361774	0.00512924742420482	0.00237518606871117	0.197384458038311	0.271221323596036	0.0107110197535742	0.0133215421306644	0.011243403410318	0.0580730032064961	0.00475777046442643	0.0167933972093512	0.0579046652836846	0.0602951793188999	0.0295527302414021	0.00544818375737682	0.00767680650273819
Mix_42	0.358348380386578	0.0153626075485332	0.00506256601752137	0.00180616276806183	0.00376203007931458	0.00321915858569722	0.00444926812633583	0.00117530654072875	0.151759687963923	0.0594302456311084	0.000866905864825285	0.0123249316734717	0.0130532446775056	0.0780909393319727	0.0024571946930501	0.052058703466095	0.105073008605947	0.115073786423914	0.00780055558539025	0.00705825101185492	0.00176706501817155
Mix_43	0.321163542982193	0.0113922123106082	0.00739502588893426	0.00275655790161492	0.00108584098341192	0.00272126451573533	0.00392904097904222	0.00278318105310879	0.270235970795568	0.159930081130104	0.00415973470804194	0.0148735758513838	0.00813114102830208	0.0543410094696256	0.00206742792934586	0.0145283374948328	0.0245487861042252	0.07080307828977	0.0161297401057647	0.00326943215346813	0.00375501832491871
Mix_44	0.130639230063835	0.0166043622457353	0.00708799008856343	0.00311594616395758	0.00242481067083243	0.00144233765972622	0.00245698446868265	0.00341080160205074	0.32949049708567	0.245501562748131	0.006928798143262	0.0148609158899696	0.0109343388953965	0.0610241886662251	0.00276481779874637	0.0207482206023077	0.0612432083881215	0.0447446657823139	0.0242564793291907	0.00518748835583377	0.00513235535144797
Mix_45	0.181329143619399	0.0187792483295497	0.010554152619696	0.00317569908939627	0.00123183811779013	0.0024468536073092	0.00330453155872572	0.00306621038128609	0.278562583948673	0.144771501420147	0.00434050168363515	0.0153978201673509	0.00967416631457591	0.0646451809276596	0.00112007720658925	0.0300904167025031	0.0580969224231333	0.145573282807239	0.0160753193847543	0.00500071204275767	0.00276383764782981
Mix_46	0.349304606672699	0.0183169152264069	0.0104682612163081	0.00130174635322575	0.00180430500199948	0.00341281294268214	0.00299731361484116	0.00260472394916502	0.231670808976471	0.0262369682847763	0.0003968262843659	0.0137045814873288	0.00829480200817718	0.0696603564676472	0.00155765282235949	0.0415828801496357	0.063792014482771	0.137625888899922	0.00654364776247518	0.00818885762742204	0.000534029769320486
Mix_47	0.219717431842002	0.013267342552729	0.0115085239228174	0.00335100691633744	0.000694810723111211	0.0029542332142716	0.00366064983950596	0.00330217552879227	0.348694531829246	0.153019186905793	0.00347099778547458	0.0169154118839569	0.0103505618872745	0.0589738740530549	0.00223308075418616	0.0178307272097354	0.0357151839879654	0.0697000423943919	0.0192410120833479	0.00212138805456326	0.00327782663144283
Mix_48	0.32604466383684	0.0181147208383354	0.00320806603537841	0.00207462411343461	0.00263976601296735	0.00247594086589085	0.00407669143937971	0.00253227558979254	0.169212268306547	0.168842868115003	0.0043143905974737	0.0125682121977868	0.0115699112299163	0.0648994313765023	0.00263684776653923	0.0339374658938758	0.0804014490036727	0.0606741701715057	0.0181799082045031	0.00723069567610487	0.00436563272854992
Mix_49	0.184984657211957	0.0222474841657583	0.00254171147504217	0.000418928705415003	0.00406115680366629	0.00235711916295399	0.00161296502236949	0.00134929544095008	0.0725877865761325	0.350707183822287	0.00980319047593143	0.00326994882073595	0.0171221710948651	0.0672737644667009	0.00406011598836526	0.0394483380090658	0.0869490652972236	0.0790985248514351	0.0357978290091595	0.0074378693854761	0.00687089421450922
Mix_50	0.158115076578474	0.0231439116197024	0.00882340443588572	0.00354708500817659	0.0044783135261846	0.00149644551475671	0.00274674392287625	0.00373794895551119	0.281628521688542	0.0631269717601302	0.00252450776257516	0.016964227202486	0.0105387341147126	0.0764930587766891	0.00211253772644094	0.0519232574766315	0.107573359962879	0.161882536042794	0.0095321214043626	0.00840505328727561	0.00120618323291398
Mix_51	0.315345430586827	0.0156287204580358	0.00557560385416145	0.00210449093482976	0.0032993797246447	0.00254037859757351	0.0041353805360284	0.00295987051828489	0.219318495892266	0.124170136159066	0.00351711613180619	0.0123158331534266	0.0101172071375411	0.0690139489580667	0.002338158348324	0.0390474416167107	0.0891640635959082	0.055794403470961	0.0134615717244503	0.00775285910042733	0.00239950950065999
Mix_52	0.0873029290060033	0.027300203522703	0.0051254593789542	0.00136583734908917	0.00243733033095044	0.000866610235998924	0.00131891723080206	0.00180361723755932	0.218367513182541	0.228805500753167	0.00787073980263807	0.0117140980237309	0.0148196580218065	0.0657278957827777	0.00248952929614883	0.04082799592783	0.0779437381770062	0.16370354950654	0.0280924553926597	0.00577347660480557	0.00634294523628905
Mix_53	0.263193895865325	0.0135412933950876	0.00984376318560396	0.00247538384724785	0.00156473282992696	0.0021331110415935	0.00292288731099989	0.00370365758206992	0.34634364499588	0.0871164568237074	0.00241106397230246	0.0159914623281103	0.00826076482661592	0.0609920074731646	0.00181084632385455	0.0277848773311623	0.0497545719048195	0.0829244552838305	0.0106842483950756	0.00438131644010251	0.00216555884351919
Mix_54	0.109455651790906	0.0150449993432447	0.00879550725591509	0.00311445318495683	0.00169010322167107	0.00102860300857428	0.00239355377151885	0.00439094659311774	0.342784288259439	0.310883623284755	0.00775389723423855	0.0183610926212319	0.0110004544580485	0.053275086375523	0.00337238777924281	0.0118946220732271	0.02183918054128	0.0386770354837042	0.0267771073811413	0.00117548349247752	0.00629192284578636
Mix_55	0.0878828289397617	0.0199768429966111	0.00501884653961914	0.0011095789759968	0.00238663229829271	0.000260214807758707	0.00307251427289637	0.000266135437589639	0.18421548231216	0.342193420643663	0.00859854276665647	0.0100126054882617	0.0139970658890614	0.0678589908019383	0.00284999268901153	0.0235486310324381	0.0595474249842557	0.12089370702209	0.0350335824659892	0.00565668140269814	0.00562027823325016
Mix_56	0.148431092542362	0.0226903561004188	0.00832671891915331	0.00255830986607134	0.00240392769363799	0.00262391587025963	0.0029596683081563	0.00164158982465584	0.326335823840681	0.0936492890453048	0.00249183525816752	0.0160954781031469	0.0100356051823285	0.0725437290771618	0.00130701073799279	0.0406159290512337	0.0745720485942181	0.145769618420428	0.0148016092229238	0.00610348928126363	0.00404295506043433
Mix_57	0.0180323278118878	0.0218841509715283	0.00698910584951828	0.00162620272955076	0.00416351599960673	0.000266012726268233	0.00133507841521447	0.00245999691726447	0.24072148722586	0.40432631063797	0.0108057645656209	0.0122226609991476	0.0145894662218462	0.0656821734197882	0.00382695711016691	0.030580579099511	0.0796657500352851	0.030689223964222	0.035128053573847	0.00728895549091567	0.00771622623497979
Mix_58	0.201891079010216	0.021934636847334	0.00547807189089416	0.0017031916882302	0.00496626033674282	0.00155473241291384	0.00334681686676036	0.00159010701431451	0.196715548262558	0.14387126601185	0.0021450099876262	0.0169103446761042	0.0107126042234993	0.0686384336797699	0.00219482155842809	0.0581542901780035	0.135456230216778	0.0903754708845954	0.0173067004528321	0.0128218669441418	0.00223251685640772
Mix_59	0.140562503161035	0.0216495076732025	0.00430939508321096	0.00173241414978085	0.00204926399133844	0.000739652286914891	0.00226496816065829	0.00228768969103102	0.167049269844483	0.363755180536462	0.0101580408866196	0.00812291705470037	0.0137356446847881	0.0600805661839784	0.00350994748473973	0.0189392095182362	0.0366798461439852	0.092299137601168	0.0373617154984151	0.00512259722496625	0.00759053314028648
Mix_60	0.518375621243476	0.0183599975827778	0.00105651928373826	0.000424729903228252	0.00279315935158321	0.00398640916365629	0.00368865111009729	0.000241206088728385	0.0341204380109745	0.0595133639458345	0.00253571601348833	0.00933643106673167	0.0103726281487093	0.0702232541748769	0.00165660939368845	0.033593913228485	0.0542528781966461	0.160801683697584	0.00963416080589831	0.003841296840853	0.0011913327489437
Mix_61	0.372488310080807	0.0141519079190365	0.00448586619045855	0.00162081337021946	0.00105353191993608	0.00303546431129027	0.00461975409167729	0.00286347696597461	0.228780396424052	0.171882900597704	0.00442350672014206	0.0102156698676742	0.0101893969962921	0.0521042731570354	0.00195610315736967	0.0132041765933213	0.0255796376629342	0.0581661104100165	0.0154706710443679	0.00158349586588293	0.00212453665380786
Mix_62	0.477102944056544	0.0136204057955702	0.00160549008637444	0.000488585736089135	0.0015055433713677	0.00387078356463879	0.00496649284125022	0.00126650042549407	0.0280354319457499	0.247019486876268	0.0076556109399188	0.00746346690033649	0.0109916924963681	0.0579811457018311	0.00317747556451615	0.0160314731090685	0.0285113756373126	0.0552238675805534	0.0246156577240976	0.00349786604673943	0.00536870359991144
Mix_63	0.079594651546925	0.0181038720777203	0.00956893713624066	0.00384679561123805	0.00150764231117842	0.000459481940809834	0.00142137757234239	0.0033814136454673	0.348691644858681	0.297444055085864	0.00750497495291167	0.0152485829626214	0.0113391744016448	0.0566781739880184	0.00232311327984859	0.0169147658275415	0.0363803310417122	0.0514973598441122	0.0296651993052017	0.00242279709346437	0.0060056555164562
Mix_64	0.236512116430312	0.0145934419615781	0.0107935131581607	0.00387395097303837	0.00128124339154886	0.00239941922267975	0.00334707269549286	0.00388719377811738	0.391794051236886	0.11449133552939	0.0037732910117934	0.0188968854700429	0.00776999407933502	0.0552128701178465	0.00169165470347894	0.0142886367580035	0.0266170234826095	0.0737302546481061	0.0107831705912416	0.00182696279091932	0.00243591796941918
Mix_65	0.26929934902838	0.0150868336694773	0.00875244061790088	0.00326062477851589	0.00187378340067474	0.00237828459330588	0.00412641829153706	0.00345421205049377	0.336211306301486	0.100650403321008	0.00279905620712357	0.0157596862169578	0.00846228114377998	0.0586400550849216	0.00171195632617654	0.0225843808493216	0.0451978112424449	0.0823922264579594	0.0105351571231519	0.00424022473676083	0.00258350855862305
Mix_66	0.369602468297664	0.0187798263730162	0.00329139370472011	0.00107330344663919	0.00289520969980042	0.00316015606423642	0.00333654977353829	0.00108736752557588	0.0783066855051116	0.192408061056142	0.00542612680263247	0.00978289008534936	0.0123207355313729	0.0677364339922406	0.00286718949489626	0.0364110763624395	0.0830361504611571	0.0763529151171828	0.0202677826492704	0.0076668926747204	0.00419078538229488
Mix_67	0.422403241134239	0.00641637795670336	0.00689792850661656	0.00291127184037974	0.00148137941781188	0.00340188328192106	0.00490576213182499	0.00256650964851832	0.290794643410598	0.108869797878052	0.00377819488585931	0.0168601478434241	0.00613395113187428	0.0518697307861474	0.00253462564320634	0.00842167698985146	0.0283141547216662	0.0133580284932959	0.0122346237660002	0.00347969443204353	0.00236637609996725
Mix_68	0.222600446104361	0.0216221857419745	0.00826188859706538	0.00234347256253887	0.00323477280718839	0.00151066266708126	0.00229911780264887	0.00361112889071897	0.295286896018221	0.0555619766776733	0.00304455562331985	0.0134984403853202	0.0104843841334679	0.0691803051521421	0.00177612989431551	0.047176172270206	0.0803915786500761	0.140928621603005	0.00898925639658603	0.00692072339631322	0.00127728462577698
Mix_69	0.433969148162777	0.0153784226962859	0.00644391858434883	0.00173490643499196	0.00154616688212055	0.00352884106992664	0.00481020872180449	0.000972829333977461	0.145614544793497	0.149690669019466	0.00377325895607406	0.00833217028605399	0.00900505283964625	0.0573617141875268	0.00316223626398114	0.0176673466618583	0.0395901930508957	0.0742060985805114	0.0183548154529464	0.00277028882564443	0.00208716919566581
Mix_70	0.212578362853893	0.0179919692121811	0.00786167545617321	0.00316046162820401	0.00344673221902786	0.00248830281236418	0.00281766378976793	0.0028706263900477	0.244673033391676	0.086634305146599	0.00235761528834028	0.01644651655202	0.00972319269704963	0.0819319158473903	0.00126487871835954	0.0521579482744736	0.10213168092729	0.126724324142562	0.01186933624042	0.0086666107501694	0.00220284766199153
Mix_71	0.238747561121395	0.0199737131576191	0.00630914110077865	0.00175156806225745	0.00132928889337549	0.00165358272417113	0.00220821629034791	0.00231298283939348	0.170519200662967	0.242983843035328	0.00751526939672265	0.00900035436076469	0.0121059383381821	0.0611421084938141	0.00319260562620909	0.0219062285713391	0.0407226788111552	0.122741298086783	0.0251974597687492	0.00351080505955179	0.00517615559909509
Mix_72	0.156083372873763	0.0164596012592213	0.0116131728529031	0.00410866713521586	0.00375622648572348	0.00144915351901475	0.00183874697933514	0.0046861841788246	0.423962072067035	0.0333743272137082	0.00127500904823922	0.0181228883997989	0.00892431284650366	0.0697260362163945	0.00136538231790987	0.0486936420958647	0.1143216449495	0.0624053341422486	0.00748519542128847	0.00936713005395286	0.00098189994355458
Mix_73	0.0839047944104506	0.0249986179154857	0.00719624484101725	0.00177717413211191	0.00315808949339042	0.000853956860883866	0.000861152799713242	0.00205211432250985	0.15131159249889	0.3508880996536	0.00955585890142944	0.00817584673687449	0.0153401603799448	0.0732690196112047	0.00364602694817975	0.0328113908964773	0.072564062972802	0.110517089005797	0.0355112087733535	0.00459786277400905	0.00700963607187547
Mix_74	0.348762986350456	0.00971780791930637	0.0061046788602562	0.00218421100539219	0.00114688591035547	0.00316864018264716	0.0034964244741411	0.00199320014730841	0.241127723919691	0.185473303840589	0.00567673048217484	0.0126927062210648	0.00915480431521696	0.0554681212138596	0.00299720606465244	0.00931363500186328	0.0218764675873885	0.0542578845797464	0.0191247649275896	0.00162973498035988	0.0046320820159405
Mix_75	0.248747492573615	0.017142210431051	0.0031563569018107	0.00126888281368274	0.00234785510259637	0.00302491271165313	0.00354854186686162	0.0012028695804331	0.117259713506743	0.318512175153248	0.00768641954633657	0.00542341653715837	0.0146255792100149	0.0637541544813676	0.00394403532241601	0.0228507021877072	0.0747870839108915	0.0472224017900252	0.0310417852307962	0.00609786442804237	0.00635554671354911
Mix_76	0.246617247068615	0.0196064592750343	0.00427150166621821	0.000576871137513435	0.00203124438221638	0.00221712757208907	0.00300084916804522	0.00126370491367615	0.0909103610847905	0.316075178600852	0.00926220816697003	0.00328743917565113	0.0150744767717178	0.0642195237177983	0.00312992728046771	0.0305799892371894	0.059311865596418	0.084072330692775	0.0329483190602391	0.00505753931952159	0.00648583611220148
Mix_77	0.19152893216986	0.013225685438997	0.00998154095701373	0.00358580866988261	0.00272685316736904	0.0016904131148158	0.00201349425365375	0.00379567975353464	0.360948012273246	0.179336883277817	0.00557146512690544	0.0166074359571152	0.00948865614038206	0.0593831741253598	0.00264570857822098	0.0207080260653614	0.0531353921908233	0.0368169619260795	0.0179846561274617	0.00487102280781965	0.0039541978782816
Mix_78	0.131184719175639	0.0273356412744808	0.00149034808171284	0.00114076652789184	0.00433932058650346	0.00170600293078359	0.00224163650102786	0.00102958057276487	0.0636955230108752	0.289050437683251	0.00849696493501374	0.0055152138047865	0.0175372672253902	0.0828135561146496	0.00240837071390807	0.0560635843356747	0.120513328663685	0.137096674192259	0.0311475301490915	0.00967510018911529	0.00551843333149571
Mix_79	0.0961004885965087	0.0159118335653726	0.00605071339210679	0.00304859886737356	0.00190551718667139	0.00101916031622081	0.00155108726642708	0.00266965300579562	0.281863159371647	0.369198141831409	0.0101711787607455	0.0130369662236376	0.012653116778075	0.0548718730593521	0.00331055602914937	0.0112164750784295	0.0280902815791447	0.0434714630722214	0.0333808562272401	0.00298299730107255	0.0074958824913993
Mix_80	0.274290014332967	0.0131376838545878	0.00803682937373553	0.00221985367918943	0.00412076884182419	0.00319249437300724	0.00287205856192897	0.00193005757240702	0.237611961269385	0.143556419286388	0.00413167578305108	0.0133006693526457	0.0137854530593224	0.0691187136744594	0.000821253040227623	0.0469887485098928	0.10422925297639	0.0301239847043647	0.0148360435015683	0.00812369956208149	0.00357236469057593
Mix_81	0.230142953990139	0.0163439578897948	0.00775848388897065	0.00266575492287112	0.00141093443705652	0.00256410968850206	0.00301179208855163	0.00277207309002632	0.265593298654734	0.207794604817798	0.00590733611865998	0.014242517681368	0.00971259773325388	0.0557650975113552	0.00258714444822623	0.019674008609994	0.0348915918842167	0.0881810080774519	0.0213121011544042	0.00343180707556963	0.00423682623705703
Mix_82	0.358185240602579	0.0202414950697884	0.0005082752378747	0.000365064771043576	0.00233314441371301	0.00358430700728341	0.00450751433787728	0.000269823490174379	0.00235756138347637	0.248269467926555	0.00661786901275402	0.00420830313759543	0.0133554184856893	0.0674738125632754	0.00359512248436746	0.033503300560054	0.0695960756458845	0.122379201054165	0.0279103302854251	0.00646778116219897	0.00427089136822649
Mix_83	0.343243287595086	0.0138448560589357	0.00600936170304522	0.00207898414233547	0.00219359584930375	0.00268426796899615	0.00408525901187656	0.00244881412641375	0.229966900388444	0.163282142276425	0.00497767664260958	0.0126585601261037	0.00857587379443074	0.0566827421764542	0.00276614651777988	0.0166302264816187	0.0388361891821661	0.0638299361273063	0.0172781326848692	0.00373023684350421	0.00419681030229569
Mix_84	0.241193363866815	0.0165836832977783	0.00977660538846026	0.00262715082054571	0.00291496037509926	0.00213013445877843	0.00324190844384578	0.00325410724438829	0.303692068327866	0.0953783332552871	0.00240022884002797	0.0163639085210965	0.00819022094710897	0.0639683523577252	0.00092879217910406	0.0335878200198792	0.0737188219630506	0.101333551040097	0.00981970721095375	0.00652022929959201	0.00237605214250004
Mix_85	0.287602412996692	0.0235813947880639	0.00154524818646498	0.00167391324861771	0.00397245633435921	0.00188942303085946	0.00328928395592911	0.0008203119644408	0.0810795360558603	0.268654231074776	0.00757748740585545	0.0081649158510511	0.0134879695362275	0.0649505842952358	0.00266730555475381	0.0342548924051924	0.0851420656831651	0.0692893001991238	0.0277910419845231	0.0065084340136475	0.00605779143516068
Mix_86	0.156672289039157	0.0191086910723312	0.00902096573859743	0.00322821625680196	0.00130591884313088	0.00108259279640912	0.00295204456271644	0.00303571021057615	0.287713222298608	0.241005386313645	0.00663580408068	0.0153691211821845	0.0113477727958346	0.0586853077817238	0.00298023729015877	0.0164874537526054	0.0364534164050981	0.0955751903168083	0.0232169423063532	0.00319612536288471	0.00492759159369593
Mix_87	0.487850446680186	0.00726674353262745	0.00580785434677375	0.00182921552204039	0.000369582319949619	0.00388496295253971	0.00558146134642729	0.00286061481461725	0.228210154570878	0.129169481284039	0.00194583722933351	0.0185167536769333	0.00743748206745819	0.0494378173704362	0.00271976834198635	0.0055711435006624	0.00969745054398218	0.0206233421679873	0.00791935795109464	0.000461007973924406	0.00283952180612328
Mix_88	0.392051573571023	0.0152072036073141	0.00629333425754434	0.0025299748819843	0.0035464633380619	0.0032665619711973	0.00435818689537789	0.00148629129443101	0.20027112027405	0.0185776943006158	0.000336316839955912	0.0170374289837088	0.00968082679390017	0.0734211872181899	0.00148265985579556	0.0441396972273742	0.0899659389222811	0.10195169477684	0.00537492810198173	0.00856831782541731	0.000452599062955831
Mix_89	0.0404958776050632	0.0176596008279975	0.0112923633720527	0.00332665341662971	0.00278722448730052	0.000536489315768346	0.00129320280192237	0.00471326822489971	0.403263000772244	0.238775824378319	0.00631200196563983	0.0161497167826019	0.00896917144334489	0.059207559213803	0.00164172563576306	0.0312677349263368	0.0547542567690866	0.0603821850389707	0.02623322004419	0.00562442933665899	0.00531449364140736
Mix_90	0.257502327313159	0.0203086114076419	0.00156307763972431	0.00062837074994915	0.00380977966423496	0.00164809289199889	0.0016592689752073	0.000829776925445886	0.063680152170186	0.38887616251207	0.010922440539507	0.00580460553162501	0.0148364143614967	0.0625240839744014	0.00390165816334804	0.019028682366682	0.0588144246769148	0.03317744153024	0.0381838821452354	0.0041147168899616	0.00818602957097078
Mix_91	0.562225468646282	0.00900345441698973	0.00229209946126977	0.00129948083860673	0.0024315054928349	0.00460641824328957	0.00589635166709359	0.000717580270636548	0.0867561440776637	0.137701213198196	0.00347500037738999	0.012412250730414	0.0090073505548131	0.0569501470316048	0.00236858043137633	0.0207150419005512	0.046145124183903	0.0141064407087502	0.0144584240803586	0.00498529723164803	0.00244662645632843
Mix_92	0.273739415618585	0.0149466627231849	0.00723089260500422	0.00263399123669302	0.00214733357752882	0.00199149973696928	0.00383527135695754	0.00221699071027044	0.219812094721348	0.260052086272533	0.00721704135199591	0.00784565324775738	0.00959275114529736	0.0597704375995136	0.00330880813919505	0.017209312665107	0.0509774444207063	0.0207277103114432	0.0243416252476981	0.00569843233183244	0.00470454498037984
Mix_93	0.175506174277535	0.0125927280647402	0.0129430127704263	0.00448684436462137	0.00615484296466622	0.00255593362207189	0.00248227934570799	0.00308707196653898	0.421604447760407	0.00154699906226308	0.00018378820125636	0.0191359060195352	0.0077363728481903	0.069182678854664	0.00230250451552279	0.0530599227444059	0.125081517371062	0.0671395316169704	0.00317871366105873	0.00979139662732627	0.000247333341030056
Mix_94	0.426533348131869	0.0135893078058862	0.00377687406293107	0.00151833608713517	0.00197173551061708	0.00368643170773263	0.00444296405607282	0.00220114100484065	0.18178612857877	0.0531562821152312	0.00118952953203103	0.0144562027443823	0.0100822371909015	0.0668246853345014	0.000872311706321183	0.0370647306244822	0.0875990024848388	0.0743732699693113	0.00599347623585209	0.00728119335906305	0.00160081175722901
Mix_95	0.243632221750958	0.0155514898897347	0.00515691640712451	0.00292349661478023	0.00386054954740016	0.00223752219160119	0.00140014149762265	0.00251301895018234	0.173509177652975	0.239352624695604	0.00715456654720015	0.00810711081573452	0.0123308252808756	0.0686859850400039	0.00346871507322814	0.0400931502176557	0.103380166276023	0.0288182069325853	0.0230989232682414	0.00933260290047438	0.00539258844999488
Mix_96	0.136793980667517	0.0216749785595219	0.00754943748561216	0.00134271040262758	0.00447967173598767	0.0019764004338164	0.00189951166037348	0.00301453547918385	0.246533448783684	0.16098642053647	0.00478747814736044	0.0140236478094918	0.0125256839926031	0.0756302186585233	0.00141922641558306	0.0531580810595204	0.12514132647569	0.0925678460432976	0.0193187805138795	0.0116913860728546	0.0034852290664029
