B_cells	Blood_CD34._cells	Dendritic_cells	Eosinophils	Fibroblasts	Keratinocytes	Lymphatic_endothelial_cells	Macrophages	Monocytes	NK_cells	Neutrophils	Plasma_cells_CD138.	Platelets	Reticulocytes	Subcutaneous_Adipose	T_cells_CD3.	T_cells_CD4.	T_cells_CD8.	T_cells_Gamma_Delta	T_cells_Regulatory	Vascular_Endothelial_Cells
Mix_1	0.0519978947032227	0.016074463769613	0.0321910656079815	0.0248453463301344	0.0105701415681068	0.0123949205643708	0.013397056982312	0.024011228471303	0.290013144346121	0.105932966528609	0.0303691199720291	0.0309721695483181	0.0130502280227438	0.0215379467900277	0.0158002631783793	0.109126898506909	0.0520701171919307	0.0761224045911001	0.0275050285232454	0.0281646759822246	0.0138529188213174
Mix_2	0.103775674683635	0.0174451735372622	0.0275382328663917	0.0231754477972696	0.0109383374906168	0.0131512902051395	0.0140699885742717	0.017651652003497	0.171877183067112	0.0979446825454491	0.0241912583323127	0.040488051453575	0.0143036760633102	0.0246602670155563	0.0157299989210385	0.152118421767001	0.0820915264158435	0.0665083011151178	0.0307588154778373	0.0350873978247895	0.0164946228429742
Mix_3	0.0458085889949991	0.017233580216228	0.0197943165498363	0.0185208541346393	0.0113389970857953	0.0125890854816893	0.0126236849181174	0.0147876836713729	0.147551815974045	0.146535060215012	0.021916888920065	0.0302407354414932	0.0131558433307768	0.0238752608125245	0.0143400928824443	0.169136131813237	0.0663558213137394	0.135231540693277	0.0321187178461459	0.0326986117915553	0.014146687913007
Mix_4	0.0632774824173451	0.0164421164442448	0.0181461403584007	0.0173910894038647	0.0114405554894277	0.0124252830815221	0.0121844748108345	0.0123990806023381	0.104553212292867	0.137866447242135	0.0187238005301034	0.0300846722090353	0.0128398776897026	0.0235187309766496	0.0142258862613295	0.189273224799781	0.0881670423601096	0.132126947917231	0.0333800531640185	0.036907321403058	0.0146265605460014
Mix_5	0.16560918973076	0.0172436817599306	0.0196373925461365	0.0194253705582383	0.011408073042176	0.0133614929310002	0.0140854037522295	0.00995174143636676	0.0774672036731061	0.157670879719327	0.0163068767783244	0.0479966665361123	0.0148207607044216	0.027887154922766	0.0145421959581469	0.117466101959263	0.0618304919166787	0.102197563332434	0.0385918083090692	0.0347311593535689	0.0177687910799451
Mix_6	0.0779028915608676	0.0164002232250768	0.036726844786706	0.0277922573390014	0.0102088963391256	0.0110305751052989	0.0139457360934133	0.0277289651011971	0.332813038887416	0.0855660526487593	0.0331574504849962	0.032967542123199	0.013153255015857	0.0219677157517379	0.018134904580174	0.0668629811820619	0.032908099528	0.0800631426330039	0.0249029009513639	0.0206145629215366	0.0151519637412079
Mix_7	0.0751859275158029	0.0149026902416681	0.0136269201389447	0.0146496379936972	0.0100365492638363	0.012561928593177	0.0115596845668371	0.00856944541829821	0.0708484748578054	0.100240449822211	0.0154561893363342	0.0325308272665574	0.0125139581330814	0.0235118053520289	0.0130121512332814	0.233736211410624	0.0996422402835243	0.151204291659354	0.031407204815658	0.039791398757449	0.0150120133398298
Mix_8	0.091242370438209	0.0149810191108722	0.0295028460396298	0.0217269423120568	0.00992398711068166	0.0115385384355896	0.0133298774645984	0.0198416993744069	0.202347191109432	0.028972787823032	0.0237955508900854	0.0350094536468547	0.0125456605482656	0.022318371719466	0.0150726596104329	0.191260520582954	0.0896262325061244	0.0937841469803084	0.0239130488634287	0.0341290866115158	0.015138008822055
Mix_9	0.0932095873320113	0.0174038168667899	0.0248116562063629	0.020576986290658	0.0109328718309146	0.0130980731824076	0.0134821033302261	0.0158643342018034	0.147014391719437	0.110798399325104	0.0217442187341038	0.03601981536117	0.013636318605909	0.0243754221462318	0.0158093632339601	0.155567483452595	0.0766980030297234	0.10768453295426	0.0310404437641251	0.0346593616933147	0.0155728167388915
Mix_10	0.110129674302198	0.017743517076321	0.0320854707880597	0.0244735041897646	0.0106376149431158	0.0116748821640853	0.0144723274594324	0.0224824189652419	0.230710848471441	0.0904138215281583	0.0269354477564853	0.0379252989146973	0.0142093415385129	0.0247013970826255	0.0176637413577632	0.100380741670618	0.0439243364057382	0.100430168120192	0.026818204434301	0.025878334369246	0.016308908462002
Mix_11	0.0885524029524652	0.0170569884845891	0.0182831501367488	0.0185934934041493	0.0110787447588052	0.0131308838955845	0.0135550959048316	0.012743040375186	0.11126492134879	0.0985301390058404	0.0190208102512858	0.036512434456586	0.0138678760471864	0.0230089439895519	0.0132387675386158	0.205393567936067	0.109725098661724	0.087291179153395	0.0317873420352153	0.042051762307703	0.0153133573556797
Mix_12	0.0332902299677002	0.0166459218749986	0.0277588091701177	0.0221599253499097	0.0108052614567434	0.0120756934984562	0.0125173355101068	0.019302558782584	0.243931327115703	0.11768592613382	0.0277000055212162	0.0229348758508968	0.0138072372268794	0.0198033958501381	0.0156221192782832	0.136285404144267	0.067910499363559	0.108430221905329	0.0289011741260386	0.0299686144871256	0.0124634633861265
Mix_13	0.12616311038536	0.0167705712911151	0.023706429688202	0.0190610889485514	0.0107480141251326	0.0126614187540098	0.0138924487376858	0.0140892982895327	0.123983741076396	0.0938163100431352	0.020003509162882	0.0425794033493286	0.0133463894682053	0.0251966871983429	0.0157633498179312	0.158547534153914	0.0709147658882627	0.119619429605627	0.0296840863678841	0.0329128483791446	0.0165395652693553
Mix_14	0.0508421038985313	0.0146414351952223	0.00793166570227803	0.0127732879827032	0.0101173302600753	0.0123967331608269	0.0109082445966828	0.00708724336033476	0.0382845168864455	0.157657809365179	0.0119567750851838	0.0258854220249241	0.012209111092216	0.0232207829214326	0.0108905626752394	0.225961211869807	0.101562467718742	0.174126384039788	0.0365939340179961	0.0409241165833044	0.0140288615630878
Mix_15	0.0602043362460027	0.0148709573824108	0.0175424988932754	0.0176908163809714	0.0103354598027581	0.0117272365895056	0.011743278524863	0.0134495732817856	0.116359964871709	0.0783760270640748	0.018410344792239	0.0305653065967465	0.0124631561841719	0.0219059800901207	0.0132721317672436	0.238762220815584	0.10721106498759	0.122203835452925	0.0294830318521248	0.0391462061103544	0.0142765723135445
Mix_16	0.0872816983309049	0.015143849042035	0.0254728412755381	0.0205051963402647	0.0108316567739333	0.0122888142522069	0.0133155333599849	0.0167433966905322	0.163470052725629	0.058167876097036	0.0222661226413767	0.0332191764358778	0.0126569108922604	0.0228527595679355	0.0155953074560767	0.193653113967256	0.0847150857711242	0.115778392555523	0.026343898592195	0.0342254663159183	0.0154728509163914
Mix_17	0.0679939069584131	0.0153395497159059	0.0204442167858305	0.0167789497140042	0.0101119461551096	0.0118141364516083	0.0119767448304077	0.012375830839123	0.108941350578565	0.0804764568043922	0.0183171151991131	0.0282146825573697	0.0125440606482273	0.0227535975282762	0.0139393256503741	0.232952877450181	0.0997697247118773	0.132568429204749	0.0294374313750754	0.0385235009759624	0.0147261658654359
Mix_18	0.0605051125289249	0.0137786246905224	0.0207650068229858	0.0167617970878751	0.010040247358819	0.0114523345620817	0.0114798078075828	0.0138345728548941	0.135321302573209	0.0476652664242402	0.0184670598168998	0.0325925986859204	0.0121785665991777	0.0224771779489656	0.0127987187084023	0.257887662541307	0.11801651491566	0.101145597441163	0.0276700877156766	0.0416456294798972	0.0135163134357959
Mix_19	0.0471688219891909	0.0175468474291465	0.0305752435674071	0.0240455093159797	0.0103263792941074	0.0120205838130307	0.0132296567803798	0.0225199348386927	0.258160792074065	0.110512239329635	0.0291074554443731	0.0271231049308831	0.0137958511013601	0.0223866496259526	0.0159003743899753	0.118842847808733	0.0478137775696643	0.112806587776482	0.02702589450414	0.0246814554380904	0.0144099929787127
Mix_20	0.0959544124470074	0.0154220212741009	0.0309464821642249	0.0228724468429505	0.0107350881411763	0.0118816484385907	0.0138741050058098	0.0213366675656006	0.211544695332749	0.0655011650178417	0.0257535803075291	0.0354915878879831	0.012891444177073	0.0240916222349786	0.0166724497869732	0.148362658694807	0.0693285763117762	0.0948884760127346	0.0264194133623335	0.0298613897837051	0.0161700692100554
Mix_21	0.0861621572064397	0.0150346013916463	0.0340570691262118	0.0247349538345195	0.010630478500239	0.0112615133933281	0.0139933295922857	0.0239141977683725	0.260091407898954	0.0527572534064799	0.0279684290585352	0.0339867052592698	0.0128858759802371	0.0222750317006416	0.0167926915816619	0.141106847265203	0.0527306443559797	0.0930427558017195	0.0239872478499517	0.0274266002949857	0.0151602087333387
Mix_22	0.0486812291745338	0.0154720625937806	0.0313615752964916	0.0237034899607678	0.010488811589176	0.0114486793297489	0.0131868203607719	0.023292381520171	0.287283908892054	0.0920454535873313	0.0303859114810167	0.0264101643804611	0.0128988781439044	0.0205298715520737	0.0155333607653685	0.119438390795526	0.0531422594322445	0.10082089748759	0.0263081727729783	0.0245746256678216	0.0129930552161892
Mix_23	0.132194704463296	0.0166579373294875	0.0278039050949447	0.0214505790402203	0.0109812636835196	0.0127527545643187	0.0141367231849558	0.0175920855010565	0.148661818263246	0.0716657478752337	0.0224730870663185	0.0411961135320137	0.0146684112109579	0.0253094882669074	0.0152525655375212	0.16238113464606	0.084606167997705	0.0780668367724455	0.0288102275478533	0.0363968975161801	0.0169415509057584
Mix_24	0.0147008701861943	0.012864977187476	0.0157668628297053	0.0172201206606944	0.00972236017395604	0.0105212014031853	0.0102106224071878	0.0142520088608618	0.167611753067265	0.0396758706842248	0.020380942901318	0.0206583655744642	0.0112235451354947	0.0175907059000225	0.010956736581564	0.279500160515477	0.117782622762833	0.134726411464813	0.0255778642176375	0.0369353642738561	0.0121206332117695
Mix_25	0.126766320509515	0.0154818382076281	0.0168329914420323	0.01649521958557	0.0108791402263005	0.012739206460825	0.013065141824462	0.0104389458704581	0.0726064015133882	0.0927276732837611	0.0152664971699987	0.0389866493706531	0.0127475626241442	0.0249202214006106	0.0136257355586802	0.197059742519917	0.0891353013535283	0.134024581624572	0.0317972828469815	0.0377305618749673	0.0166729847320068
Mix_26	0.0856698631282453	0.0149570983171101	0.0182128851238305	0.0177342245261433	0.0104520002156757	0.0113047578731011	0.0121585628153266	0.0122123921729302	0.1011063575544	0.0634904930984444	0.0160793577843883	0.034072187879773	0.0122370157870193	0.0225524747680391	0.0131795470916176	0.232100599619309	0.10077370968625	0.140601022674108	0.0271864517050334	0.0392315096565999	0.0146874885226553
Mix_27	0.0998155651836576	0.0133620980463332	0.0318151718555854	0.0227772685239702	0.010629482435345	0.010799682797929	0.0131066547724949	0.0246551330829213	0.223797085339685	0.0219692122089523	0.0246886493724374	0.0335260625051806	0.0123416242423011	0.0238567888748407	0.0166529500161054	0.175904732917235	0.06046427871356	0.113706344835013	0.0216628244581592	0.0290270087281206	0.0154413810901726
Mix_28	0.0748281974190323	0.0158175755697464	0.03041197462109	0.0238258669656531	0.010682823709743	0.0118498641990703	0.0135414821841143	0.0219204432039197	0.234935520439723	0.0781371664846935	0.0270089306950265	0.034031867933596	0.01311305212007	0.0230910912438465	0.0167400978269825	0.13823426384246	0.0673547189186841	0.0935023412213722	0.0263385936226419	0.0295567629546595	0.0150773648238745
Mix_29	0.101914224851381	0.0145671496960025	0.0186569390478248	0.0172181260942391	0.0102795617023982	0.0122547193603961	0.0122729281445913	0.0118404787512305	0.101525784956487	0.0594639216373704	0.0169770577988283	0.0338694351136047	0.011862098866472	0.0241140841063479	0.0140781837403317	0.231916122170979	0.0955653088329341	0.131417137283863	0.0267486620884093	0.0378415362279333	0.0156165395283757
Mix_30	0.0821859112248011	0.0165611787409459	0.0116129193716732	0.0142642898173378	0.0109043075909048	0.0125321140215152	0.0116914418428217	0.00861446110712807	0.0576487953728859	0.161509084478878	0.0139542194993872	0.0314875977631602	0.0140281109470027	0.0250559961180367	0.0126153209719054	0.181442917152209	0.0831378646864512	0.162745448024529	0.0351785099470762	0.0370591260043125	0.0157703853170381
Mix_31	0.0937002050357292	0.0148699284056436	0.0235798532453729	0.0206544788072682	0.0108376981414465	0.0116748448182708	0.0132443611933071	0.017036346961538	0.151803595906754	0.0699775655312529	0.0223373062043865	0.0360511743718196	0.0130500797355644	0.023235878040688	0.0150871641548165	0.184529325341944	0.0864138812280096	0.115074816679075	0.0269055841085286	0.0341475174961739	0.0157883945924109
Mix_32	0.0591769968984825	0.0136497322464923	0.0236371983162169	0.0176814863269816	0.00930395282318239	0.0107054795473019	0.0112408289057539	0.0171809709505257	0.16982071656944	0.038084062278625	0.0208227243204674	0.0279867926697155	0.0113816053465963	0.020985673700667	0.0130931268427287	0.240146427853322	0.109561920621312	0.109334258834841	0.024498533503383	0.0372289499747193	0.0144785614692451
Mix_33	0.0426221679722691	0.0150340415397971	0.0238227808988064	0.0190430352719352	0.0107982066678146	0.011813178573149	0.0118869500741047	0.0172206506262224	0.17711229520552	0.0703836051678025	0.0223626369866721	0.0256844348817831	0.0125475359492922	0.021435136869757	0.0142840273251303	0.212655587355758	0.0910174666837276	0.124295728831794	0.0268702120092296	0.0352725747728412	0.0138377463365944
Mix_34	0.0896846787633415	0.0162013619376279	0.037595176858587	0.0270178230297557	0.0105809928761916	0.0108130380801853	0.0142486927673883	0.0264736734761657	0.301447427284011	0.0795702136626731	0.0319827406679759	0.0354801485074234	0.0133918972033726	0.0226568071881115	0.017279406292615	0.0856977744859866	0.0398126771879146	0.0765181319165865	0.0241649080671419	0.0237289504617274	0.0156534792852176
Mix_35	0.0806716164279623	0.0178790459156213	0.0205265231985042	0.018013126580515	0.0109387106558717	0.0129898648523661	0.0135909501414151	0.0129954746884988	0.118150938895676	0.128526301680873	0.0196763401194343	0.0342555199056725	0.0136202450174953	0.0247132815159986	0.014786437848401	0.175892144842927	0.0894667178022147	0.10665198084992	0.0333987701436264	0.0383616848622223	0.0148943240547848
Mix_36	0.0909310567733122	0.0164220945193407	0.0234794190557506	0.0204275743791866	0.0110401702420846	0.012401128741939	0.0130938249696073	0.014922752395675	0.138171687684793	0.0977807711010222	0.0211639067459392	0.0345638104276065	0.0134093638123219	0.0241609365759338	0.0150369526342664	0.173198093179082	0.0784379342473379	0.121917247019053	0.0297515009604334	0.0341101971285922	0.0155795774067218
Mix_37	0.051312567471558	0.018176338302704	0.02147060720483	0.0196348803460582	0.0111602084568128	0.0121379142635023	0.0128577993825895	0.0155215113373751	0.160151025714884	0.145402007629235	0.0222561095607839	0.0282108414698518	0.0135745978415398	0.0230797966352558	0.0149507822278963	0.149804304959879	0.06347089903286	0.138744925810301	0.0327957998229976	0.0305448345799917	0.0147422479490933
Mix_38	0.0361455442174133	0.0160791730233529	0.024063696921631	0.0210274527110012	0.0109085845172414	0.0120707692239308	0.0126359017576284	0.0192569830272597	0.22054139696388	0.104833417389271	0.0260132186271973	0.0255656380641376	0.0135387726498701	0.0213203380463496	0.0146663299727345	0.168277483592696	0.0718809564248698	0.106314005923203	0.0290652429294778	0.0319133034795432	0.0138817905373105
Mix_39	0.109164338052077	0.0137605651296418	0.0384540380651296	0.0260391211711446	0.00987561660084192	0.0112573389546157	0.0134262981354953	0.0268636944994902	0.288636561308499	0.0272939409219033	0.0292462372571316	0.0350673879122869	0.0122272470766247	0.0234143839558537	0.0162985046586117	0.122600701952629	0.0621490504500561	0.0694048885429749	0.0218973418865001	0.0276996063566144	0.0152231371118785
Mix_40	0.091356929716936	0.0175215634606468	0.0200340092583866	0.0185143613308372	0.0114616406994798	0.0124474098660811	0.013319980053953	0.0136843367118188	0.120375850038261	0.155361466829925	0.0191377474308584	0.0345635529692126	0.0140214564845508	0.0254986769381359	0.0152841423194534	0.141008726189905	0.0563839739425675	0.137418167582275	0.0344218649524636	0.0324826336592705	0.0157015095649823
Mix_41	0.0744981826720498	0.0171287714124829	0.0242945680283052	0.0211608850202282	0.01087140225648	0.0131563563289397	0.0135418235761606	0.0161222351191039	0.16710898141142	0.159203302938422	0.0232227454710818	0.0351005330517691	0.0141104256355239	0.0253066108137543	0.0137021609278415	0.114724850214375	0.0646443747819664	0.110003069292539	0.0332243475560785	0.0330062916383218	0.0158680818531564
Mix_42	0.0893576709966629	0.0143373492624014	0.0207374597234926	0.0175925226519454	0.0104270456127822	0.0117736617924087	0.0123790180896796	0.011319676209667	0.100689161545506	0.0401142974961257	0.0174908302265595	0.0331880994610527	0.0124273622776035	0.0237495628693247	0.0142324217438309	0.250885176623032	0.102842994698913	0.137468016130017	0.0255250127563011	0.0385964064548318	0.0148662533778619
Mix_43	0.102384367748821	0.0169305898244409	0.0318747021215174	0.0247156064204271	0.0111510014437479	0.01203793099116	0.0140528693354229	0.0214860519272673	0.221526361566516	0.101861402236888	0.0269897148805542	0.0372769848213687	0.0141308840046297	0.0246968704351142	0.017073597604851	0.103487849344039	0.0460321749788921	0.102268935919793	0.0275767326844286	0.026236527451517	0.0162088442586035
Mix_44	0.0501148066461415	0.0177325529853375	0.0265425515160736	0.0228671382038874	0.010985651175732	0.0125254189426049	0.013489063160647	0.0199605384963414	0.228678787996149	0.129321965212226	0.0274593183678413	0.0293955247563056	0.0142408319443555	0.0226550955648777	0.0154231348161467	0.125877036515443	0.0687510619563047	0.0878954160843994	0.0308377942306053	0.0311450159024538	0.0141012955261269
Mix_45	0.0560891029556445	0.0157780706409807	0.0248030796528701	0.0204470864741655	0.0103147853403589	0.0111654969871081	0.012351489831073	0.0173597168762602	0.186520502059972	0.081729274811925	0.0226909037663715	0.0291463076734814	0.0123576889915203	0.021585676073756	0.0149551495807295	0.182431356312017	0.0714073226406007	0.137040244759997	0.0264118747061389	0.0314666743084886	0.0139481955565414
Mix_46	0.0933432960820918	0.0136402662660379	0.0270897284634289	0.0195226406122372	0.0105857031986499	0.010505131526022	0.0124217959964208	0.0168891440982127	0.162532171433183	0.027374914096314	0.0215692193857229	0.0315514256061355	0.0112486733303381	0.0226246760532957	0.0152486602428353	0.214446564614962	0.0784248841472317	0.141568682557266	0.0227124828761021	0.0323420537810024	0.0143578856325091
Mix_47	0.0745350518750565	0.0165735530214472	0.0323254187563787	0.0244977615577139	0.0107133599415884	0.0116963555209026	0.0144258085158409	0.0244102435129524	0.26098899053686	0.0938193248552631	0.0291022835679459	0.032460426411394	0.013320653267493	0.023171843368604	0.0160912213142786	0.105728947950828	0.0540665369216045	0.0951253705132649	0.026892590197792	0.0249421284011076	0.0151121299916845
Mix_48	0.0939617671890504	0.0164987184797433	0.0223544527234031	0.0202801166333223	0.0110080537754244	0.0124073224580375	0.0133954656922966	0.0144156389099529	0.139424066488794	0.0954083125748766	0.0209284191112181	0.0366040130936146	0.01400945294595	0.0240890808827629	0.0150884274804716	0.178927376346298	0.086701869827504	0.103295744892205	0.03042051787576	0.0350089397537799	0.015772242865535
Mix_49	0.0591160590358639	0.0172500340946292	0.014222001697326	0.0148187731908316	0.011287184395315	0.0125596163031659	0.0127283191872708	0.00825464486559654	0.0636773329118589	0.182329070098859	0.0150776237201758	0.0277166975134693	0.0142569582260761	0.0241459511656691	0.012235593952091	0.186242050181	0.0965383807170206	0.132754006661098	0.0383778210416376	0.0413557092437993	0.0150561717972458
Mix_50	0.0447542222921818	0.0128830309524509	0.0218973015479479	0.0180135792728107	0.0107288704561325	0.0105862667360933	0.0116541834411672	0.0159297859576806	0.161433564717021	0.0447769985776966	0.0207120199215358	0.0258104836877911	0.011829118905767	0.0201102004228763	0.0141051755926573	0.240676745057023	0.0966828947720004	0.145665837230236	0.0239808984651805	0.0349535404133298	0.0128152815804205
Mix_51	0.0879487133570283	0.016228179293481	0.0246713520809267	0.020558513340615	0.0106738561613767	0.0120630370679186	0.0137139588208288	0.0162360618915006	0.156620738689531	0.0714349147771762	0.0212104895159659	0.0350905166006163	0.0129073712594503	0.0237885904198112	0.0148678397660062	0.191661883701082	0.0891244053540859	0.101437881568727	0.0286161159481176	0.035617150412199	0.0155284299735554
Mix_52	0.0335938774204139	0.016253097821203	0.0172680711820021	0.0164143489649816	0.00988791088966285	0.0116017982274751	0.0114109525324677	0.0132671672910922	0.137927260893967	0.117616347932557	0.0194603808420339	0.0227034206065484	0.0127444627069326	0.0212959212276506	0.0133902677136076	0.206372824662034	0.0793127530628327	0.161681505571012	0.0306330425774645	0.0336071520730272	0.0135574358010345
Mix_53	0.0757805152150699	0.0157030146828389	0.0311818230102513	0.0231734704063822	0.0102906855593495	0.011514556838499	0.012594588961436	0.0214890972459865	0.228383352565402	0.058894863566982	0.0264382530702657	0.0333806961620086	0.013100477869866	0.0227469753796591	0.0161789558760637	0.156925886364699	0.0659894345962855	0.108237237750253	0.0236977967861223	0.0292442054298313	0.0150541126627479
Mix_54	0.0511070760328746	0.0186389920866552	0.0304893300845754	0.0249030942844872	0.0104328613321276	0.0117215929994466	0.0138284642160955	0.0232757490249395	0.283135801308231	0.176295800112555	0.0311592340345223	0.0298724955063036	0.0153485752860743	0.0227385522531372	0.0151008449825321	0.0595606522722847	0.03419519475558	0.0789247439552207	0.0322294178486792	0.0228183441824651	0.0142231834412135
Mix_55	0.0386472480723959	0.0175266248899273	0.0176260084163382	0.0194835266979628	0.0119819838796154	0.0127525452792814	0.0122978297904638	0.01246933300596	0.147045504709545	0.172428055727015	0.021863977970102	0.0230905783611591	0.0151283308976667	0.0227091929401361	0.0136048168350031	0.156631915829758	0.0792979399750258	0.125228530640466	0.0341492007883745	0.0326846371359413	0.0133522181578633
Mix_56	0.0503343176879429	0.015162077565486	0.0218826039886979	0.0193678308020372	0.0101172290316352	0.0121250597305597	0.0118060817386088	0.0178950902084892	0.190580176944987	0.056620352821553	0.0233596742714726	0.0273375916870631	0.011880515588968	0.0205260759449529	0.0142516440726078	0.204112280547435	0.0790631688675952	0.142742306979223	0.0242930995793536	0.0319695657958845	0.0145732561454483
Mix_57	0.0197928868579965	0.0184522893116503	0.0191789994893652	0.019180720380393	0.0106604563775931	0.0134296675371168	0.0120190409870826	0.0146837354593132	0.170860940636773	0.202080970418219	0.024056549445818	0.0243449854032077	0.014586979389192	0.0206317572381441	0.0131735174815599	0.147016634967628	0.080333045899676	0.0876405889047164	0.0383748922639524	0.0365288049782999	0.0129725365723034
Mix_58	0.058987475678687	0.0154584942121538	0.0166815256194692	0.016503996281811	0.0102076680781964	0.0110764978709754	0.010617095776676	0.0119773226670094	0.113922302205694	0.0732348138876415	0.0176111650434886	0.0337461388628441	0.011484167335291	0.0209490528196017	0.0131351845339473	0.241374269973566	0.110037158708661	0.131408108014457	0.031882101727422	0.0366166130028607	0.0130888476995463
Mix_59	0.052301275691062	0.0187040316328395	0.0190273867133684	0.0194371630827589	0.0111633698145109	0.0124506158996339	0.0135038452193069	0.013501892427123	0.135596066236913	0.207018875707263	0.0224377438802755	0.0273712592401822	0.0135332844271661	0.0241296337162673	0.0142750657224896	0.11938723140055	0.0601880855009644	0.130508472428732	0.037882409332658	0.0328314547130024	0.0147508372129336
Mix_60	0.143799315366239	0.0129152323946359	0.0119904663156936	0.0132973267687229	0.00991350628284385	0.0113729199597653	0.0122165941341523	0.00684118462341024	0.0368723299415233	0.0529939432983141	0.0114271503587874	0.039811457749638	0.0108817356954857	0.0258511354963248	0.0126048720713857	0.244545421587997	0.0888170450294198	0.170834175262558	0.0283473258127381	0.0377068790480744	0.0169599828022901
Mix_61	0.12235022454513	0.0192295525342982	0.0316646439683272	0.0243640537861735	0.0106058437559621	0.0117126307954146	0.0140082439097345	0.0210544410473808	0.19532640671596	0.114698444962684	0.0257484840031994	0.0381773949263457	0.0142749519850582	0.0249646653652425	0.0165819427692628	0.0981831873353389	0.0544626510473941	0.092024396129513	0.0285055922939787	0.0258909229888453	0.0161713251347559
Mix_62	0.162823489501616	0.0179220192810446	0.0161921671558649	0.0167759412549687	0.0110934492341128	0.0132473663272456	0.0139054857720573	0.00789177680924798	0.0493573111168813	0.176086267141123	0.014563485440422	0.047692414212223	0.0148323695073497	0.0286299286825121	0.013611791115381	0.120583973012149	0.0621517569858014	0.120532546911824	0.0387550388932444	0.034936358128581	0.01841506351635
Mix_63	0.0374083102438441	0.0174814153211386	0.0264852822210179	0.0241130951027011	0.011036515924157	0.0117473081283458	0.0132663422903641	0.0201423125489325	0.264019833960502	0.158356618685053	0.0290581697170487	0.0252627636148287	0.0146555850953511	0.0224684760584819	0.0147302248759953	0.0957850128133538	0.0500989414738275	0.0926196760421624	0.0311686686334208	0.026694433483466	0.0134010137660075
Mix_64	0.0812067675543851	0.0157865123321622	0.0352324623181926	0.0258829189775565	0.0105337257854842	0.011038328159024	0.0137614386438621	0.0260091992335198	0.291189542706453	0.0693122143814412	0.0300644619525014	0.0326843011547365	0.0136263704149834	0.0224571915285558	0.0174513219742118	0.102861036405639	0.0490127308573313	0.0894594326787628	0.0238490277532712	0.0234778589677833	0.015103156220143
Mix_65	0.0804132839095334	0.0159614878001902	0.0310027959113823	0.0235973525854468	0.0108515148792367	0.0113708682484898	0.0137189703752186	0.0228231945157396	0.238814649792271	0.0643754966449591	0.026960409566854	0.0327451056673665	0.0131181273215422	0.0224642453840231	0.0161570721398659	0.141761043256563	0.0579787843984283	0.106798036463122	0.025898761039798	0.0284090766462504	0.0147797234537186
Mix_66	0.102188674799965	0.0162416398064072	0.0177991226664951	0.0174342350849969	0.0107681179061652	0.0124480938233321	0.0125434349754757	0.00972672540941528	0.0783288346084135	0.109636279154459	0.015856248594492	0.0384185671036042	0.0130966623998163	0.0243889990526773	0.0137543431532885	0.20016176378178	0.0917624150313773	0.128104615758579	0.0323124426653654	0.0386026802643205	0.0164261039595745
Mix_67	0.139734077849595	0.0164803658916659	0.0391446490000947	0.0278543888227339	0.0107621536857812	0.0123732813348398	0.0143662873131492	0.0246845215306138	0.265218731242869	0.0754256432836877	0.0304829325178091	0.0432295422323061	0.0142306020034549	0.0249399105166583	0.0178404640711217	0.072826296391846	0.048999824178107	0.0515068581492154	0.0265741786773135	0.0268150445185911	0.0165102467885467
Mix_68	0.0615463361202011	0.0135441626437144	0.0238481508891344	0.0193600672837875	0.0109688630798464	0.0116602734036701	0.01245645563263	0.0176865118296075	0.175002803481668	0.0421300827166482	0.0219384368788511	0.0296089534043663	0.012234964570837	0.0217347110619229	0.014772295840146	0.220895492195779	0.0834196469488247	0.135075874918503	0.0244135462712519	0.0331002729209526	0.0146020979076574
Mix_69	0.132583837143575	0.0173224953927358	0.0267437715779602	0.0216475222091689	0.0111538773191653	0.0126528845041403	0.0142232696843201	0.0147786564226024	0.139591002580516	0.10190966695295	0.0212589529954439	0.0384496048832285	0.0138139205950243	0.0259619821083097	0.0158698586272513	0.131154812505079	0.0622542354974345	0.119515294083012	0.0309323899014106	0.031227317979983	0.016954647036689
Mix_70	0.0562626602316907	0.0125700930731266	0.0218867688024034	0.0179374425803291	0.0101150841550763	0.0119830497491802	0.0118998902334948	0.0158191288441694	0.15010401746229	0.0545254705245579	0.020032872188892	0.029219382473338	0.0119491373637451	0.0212774726886863	0.0134450717538787	0.232311642840345	0.0924496979714272	0.140500657467821	0.0262178080175995	0.0356917617224545	0.0138008898554947
Mix_71	0.0755346214640307	0.0180563362885164	0.0213838631390121	0.0202854258373967	0.0113025881374925	0.011828811033894	0.0131177616544884	0.0147551584379591	0.143147307465593	0.138486760187424	0.0212554610204307	0.0328950065816053	0.0141888838169663	0.0248733333402315	0.0153572368640549	0.146415932761049	0.0609846933301686	0.136026202745519	0.0326466972588732	0.032212562444473	0.0152453561908226
Mix_72	0.0509153212040492	0.0136741962004325	0.0279429721818039	0.0214553426103086	0.00978903608861661	0.0110025941906852	0.0130938782922373	0.0222800274400018	0.243035959059638	0.0263385229233549	0.0255709041665545	0.0272925313420457	0.0120597615249113	0.0203987647348762	0.0146845145252532	0.204597939716973	0.0897132408778237	0.0990570245343115	0.0214840418518313	0.032073122984318	0.0135403035499732
Mix_73	0.0349241649408834	0.0172375299869159	0.0159129778132953	0.017109956198233	0.0110863806277925	0.0124078197312714	0.0122131930344131	0.0124352622892345	0.117451445662597	0.171826767341884	0.0194917438351968	0.0223132285819006	0.0142844295967847	0.0227405373535228	0.0125114980956884	0.169497560133184	0.0787964370295664	0.152295171275962	0.0353629493890343	0.0363496897516394	0.013751257331001
Mix_74	0.115462705314358	0.0186054266907196	0.0321784681766715	0.0270166829585728	0.0108429899261125	0.0125243657141233	0.0145639854894533	0.0218209349028728	0.22515332281464	0.120461161096314	0.0282637723186555	0.0369389748578058	0.0150507951315377	0.025816104793223	0.0177133581188192	0.0827200692773728	0.0389444577777379	0.0840449726946532	0.0291032245336381	0.0262414499840627	0.016532777428657
Mix_75	0.0755228523953303	0.0183178011299058	0.0179762247396085	0.0177008461670364	0.0112812285427895	0.0137325955426925	0.0135638108527201	0.0103489200590824	0.0975825144815615	0.177810392824224	0.0185573432725215	0.0332594449357015	0.0136422556669055	0.0252307287979174	0.0132943908447174	0.151380288901995	0.0877368085108906	0.110870253645002	0.037598334086259	0.0393623780966401	0.0152305865064988
Mix_76	0.0741645702474013	0.0185109077011874	0.0175936796895171	0.0179197837125776	0.010785823061524	0.0127106455006604	0.0119851642262462	0.0100659606759076	0.0837402392254012	0.18242324805961	0.0173526828607092	0.0302854823861908	0.0142675471568684	0.0244696431135219	0.0130056920246472	0.163874092397977	0.0737987660377664	0.132481616878216	0.0370468794690555	0.0373679658011287	0.0161496097738869
Mix_77	0.0651430222715219	0.0174966093790471	0.0318587415211981	0.0250423953348065	0.0108442690103024	0.012242484340819	0.0140830998944209	0.0225781536418052	0.258512303038617	0.0984200174346055	0.0289002513965217	0.0318285547878205	0.0141784240661446	0.0220695110197636	0.016332500145492	0.113573355381058	0.0668553540000642	0.0777128025892324	0.0283089793788564	0.0291377604635201	0.0148814109043833
Mix_78	0.0409974175524281	0.0148903646184711	0.0100736325945689	0.012104839074514	0.0107372001757842	0.0119959413450147	0.0104924990083728	0.00672342429364135	0.0450480770277477	0.13892629034317	0.0121344985026669	0.0259861172357028	0.0120457659249067	0.0207841220730937	0.0107975262861883	0.252125377427913	0.106249098502318	0.165779990426521	0.0350582402354041	0.043369846613222	0.0136797307383509
Mix_79	0.0458399455552035	0.0195555709236187	0.0270366513643161	0.0231814308096756	0.0106079903392079	0.0120700578892276	0.0142443180524229	0.0194882473919226	0.224621181508897	0.211339827909229	0.0288112833645325	0.0299523632867221	0.0146339883533947	0.0232675962379386	0.0164578701781348	0.0659451935117316	0.0464050010550595	0.0890545797127375	0.0357244503602457	0.0275717894173947	0.0141906627783875
Mix_80	0.0749108083615509	0.0147290731177417	0.0239813286074012	0.0206797700781443	0.0103985960560235	0.0119292157881833	0.0129920274208752	0.0177562921921293	0.1561730640723	0.0838225590636045	0.0216805244997063	0.0327829570875856	0.012377007650244	0.0219858807924976	0.0134327190840232	0.203640686055613	0.0967845672414714	0.0900550252082374	0.0290236040737851	0.036403359507061	0.0144609340418211
Mix_81	0.0763403479218317	0.0175812014132366	0.0277647253951249	0.0224857356805359	0.0112482252748028	0.012034301439148	0.0136050429449569	0.0193524452324571	0.203405359848114	0.12092788986055	0.0255888419248477	0.0324757141804956	0.0136275915907213	0.0232025678061854	0.0162605190060802	0.120667672778452	0.0542821076180486	0.116251361916357	0.0296662772124658	0.0278337402567119	0.0153983306988775
Mix_82	0.10355530331769	0.0145404319955368	0.00918983005974436	0.0119783349564324	0.0103366528045545	0.0118267073927407	0.0118826059657378	0.00436422867103185	0.0121154988516656	0.149351789050492	0.00841062607497574	0.0357703890850789	0.0127006588781497	0.0257520928512569	0.00975947406164547	0.213911296036442	0.0947265691988818	0.165304289029178	0.036649162711796	0.0417576369881891	0.0161164220187807
Mix_83	0.104346466799853	0.0171926120088212	0.0293847362745764	0.023894196025784	0.011131413122711	0.0122322867071066	0.0139117056388779	0.0193124530749893	0.189169464979571	0.10009210420886	0.0246795432623915	0.0370448550166954	0.0137568956302158	0.0248112494340104	0.016787934875725	0.124518516608964	0.0585259055627544	0.103258286698991	0.0297438649396341	0.0298245168471261	0.0163809922823417
Mix_84	0.0685907585056618	0.0146839496107388	0.0269954538377912	0.0212229363826788	0.010693562975118	0.0115739239706627	0.0125655900010572	0.0193448297888706	0.193698777496432	0.0602340541592461	0.0239833807935436	0.0324677885130085	0.0122385907134082	0.0232247023774523	0.0154727247544265	0.186350022746212	0.0747116377634661	0.119179749570346	0.0255411767860299	0.0328653054457727	0.0143610838080779
Mix_85	0.0813035384235346	0.0163518667617914	0.0133622102309518	0.0156292821990351	0.0110114655804456	0.0125556760212428	0.0125325607918067	0.0082695068734346	0.0753511974448795	0.145709401134071	0.0158312355857115	0.0367690238204505	0.0133458990175035	0.02416735015222	0.0133281902756233	0.194841274273359	0.0915494013133442	0.126620733238185	0.0353413482513775	0.0406044261447623	0.0155244124662704
Mix_86	0.060438196519197	0.0173993936956509	0.0274993569953037	0.0226240526285201	0.0107069932234049	0.0120043272218855	0.0132761949852307	0.0196836767559327	0.216868714393596	0.134202093647935	0.0266247577741157	0.0288030836804339	0.013842304453604	0.0228483531371996	0.01562263037656	0.119033564845286	0.0525139950404738	0.114108236015672	0.0301038635074542	0.02705930431718	0.0147369067853639
Mix_87	0.172235681245949	0.0176198289658349	0.0389012732820103	0.0283146888135894	0.00975443141352349	0.0119310370642314	0.0150381040498832	0.0255227850073791	0.245685469472586	0.0938047242642936	0.029158070718118	0.0510736939947578	0.0147917844373748	0.0252962884819299	0.0169030814768237	0.0473853909135255	0.0345089401102889	0.0540155669636108	0.0279268614127399	0.0233797245523328	0.0167525733592181
Mix_88	0.101436185902171	0.0134673592478391	0.02454454683966	0.0184315417362468	0.0100359845644891	0.0114724680107038	0.012778446806271	0.0150281317739084	0.131317952404616	0.0225883273975125	0.0191046439880128	0.0353598193218898	0.0116526279695873	0.0230986359565656	0.0143930401300307	0.236116723096207	0.0969905180354556	0.125014795765192	0.02493363034771	0.0370116907289982	0.0152229299769331
Mix_89	0.0241701314363319	0.0154001732104524	0.0257550660607731	0.0213266011352375	0.0111676809565297	0.0121198257292752	0.0117750075131921	0.0214329202579338	0.259862671315191	0.128603599267808	0.0291690700301252	0.0235674178901839	0.012851453240957	0.0197562827323593	0.0141391404250474	0.134498444905473	0.0625793781661226	0.101745418242126	0.028935848061491	0.0294725642025243	0.0116713052208666
Mix_90	0.0918705765979009	0.0198718651258205	0.0148435713597176	0.0175810487288203	0.0105372955412158	0.0135640704709667	0.013793084107007	0.0102736193433088	0.0780570638139025	0.229938521762863	0.0163332112772376	0.0379021569208897	0.0145976635386917	0.0255666160174902	0.0128751871698511	0.115316812300063	0.0806043354880729	0.100297920200159	0.0415651663305832	0.0381949108387183	0.0164153030667208
Mix_91	0.180407557407296	0.017488514424346	0.0246048291018491	0.0214768296013908	0.0110206947865799	0.012570067667846	0.0135669837093911	0.0134101434062279	0.104137077383545	0.0971807849121964	0.0179261349128895	0.0503727407342038	0.0150559350356093	0.0266565307478516	0.0144002715870788	0.143682115008565	0.076497960725317	0.0736561472163954	0.0322703681836861	0.0362126040415799	0.0174057094061551
Mix_92	0.0902709367042568	0.018504570196988	0.0280366279959611	0.0230133506810983	0.0109635445402858	0.0129806750036651	0.0147046158724288	0.0184718939610425	0.183104385424947	0.152340728508206	0.0259909202192591	0.0368898788561533	0.0144630548648766	0.0257172381882994	0.015860287971534	0.105985952475777	0.0667695306172205	0.0726243338227552	0.0344124172097122	0.0333736442056597	0.015521412679874
Mix_93	0.0541058679250088	0.0106239491302366	0.0291827796594934	0.0214800323817643	0.0100318686387196	0.0112908144203164	0.0122696654497535	0.0233278312183783	0.233608695635195	0.0118547943178224	0.0247697955801273	0.0315587817345364	0.0102845405683255	0.0204014052893595	0.0145341847009155	0.220594845010095	0.0945097474800276	0.097430698570381	0.0214433629514192	0.0329212732811097	0.0137750660570159
Mix_94	0.11571738926225	0.0146577065443932	0.0235742511541834	0.0195009077675918	0.0104629141616666	0.0118324520978958	0.0134171159990507	0.0149815900411073	0.13623696728357	0.0395999510830474	0.0202333479399592	0.0385425711503924	0.0130302283061031	0.0239084741879712	0.0151738373089729	0.20877504529416	0.0892944161981313	0.112263665481229	0.0260994646807796	0.0362668518572003	0.016430852200344
Mix_95	0.0710505577609837	0.0165119639146216	0.0196402633533783	0.0190915008803851	0.0110680114853451	0.0131049584734735	0.0133407510337531	0.0136236238666114	0.134813178022343	0.120486943671904	0.0209401843730662	0.0333517241103576	0.0139108721809994	0.023198132013386	0.0136511587749318	0.188340422336962	0.095993459666158	0.0902607843034338	0.03411783055259	0.037985921521975	0.0155177577033422
Mix_96	0.0441389661036867	0.0150762258673032	0.01973601881881	0.0174510839151796	0.0101525374226951	0.0120493348854155	0.0122647519413378	0.0149155879166287	0.141878032590534	0.0817696662340824	0.0193543939169846	0.0276449522794787	0.0123935393390479	0.0207705942435204	0.013471806555013	0.230089062579374	0.0992734692770581	0.128344813494821	0.0274624023013535	0.0377912656552612	0.0139714946624143
Mix_97	0.0907349129061795	0.0174222268439729	0.030944287358582	0.0248097957739458	0.0105672076334585	0.0121570666743114	0.0144895081565162	0.0217762527008731	0.230213303397584	0.117346617456985	0.0277862373358762	0.0352009135731745	0.0142629554860308	0.0239764534993811	0.0170876671849013	0.094611831133255	0.0487478483543143	0.0987416925361635	0.0286100166099522	0.0255877705322488	0.0149254348522929
Mix_98	0.109498907110555	0.0121399728578154	0.0468499648009841	0.0279815120623247	0.00947312460590648	0.0100640034861666	0.0140438177193939	0.0326692487955372	0.392235672975494	0.00632287063091094	0.0326632835110113	0.0360675030070733	0.0118646883465484	0.0221182833660524	0.0164156175674273	0.0805278701573782	0.0430563865054185	0.0437090524074985	0.0170788430170721	0.0209326011465702	0.0142867759228618
Mix_99	0.0163145590068054	0.013646095701435	0.00911200204178879	0.0130546144267426	0.00949608907918607	0.0107885280671856	0.0101095665352385	0.00830125378092973	0.0821345218306353	0.0837953607167112	0.0144407862389852	0.0175722118238793	0.0115883341684834	0.0187503919666673	0.0105042856735417	0.304308301921388	0.137302463275689	0.139271847139848	0.0322988995158136	0.0453647929545308	0.0118450941345149
