naive_B_cell	memory_B_cell	CD14_positive_monocyte	CD16_positive_monocyte	CD56dim_natural_killer_cell	CD56bright_natural_killer_cell	neutrophil	CD4_positive_alpha_beta_T_cell	CD8_positive_alpha_beta_T_cell	macrophage_m0	macrophage_m1	macrophage_m2	MAST_cell	basophil	eosinophil	gamma_delta_T_cell	hematopoietic_progenitor	myeloid_dendritic_cell	plasma_cell	plasmacytoid_dendritic_cell
Mix_1	0.0479778542425501	0.0429684774549868	0.0427008091205935	0.0954916596052885	0.171686899958659	0.00638100983787647	0.0122353388381628	0.117740251527548	0.016345344847364	0.0119012740399388	0.0188612968840592	0.149207366119573	0.00258515503186194	0.0078373658898005	0.00137842925993503	0.117623161052728	0.0167963948275842	0.0158189968233395	0.00956139293740412	0.0949015217007466
Mix_2	0.121038654956716	0.0920947025397774	0.0197917373162043	0.048759801980421	0.146686511237951	0.00409627298847263	0.00672688419299026	0.167813272187321	0.00751109383874386	0.0126873039329585	0.0243576202252765	0.0762536889767201	0.00173152974081569	0.00736768511355869	0.00115119161295753	0.155377874685457	0.0227116687889296	0.00953778577608456	0.022130147313797	0.0521745725948477
Mix_3	0.0426262334532199	0.0384543472149074	0.0160428438786393	0.0452773259388616	0.22569975069671	0.00635397691105074	0.00455003030408621	0.14422477512048	0.0568025970473453	0.013620388138014	0.0244284742443408	0.0666911357443332	0.0032793951010966	0.0073201508173531	0.00122416782965303	0.222235698598998	0.0243224603390691	0.00754582219491935	0.0063222544029865	0.0429781720239351
Mix_4	0.0623434001175017	0.0477803921981306	0.011479290410314	0.0284941316806855	0.214300120867	0.00668138653032782	0.00425990284712289	0.186831848924382	0.0390771945165439	0.0114545943451722	0.027883990590238	0.0461505772006979	0.002326952180529	0.0088860808216391	0.000674401464201167	0.224763371359775	0.0261116698596946	0.00702719157564578	0.0118220580905996	0.0316514444197995
Mix_5	0.207387979318885	0.147061856319885	0.00577908927207963	0.0131983839444995	0.233280364165631	0.0087737258027141	0.00196827473189512	0.0925605158006663	0.0238619907851288	0.0117961615198596	0.0247081536604818	0.0193050626081489	0.0020343711417902	0.00732330089350953	0.000737477640550379	0.122114129049574	0.0153794137147656	0.00297020408519619	0.0344164382126727	0.0253431073320668
Mix_6	0.0803443069129885	0.0616582510035387	0.0495222787212304	0.11036547928173	0.138797132801867	0.00432250316624011	0.0141708298234432	0.0565074460675129	0.028430295832931	0.00958171466187189	0.0149205882533486	0.171456074868665	0.00196103604215302	0.00465452739349184	0.00101899299098058	0.0964632017634652	0.0115181854750724	0.0172408225438804	0.0182211575548576	0.108845174840731
Mix_7	0.0779815954030886	0.0635638325467834	0.00837067659784453	0.0182398819954288	0.137011211386983	0.00535646100964423	0.00289400955201512	0.223513683426955	0.047077953484676	0.0131020519374096	0.0257566820928108	0.0281306088111185	0.00318118630005586	0.00627237088521549	0.00069480210687945	0.269243659407659	0.0300761734427456	0.00292793593006543	0.0138079834733087	0.0227972402093125
Mix_8	0.103203227077126	0.0770303198898938	0.0281950013614682	0.0637502474951154	0.0285544782189094	0.000924346899214633	0.00857006828515842	0.19811694819661	0.022309707878985	0.00832026069749145	0.0211067549743575	0.098424920463548	0.00253813673464823	0.00497202161888044	0.000528527147415694	0.206566605145927	0.0254055221520922	0.0130944222669368	0.0167238700344363	0.0716646134617861
Mix_9	0.110898947212934	0.0784426170994766	0.0177560741641112	0.0405597429983637	0.171903608176168	0.00520210809955663	0.00394452661375143	0.155425371288524	0.0268515712093521	0.00930560451281453	0.0213468290047159	0.0683455240111186	0.00297232345986162	0.00739370367422672	0.001043898213443	0.17953561566712	0.0234704291917348	0.00709702555590008	0.0192633075563961	0.0492411722904302
Mix_10	0.134679988542335	0.0954800792497803	0.0294339110996994	0.067713959717322	0.125508491438978	0.00585254587756207	0.0082190372847838	0.0903193476163308	0.041394855575126	0.0102967554416601	0.0173646575324666	0.106101106636958	0.0035806201261423	0.00383425278959633	0.000923759876887266	0.137453967211402	0.0154925096224088	0.0109697141526652	0.0243059195314562	0.0710745206764393
Mix_11	0.0962074425452793	0.069966665974765	0.0157589127048589	0.0303336012542773	0.143839067607106	0.00296843505496091	0.00415125353849962	0.23498786198804	0.0099982287020604	0.0119977963076123	0.0260030472990485	0.0470030444221245	0.00192437059234588	0.00884436679252843	0.000415666023917745	0.217550178742121	0.0316392362167228	0.000662693257680178	0.0165797682242709	0.0291683627517808
Mix_12	0.0257538742459963	0.0223260917589205	0.0320533337792438	0.0779481336319643	0.17418765692146	0.00654869170942044	0.00965319737460236	0.149638524169406	0.0324275811707133	0.0119688265565051	0.021010046093209	0.124134220211837	0.00385187380961839	0.00840494702259609	0.00125883726733392	0.180232835587161	0.0222117757398072	0.0142369087696466	0.00411299321689066	0.078039650963667
Mix_13	0.152845557375544	0.113779739640304	0.0136865562912585	0.0320475028296974	0.132345615139896	0.00500238355533249	0.00483180483814655	0.132859229548445	0.041109950038539	0.0122777016124786	0.0190814998143453	0.0536083214574821	0.00326512042563584	0.00615372609537883	0.000363888369428529	0.183430837214775	0.0208071663240365	0.00535390780446581	0.027123178926033	0.0400263126987782
Mix_14	0.0400152578601748	0.0336831043502198	0.00422763323728721	0.00827551409957069	0.224823828913508	0.00783406989753547	0.0016463101587108	0.220748788551209	0.0568808477073634	0.015318142161457	0.0294120799797243	0.0148744884940491	0.00384012815002269	0.00909760326709133	0.000746021923983542	0.282460823685399	0.0321942914547182	0.000677410190193548	0.00758188056245236	0.00566177535532939
Mix_15	0.0665269603344424	0.0430709356941488	0.0144076406494581	0.0308712591880038	0.109422455503323	0.00364365922644228	0.00294558592189967	0.245191333984584	0.0309933274546229	0.0134797069006041	0.0251647813483391	0.0565069213434137	0.00296375693679511	0.00745777594729468	0.000858961363467552	0.264320815683043	0.0344196954048499	0.00494590953292344	0.00981815657072402	0.0329903610116205
Mix_16	0.100746958670496	0.0732834961265539	0.0215628830095364	0.0486110166399335	0.0738768051561867	0.00367416491674788	0.00642977583445633	0.191202811933845	0.0356256691601387	0.0114023346143227	0.0221049604060921	0.0780804972621543	0.00298857030314913	0.00540581263873104	0.000716784852386285	0.222896779727221	0.0263538063660268	0.00699694985610002	0.017417965962182	0.0506219565637409
Mix_17	0.0772866080228997	0.0483805365780015	0.0129563898293626	0.0292687165312369	0.107339007729273	0.00472883896596291	0.00324966714974838	0.231469756905124	0.0422424798543877	0.014918184107283	0.0237460474129395	0.0455656456322909	0.00346588940121795	0.00723514314406343	0.000673611692294853	0.26476339935393	0.0320282046152631	0.00672707572733696	0.012369449042882	0.0315853483045023
Mix_18	0.0567349194782387	0.0388250092825706	0.0176747927504677	0.038280105263619	0.0594952519257023	0.002126382103931	0.00632243298614708	0.276913463946815	0.0151119607067315	0.00923698739276858	0.0255153354120839	0.0625399535710471	0.00172960184230947	0.00733375148584691	0.000308431503542596	0.276679472581313	0.0354168820511288	0.00932558432889589	0.011274148303495	0.0491555330833459
Mix_19	0.040730510256905	0.0380436816791836	0.0342176499420585	0.0826840398988572	0.179478968242851	0.00531290686517062	0.0105802447036928	0.100637270250775	0.0482811046381786	0.0119041269712897	0.0210191320993906	0.129911848866872	0.00432152503777653	0.00616142096057279	0.00113914807213473	0.160338469925654	0.0184772811572721	0.0143018387354493	0.00693182422578849	0.0855270074701275
Mix_20	0.113175640225262	0.0844116624130386	0.02837926929643	0.0654873307154901	0.0968294232274985	0.00295290542265061	0.00808304711432968	0.136030174464769	0.0312876682263326	0.00825720214217589	0.0193410822199082	0.103966443952529	0.00339427423903391	0.00576466123315612	0.000983734661957846	0.171070695907053	0.0213028459995523	0.0117171253956675	0.0194789013101741	0.0680859118329903
Mix_21	0.0993354538014861	0.0745018349304235	0.0371198097867175	0.0837186196282311	0.0680916699148401	0.00435777328969474	0.0108257909249903	0.127273597622985	0.031408300697012	0.0111954329305704	0.016490150539489	0.131142769280693	0.00214562567954497	0.00406015367584046	0.000824578355718803	0.162444298568185	0.0191303226469849	0.0143666309195618	0.0174870150860034	0.0840801717210272
Mix_22	0.0466059299896336	0.0339226049785993	0.0427299145851862	0.0940121135401599	0.144599021809037	0.00631115923538662	0.0124609603542077	0.10240022091018	0.0374547585531045	0.011159876026526	0.0186999291917635	0.147392245757511	0.00427233689926351	0.00467825755266921	0.000988631144913537	0.153801830025549	0.0188816054885912	0.0162961743151949	0.00781622114566046	0.0955162084968625
Mix_23	0.163617542054129	0.118033304574437	0.013768175219013	0.0414461309159974	0.0973425701539883	0.00393795095916503	0.00473552985740721	0.167714053460663	0.0113259737207391	0.0103266547401553	0.0237905412701468	0.0675986807876024	0.00202182268710612	0.00539178131830567	0.000928338111480177	0.161272109806805	0.023132750997009	0.00755115708673677	0.0283634026101327	0.0477015296689816
Mix_24	0.00309867085608334	0.0115686548113492	0.022085957987583	0.0536929108094926	0.0363076014624482	0.00228453963574532	0.00624365497267182	0.267933795340136	0.0427981499597011	0.0119614378526249	0.0271260842262408	0.0830874560545301	0.00284486855125072	0.00716966834700121	0.000538560594847811	0.318045654686539	0.0358203010905572	0.00991544992539274	0.00210273433940186	0.0553738484964031
Mix_25	0.15253794011763	0.110235955144018	0.00764049709826658	0.0162572448247153	0.122921484917281	0.00414442276705855	0.00186520085986209	0.176512622834225	0.0411140022919043	0.0106723836821934	0.025296443774041	0.0223306332930597	0.00337107862221098	0.00643447547129004	0.000448900005822715	0.225361197495367	0.0256824228984662	0.00279347099748164	0.0255152492505145	0.0188643736545925
Mix_26	0.0856782787668529	0.0851798144822313	0.0145067538341603	0.0274130866815607	0.0712354969287839	0.00307089626716844	0.00356406078529865	0.2270269292541	0.0414259895443704	0.011846453591555	0.02624112245449	0.0398201695554363	0.00249787083488743	0.0069308363793646	0.000723937415873545	0.280087838524732	0.0307223304138622	0.00364691869918404	0.0153809016602067	0.0230003139258823
Mix_27	0.112310033447971	0.0851123738397012	0.0347265928862054	0.0693437100383555	0.01346599163323	0.00272324992488744	0.00861242644819874	0.138083599085616	0.0574225850216403	0.0117836167185427	0.0158744607639832	0.105205408654589	0.00404070335133085	0.00273220363480064	0.000641982776975612	0.218066615400529	0.0213414817439467	0.012562991833875	0.018021977116674	0.067927995678948
Mix_28	0.0803239918757046	0.0632261932128325	0.0331425999982944	0.0748027956140511	0.120852597665803	0.00633606626525144	0.00980485168764384	0.136728652579905	0.0262669276534223	0.0106528932797587	0.0195348587593932	0.118269637853813	0.00199281034857744	0.0055849086946739	0.000760782541283606	0.165533232290158	0.0207861188600553	0.0126010817692633	0.015673009180808	0.0771259898693079
Mix_29	0.11460414044761	0.085859901189711	0.0124660436478397	0.025743317511089	0.0692666792522911	0.00344981632414809	0.00323777125688221	0.216064605568414	0.0409711239259803	0.0103939778678332	0.0240524360746598	0.0438238149434541	0.00280608487949796	0.00535334192182684	0.000351519631302137	0.250523288035507	0.0292151855769628	0.00700453163920779	0.0198160165465199	0.0349964037592627
Mix_30	0.0926477733161147	0.0598357898048924	0.00628065368172511	0.0109587486439955	0.242104478924457	0.00682433332684918	0.00143128702506273	0.160159036962101	0.0611716805436556	0.0167009405736047	0.0270932922234628	0.0217287512388748	0.00370547183337941	0.00844288464997689	0.000806500781760569	0.231215843349268	0.0249132482068133	0.0013684650017896	0.0134162425892086	0.0091945773230093
Mix_31	0.113682211749497	0.0794803367970063	0.0206560884141362	0.0444611601625206	0.102328950895075	0.00351481037813582	0.00597487358068084	0.184876980539853	0.0319244042484128	0.00884026008629744	0.0207828422828964	0.0733887368263727	0.00285895112367323	0.00659566114733897	0.000474925619089698	0.209711552814233	0.0223303322729999	0.00536183784675118	0.0189417777677288	0.0438133054472994
Mix_32	0.0579494444905368	0.0478640699411362	0.0206099549464578	0.0547914294443259	0.037930871771281	0.00237547063546588	0.00871168930719988	0.249933983909748	0.0250550773981067	0.00610776623161181	0.0234427490413627	0.082852943487377	0.00193221076299425	0.00610661579354083	0.000781351521763025	0.270400631812063	0.0325653095757372	0.011741849620405	0.0113675960258855	0.0474789842830013
Mix_33	0.0362128715808697	0.0300099897556824	0.0238005130268042	0.0556312082246283	0.0978777570119592	0.0033856752286055	0.0075452306660546	0.220817672469628	0.03905127208656	0.0116455657273323	0.0237643484267205	0.083986705634566	0.00245952641517958	0.0065680793553079	0.000883463336918286	0.250888959545687	0.0288323670201911	0.0113274578392158	0.00711124706615351	0.0582000895819362
Mix_34	0.109634856049421	0.0698783830907013	0.0431007372391809	0.0989935733656288	0.130363324061644	0.00386077956821399	0.0130509490015661	0.0753475155047994	0.0278456338893017	0.0116643223161735	0.0144757219478126	0.155504198837953	0.00314036289225202	0.00300815757333479	0.00138598161181138	0.105983291046641	0.0137570853779284	0.01497230647197	0.0172453749342536	0.0867874452194132
Mix_35	0.0876906178615383	0.0666031637524885	0.0124729191716873	0.0294354061755056	0.198105286764159	0.00664909997248561	0.005275371895783	0.188262027828166	0.0238283637822008	0.0111614926265615	0.0275158844889479	0.0475348705292923	0.00309864614461528	0.00873986094121795	0.00118494648437126	0.192501047939937	0.0245994527460356	0.00837805225529382	0.0141187613432362	0.0428447272964766
Mix_36	0.105998524831998	0.0753374752303917	0.0172829325827356	0.0402087609463376	0.140896550438232	0.00595426454594786	0.00495201720373066	0.167693288970856	0.0366121086744896	0.0117774838799395	0.0235057658287187	0.0618038178611157	0.00291769549976826	0.00729973338745551	0.000845611754982237	0.204001252937246	0.0244811412459986	0.00666952438909452	0.0186560410008207	0.0431060087901414
Mix_37	0.0403108186615771	0.0398535275759977	0.0204439330622123	0.0489509100230561	0.234922158532226	0.00628844692463767	0.00587444956678026	0.133378204212199	0.051867872696649	0.0141338741593107	0.0244899638436229	0.0799748286757479	0.00356220211335901	0.00702724556884901	0.000694871177930661	0.201090293543043	0.0224602089004732	0.0108687201082149	0.00803925516622201	0.045768215487891
Mix_38	0.0284914962051032	0.0219078793969868	0.0310881753531949	0.0712688146394272	0.160082429688025	0.00472060584122611	0.00941825118820766	0.179592795551337	0.0281495620475936	0.0114044700369315	0.023679168866331	0.110575829889272	0.00290596262985817	0.00744775189031967	0.000932421634652204	0.196593812233961	0.0238315888727651	0.0115138564700253	0.00610364364399791	0.0702914839207849
Mix_39	0.132895223577154	0.0932208832756341	0.0398170482768239	0.091998301276928	0.0267502552283863	0.00148726800840678	0.0117804437314011	0.126745881754519	0.0167538715194504	0.00831160328719492	0.0140852410796185	0.144840283503968	0.00244729850015975	0.00467400021858224	0.000948393646574146	0.127532312911493	0.0198536000898893	0.0156186871075368	0.0225740605148885	0.097665342491391
Mix_40	0.112137565554438	0.0713285913772578	0.0135738415436028	0.0323282261358702	0.236887020853223	0.00925802034303354	0.00306907708721978	0.125307299670123	0.0517533223819477	0.0132911698351937	0.0226004631038912	0.0491575735899345	0.00337972530111297	0.00702983260048062	0.000618623850465531	0.182389797170056	0.0199029446425734	0.00372240488290063	0.016040277098829	0.0262242229778459
Mix_41	0.0743987901694057	0.0655791794953273	0.0232305931748815	0.0479729208731275	0.258423902618976	0.0111226263315844	0.00653367454955884	0.119603538629274	0.0304268964460594	0.0182553367297373	0.0231687700466355	0.0744822073282023	0.00332502667008478	0.0095478376568755	0.00117096500781067	0.135437170040694	0.0235974860376034	0.012164652785788	0.0181381489659857	0.043420276442388
Mix_42	0.105730928800936	0.0737068602080741	0.0136638325169551	0.0278668288191715	0.042782316049451	0.00218573860630565	0.003514199301654	0.24260756694868	0.0438732074434846	0.0111720563332533	0.0247199395846364	0.0468833646745903	0.00315039367702945	0.00666188244959316	0.00051526910086187	0.276916210279839	0.0289097691265223	0.00727145093114593	0.0137045610522449	0.0241636240955717
Mix_43	0.12432360439913	0.0897664688751275	0.0296035718352673	0.0677248023753578	0.157130462406682	0.0059766898387166	0.00893910886316069	0.0885625057868856	0.03684245709781	0.0117207733840041	0.0171642780571677	0.105286563744778	0.0030923089708509	0.00488077331561574	0.000639851172746361	0.132363520969831	0.015487949456544	0.0109722067396171	0.021396166475639	0.0681259362350684
Mix_44	0.0424436320948456	0.0340062861507099	0.0320639330906211	0.0732854812254675	0.214069578029838	0.00649411938885735	0.00963736968424843	0.137401047587664	0.020663704192113	0.0109028883931139	0.0245334993684715	0.113981027416944	0.00238049635270921	0.00876360462900162	0.00115714924825991	0.154801648685961	0.0194672312582144	0.0119489530353717	0.00969467763110174	0.072303672536485
Mix_45	0.0535771100714071	0.0417333698746615	0.0226318320836186	0.0550157235653344	0.112091522192789	0.00613312677384248	0.00653213210805948	0.163363983710413	0.0596949482290576	0.0151719490022431	0.0215813194074533	0.0847218515058618	0.00407158504108729	0.00476522486375388	0.000515539453942502	0.242856235742793	0.0247458748675138	0.0119700025286539	0.0096734292039061	0.059153239773608
Mix_46	0.107223855786752	0.0803580214272359	0.0199112024567281	0.0450740583122681	0.0200121909848791	0.00222366363888672	0.00673060518709806	0.180828023824804	0.0555964858136685	0.00877473426761667	0.0186520977211898	0.0757584513909545	0.00370160269714517	0.00447306890902291	0.000661358488182169	0.253540703703392	0.0260634463069163	0.0102407043322132	0.0176078207495354	0.0625679040015107
Mix_47	0.0758517515966335	0.0686745800261845	0.0385183265637279	0.08278638940898	0.142424707617327	0.00591513841374858	0.0103416450215432	0.098475489109855	0.0343588567309301	0.0125160041882043	0.018534234886272	0.122192210357583	0.00426232600771791	0.00619946793872786	0.00139444306978559	0.140431195193531	0.0162753056175894	0.0158425566541416	0.0151845819439447	0.0898207896535724
Mix_48	0.11222913442549	0.0810970355767065	0.01526532295534	0.035795433753876	0.140024536745222	0.00542528673064946	0.00658868481416719	0.178311684653556	0.0266496484630295	0.0131735992726255	0.0232748854648703	0.052176512048076	0.00224529433238004	0.00679391318574449	0.00106955490884311	0.200529543691923	0.0254564783213312	0.0111901017213968	0.0188904009197101	0.0438129480150627
Mix_49	0.0581793162536435	0.0418873576487518	0.00603232008377362	0.0146877564826457	0.278203259111206	0.00874706654770544	0.00155220165766675	0.202710017550128	0.0332316688285692	0.0102891065123265	0.0317064152486691	0.0278501865681699	0.00269149482378712	0.00922684662176523	0.000780053868420812	0.212426884831211	0.0257819541333378	0.00522124844793982	0.00895012308334864	0.0198447216969344
Mix_50	0.0374772611433283	0.0339817338376596	0.0246267987336838	0.0495534965368845	0.0435449971635996	0.00328933994514128	0.00562406094610065	0.2334948886477	0.0591411173255931	0.0137847093452491	0.0231769340795661	0.0723799749354501	0.00404685650488366	0.0058058137167554	0.000642955772808057	0.30247158687101	0.0300121220968826	0.00791057250542202	0.00901717008111261	0.0400176098111695
Mix_51	0.100929112369679	0.0731802656635389	0.0214356727374525	0.0459905552657389	0.102078949761594	0.00244535161654609	0.00595717726552768	0.204264881500903	0.0242927057716917	0.0101050170610688	0.0231477895894092	0.0691969907257211	0.00323868345212905	0.00682636306033834	0.000757555849225414	0.209165103096052	0.0269436424970176	0.00746522647549526	0.0184038222752128	0.0441751339656584
Mix_52	0.0273131490348209	0.0229030449400055	0.0173615442926457	0.0405423535665545	0.166537879761781	0.00684105227584715	0.00395575223502626	0.18782636453331	0.0631060332295547	0.0134574482820779	0.0262012489405483	0.0664467457536772	0.00416155178938778	0.00681109081001961	0.000935034495346823	0.264287207154856	0.0281849450688962	0.00607591106248097	0.00530014716545078	0.0417514956077132
Mix_53	0.0875450512011117	0.0682530398817907	0.0331628815062915	0.0764510062738939	0.0753879316319128	0.0039050925316855	0.00855755885746901	0.137987120687043	0.0380058515313388	0.0103113074872506	0.0215138919630698	0.118311778857876	0.00317640711173488	0.00567927659138925	0.000806001710217986	0.19672479152645	0.0216173911992231	0.0104102088077777	0.0173349169555084	0.064858493686965
Mix_54	0.0411757694325008	0.0408341496072371	0.0382906474851303	0.0884730612059687	0.314567342379113	0.00711394823929021	0.0116043706478533	0.0458801235806	0.02072693964892	0.0126458645110954	0.0205631259801146	0.144945001681655	0.0034200392010359	0.00654546186544345	0.00116266447945787	0.0747852266598388	0.0116830961958853	0.0119033952474447	0.00883912938972089	0.0948406425616947
Mix_55	0.0290278091687845	0.0168189884456749	0.0176664040515382	0.0388210511017501	0.282708234948217	0.00696606860914912	0.00500290569511035	0.147833812672645	0.0528976908885899	0.0172253094278962	0.0270838709235528	0.0588270178574967	0.0025436980120201	0.00806023276900437	0.00134053360123968	0.206512556175212	0.0263292448582815	0.0097923601195359	0.00412380231616835	0.0404184083581341
Mix_56	0.0482752252899337	0.0307823651083813	0.0264287163795753	0.0600520011903825	0.0675605006617497	0.00305944978685295	0.00848658421817898	0.190438789673914	0.0556956923688357	0.0104520226879418	0.0207375150416777	0.0984081659482241	0.00512132158543799	0.00569704186827777	0.000416026357696081	0.267382025064137	0.0250804765227545	0.009783501623273	0.00881727973772374	0.0573252988850524
Mix_57	0.00612933980752535	0.0100153399538236	0.0195825086796957	0.0512068466799202	0.337186997730373	0.00934017422174204	0.00737751785888905	0.15761245809203	0.0135547321066783	0.0117788745570433	0.0319544523403174	0.0744434792704426	0.00157223586256825	0.0103835241885969	0.00188437536539537	0.160401863753948	0.0227801691036243	0.00949275946464213	0.00172556545903827	0.0615767855037057
Mix_58	0.0540361950315037	0.0472815334370016	0.015422594074562	0.0380356883456734	0.109056686795061	0.00182335415203487	0.00624918189290541	0.232618235580287	0.0362823177930551	0.0127706340022366	0.0286958394286059	0.0533076855319968	0.00253279314399661	0.00714892956627226	0.00042984007866327	0.278136072118123	0.0305599180544242	0.00829551485476792	0.0122574094641179	0.0250595766547107
Mix_59	0.046818658688928	0.0380554810483149	0.015705842770967	0.0387952002105098	0.331183159102441	0.0113832979764072	0.00565098124097223	0.111160538241509	0.0445064460477801	0.0155082942659835	0.0254218307218547	0.0627259908006708	0.00437674563040482	0.0089272095866749	0.00126847628682685	0.155804852502767	0.0187785613588099	0.00639009642058401	0.00742594707375839	0.0501123900238357
Mix_60	0.159715991276537	0.120135704038413	0.00326580728016552	0.00731892642884363	0.0500464094329051	0.00607953491819669	0.00125555735966569	0.181825376603255	0.0716168529405729	0.0145030998348688	0.0200030192525605	0.0133609170736526	0.00438024207288601	0.00402251717864605	0.00045094712524244	0.27879321024988	0.0264004053912543	0.000622297320179877	0.0261408186249648	0.0100623655973099
Mix_61	0.149663946633165	0.107273964567518	0.0231681777622556	0.0595509928905395	0.175399565902517	0.00627788364281128	0.00676421740466562	0.0812801442893103	0.0314363473790401	0.0103746423842385	0.0167826985014356	0.0909520527333331	0.00303885420656784	0.00549117853725848	0.00103053392728406	0.116696643526734	0.0162658090596866	0.0119834988951168	0.0241705745110438	0.0623982732454791
Mix_62	0.190974704859186	0.138499943573925	0.00457868980409071	0.0075051938666808	0.25924567516836	0.00736439568975871	0.00143169706435505	0.0989772886685232	0.030695402989764	0.0146072076756094	0.0236525856655311	0.0118807745135504	0.00233632826493768	0.00752099456598761	0.000941862399201211	0.132518569737554	0.0176849395170727	0.00274422663506166	0.0323780728309537	0.0144614465098978
Mix_63	0.0315654982834148	0.0241719403414512	0.0310705069074355	0.0830769219698222	0.277824019947368	0.0081593037731031	0.0104729445812435	0.0806370345668292	0.0254750871082407	0.0116636929720926	0.0232108755358284	0.134932245646324	0.00425577473828131	0.00848348828870466	0.00150944408129661	0.109883599916447	0.0160627580179082	0.0166423928860018	0.00550929351130261	0.0953931769269047
Mix_64	0.0931857458111784	0.064010478231383	0.0414440390506293	0.0927476319863039	0.106253502633363	0.0029383247569321	0.01218153510244	0.0905422849185061	0.0362395322498417	0.0115399726808007	0.0156267281334713	0.143712740070758	0.00478566839832802	0.00425150096162982	0.000808402520682292	0.13625098881574	0.0166160348881126	0.0163141894581461	0.0153246679389504	0.0952260313928024
Mix_65	0.0848794431944474	0.0722821942182496	0.0336909732242318	0.0753820002353232	0.0884700971430125	0.00358981112305724	0.00963294894521103	0.132853370284719	0.0383560114041952	0.0115009241216046	0.0190200476076312	0.118382474664519	0.00323451212553105	0.00475492700957352	0.000846267135651709	0.180052461331876	0.0189849593627498	0.0125297440542245	0.0163809896561965	0.0751758431579952
Mix_66	0.118980221118087	0.0853090847643043	0.00875831848099702	0.0167177213550394	0.161037546439044	0.00556148920513459	0.00241978903660409	0.189502498753875	0.0338450936719259	0.0136750600262397	0.0252737229412707	0.0312278185191691	0.00278283087640395	0.00763154659372357	0.000890616424031713	0.217221922092889	0.0262787288026221	0.00618106378632886	0.0204682631197315	0.026236663992579
Mix_67	0.176508020712704	0.127895098172343	0.0382750521559077	0.0804045931384658	0.118012365190054	0.00309736315386589	0.011092050756573	0.0685353223337976	0.00766882237966354	0.00785278269353986	0.01600871694013	0.12388438980121	0.000856103110497411	0.00472361575448232	0.00133275102525685	0.0783383331494148	0.0126343315734642	0.0152133936178801	0.0311725617482854	0.0764943325924639
Mix_68	0.0600216886173272	0.0426262512397919	0.0256411011045132	0.0549076427291278	0.040503444107155	0.00193692809654668	0.00702659221631676	0.204695917225736	0.0544101202722454	0.0137206046397869	0.0215196780161227	0.0920855470300863	0.00434478438058855	0.00521985668252142	0.000685928177356284	0.264507019843074	0.0283003956698366	0.00923142253856886	0.0109607050800115	0.057654372333287
Mix_69	0.166623732224219	0.119327123619758	0.0179164504029884	0.0370393323774384	0.149272141755243	0.00735728823537958	0.00353088894285212	0.109635111388647	0.0391913162228708	0.00979558697638084	0.0214881492497107	0.0507290871851793	0.00401147568595122	0.00586273994839129	0.000819530450331677	0.159579038052964	0.0189227635447759	0.00758511692778059	0.0280668020300906	0.0432463247790477
Mix_70	0.055900810259063	0.0524126079487338	0.0184962669140131	0.0433592206234683	0.0601881367399438	0.00398299669427037	0.00712869645059468	0.22438654156353	0.0466280444507999	0.0115614616797945	0.0263114086217504	0.0750746735508066	0.00323977445426531	0.00603503252596603	0.000801149058461275	0.271727453711756	0.0265087225187998	0.0109781291237745	0.0113196473118258	0.0439592257983823
Mix_71	0.0786395860137104	0.0616797982089644	0.0185246891013207	0.0388111022565022	0.216813203874509	0.007720575562139	0.00587815429189066	0.121640997097015	0.0580049768953818	0.0130155672697924	0.0228376116295063	0.0585094717756487	0.00472547692576433	0.00658320556674904	0.000581148204517457	0.196698560273727	0.0219576831423469	0.0114382724184752	0.0152839404484629	0.0406559790435761
Mix_72	0.0510167993635989	0.0341380225931471	0.0336412750516144	0.0774779055692177	0.0239105203331966	0.00137466384791307	0.0106077411951954	0.214320713958058	0.023679058809429	0.00859262057926628	0.0199410858656575	0.118863576939867	0.00297338730555743	0.00575756795540308	0.000861752454255086	0.236052822661425	0.0291333717506344	0.014092360920213	0.00935569730417178	0.084209055542179
Mix_73	0.0221951302294357	0.0171487036888015	0.0166431640232745	0.0305279547614872	0.277536296273367	0.0078059935312293	0.00566865783945938	0.161832364641129	0.0462963552359135	0.0105987063715424	0.0284260725928229	0.0497764982715792	0.00439029086032869	0.00963566733382717	0.00141435047269243	0.218981429608449	0.0239059971052809	0.00640987260420575	0.00566935163028281	0.0551371429248921
Mix_74	0.136972192129995	0.101995216638134	0.0303180792426176	0.0630638566971697	0.190169309532276	0.00669579344346437	0.00744315924930754	0.0651085471613081	0.0294637549972604	0.0117632365511097	0.019256781398409	0.102422220492503	0.0019905429150589	0.00526212526161112	0.00102204630878016	0.104101245364304	0.0121959120601256	0.0135579109331228	0.0233018879122511	0.0738961817111924
Mix_75	0.0822534439537241	0.0578507210849416	0.0134486384113321	0.0270346210682747	0.287887718113547	0.00832768293520169	0.00383024232700229	0.168743265804482	0.0226053578862679	0.0149893346707285	0.0281578258702702	0.03814188593527	0.00183568872842147	0.00988422585036635	0.000792232991041653	0.172146275026121	0.0240449037447913	0.00333554558575432	0.0130601340032252	0.0216302560092361
Mix_76	0.0813696099282316	0.0676138254456517	0.0103706639263797	0.0209429079737139	0.285456301915634	0.0099748699583267	0.00276603542436119	0.144618337915992	0.0402131918797393	0.0124221280954364	0.0251260251892666	0.0329108676766995	0.00382706217142876	0.00915740139174545	0.000833094067695133	0.191460552044785	0.0252905410745689	0.0062829248547703	0.012768649314192	0.0165950097513823
Mix_77	0.0660683173960852	0.0518507786923479	0.0360231946375482	0.0815649857665996	0.158874563221867	0.00352673671821528	0.0107004758973579	0.135722212756959	0.0172742386727247	0.0102183282845754	0.0205599880769901	0.128392096988359	0.00146955872063006	0.00673853742443775	0.00113551368869678	0.137735754238767	0.0197664492356234	0.0138910479221037	0.0132036241229703	0.0852835975371411
Mix_78	0.0352595583493804	0.0260259299696328	0.00541640453061494	0.0112916393958841	0.200884933297795	0.00741316254849514	0.000984243509696043	0.24858439927576	0.0504622799859457	0.0147621791952328	0.0313362426559525	0.0127649951806137	0.00394082036455625	0.00945830032582575	0.000738499809667096	0.293323954288337	0.0330794723907406	0.00168691612237981	0.00548175113000872	0.00710431767348158
Mix_79	0.0348810430600343	0.0284988771647105	0.0300596817912646	0.0734840186535171	0.377345983147892	0.0106295824569729	0.009864577249757	0.0629995957186704	0.0235315588161927	0.0116611248328353	0.0283736729532754	0.116326667249868	0.00223866219140655	0.0104993303019143	0.00115527300684219	0.0864309627581193	0.0137389314197774	0.0126234231489027	0.00791734170767336	0.0577396923703744
Mix_80	0.0782441900061649	0.0614057153769719	0.0218255638935797	0.0473995610634328	0.112267558927209	0.00524799522908593	0.00461493750871392	0.222773432188137	0.012477003489685	0.010139178059759	0.0241592043007398	0.0771805797182282	0.00152625178559478	0.00835471593751639	0.000919238291364691	0.215197191079812	0.0284770786076573	0.00623238633580726	0.0154206904150818	0.0461375277854589
Mix_81	0.0821872666167837	0.064754330002453	0.0290103184785423	0.0628172781161775	0.192673466201164	0.00664022237457616	0.00794180455145912	0.110510625631894	0.0433040901362495	0.0120267423532263	0.0220030022527435	0.100896077442558	0.00336047073370206	0.00631343078209459	0.00114291987370772	0.158780864644047	0.0184637519464251	0.00958829496775951	0.0156614682316276	0.0519235746628083
Mix_82	0.114700535341318	0.0843288290791037	0.000568022516805189	0.000516486095725386	0.21322817028516	0.00766274906051089	0.000188095919708042	0.175257090256185	0.0556666512294405	0.0123373983324001	0.0271000421668872	0.00206841599881711	0.00278533376681017	0.00774083752141702	0.000474191497108681	0.240821693178747	0.0257901338358854	0.00182952031535151	0.021687655302371	0.00524814830024772
Mix_83	0.125910829021301	0.0920616607509231	0.0231176392935716	0.0553383401760366	0.154037027174104	0.00632938928401573	0.00743793501318015	0.115764681082359	0.0318916555030823	0.0116955994470879	0.0200370525525334	0.0851658569893559	0.00279703248708492	0.00588796677896957	0.00072545871245572	0.154885307497471	0.0172255578792086	0.0109495471192517	0.0215298894655159	0.0572115737724912
Mix_84	0.0717599046834548	0.0589049181521254	0.0273824829304203	0.0615768502116249	0.0758157422297717	0.00270694864091304	0.00778955203231861	0.175309498054468	0.042660814189363	0.0109779643328629	0.0215875212645668	0.0999386674433822	0.00220183538400972	0.0062502735715059	0.000742270576438761	0.226547556463139	0.0242590837378004	0.0116078303352594	0.0129857378744728	0.0589945478921025
Mix_85	0.0941323929359719	0.068589331104739	0.00987459463850696	0.0175459703102407	0.227921587668098	0.0060633262634996	0.00247936616561659	0.190833313143786	0.0311332290995839	0.0121496529163167	0.0279423157549401	0.027905751115143	0.00294933547754416	0.00997909494518214	0.000711132867136403	0.207487192898533	0.0260864433079285	0.00213511888313248	0.0168807065846839	0.0172001439194167
Mix_86	0.0577276597132422	0.0476391554262718	0.0309517812981002	0.0675677198926452	0.221886987095492	0.00763729126051027	0.00921209823619772	0.0986804725114905	0.0466032786454771	0.01045517041002	0.0202873801139802	0.105116724750101	0.00451630702888171	0.00677892766618165	0.00111232358709725	0.160570011758704	0.017955369382036	0.0115458500986768	0.0106553215331949	0.0631001695916992
Mix_87	0.217047509887045	0.159077581014015	0.0317279726342056	0.0670953727591983	0.148882331764012	0.00586722307215718	0.00933869778430994	0.0403408767026686	0.0125895007904704	0.0107990437878643	0.0132052068863611	0.0936526349087624	0.00207731874607291	0.0032268364485717	0.00091449032788491	0.0518670857884392	0.00919815302560399	0.0109026232507375	0.037322119110317	0.0748674213113031
Mix_88	0.115036465589227	0.086432322280101	0.0174270370815171	0.0390280370167461	0.0141930533364028	0.00171332866104134	0.0052662296142457	0.217478062005674	0.0412519694873166	0.0130186967192039	0.0219708091265228	0.0614607013728616	0.00238606950902989	0.00484214596162287	0.000403902514284542	0.26410563236395	0.0286685660780613	0.00927961466019864	0.0203031276051756	0.035734229016817
Mix_89	0.0153809311582538	0.00913943210572557	0.03623038046626	0.0899928988393546	0.208898758383526	0.00703245504021451	0.0110813821444629	0.13721905818212	0.0279782499612331	0.00742053908109004	0.025926825896783	0.143752871822028	0.00395340134038207	0.00882481964517303	0.00131646821119452	0.158507683837364	0.0204981057119943	0.0169500873698591	0.00384073860058623	0.0660549122023955
Mix_90	0.103865838856672	0.0749822877222777	0.00420113297291769	0.0157859742548967	0.37792381641786	0.0106778129415288	0.00200468170616568	0.118585209515039	0.0170766252298733	0.0142451784536785	0.0281966001346591	0.0274056696555647	0.00169453064514843	0.0103745730153858	0.00150415729833328	0.124429486524906	0.0220059279210791	0.00332458884897251	0.0186447310675925	0.023071176817449
Mix_91	0.215146276997839	0.158065795175701	0.0107979701445184	0.0223967030684049	0.139362926972013	0.00448657641556117	0.00181970247279936	0.156680919050033	0.00756124231150258	0.0121863985959368	0.0191712719306618	0.0305697096634676	0.00152607232448385	0.00674490726777172	0.000596134730842368	0.129222348624502	0.0210028379347419	0.0061031602096428	0.0382044355025019	0.0183546106070763
Mix_92	0.106213191275228	0.0775502716693242	0.0241274086451284	0.0538761190634786	0.249879542941417	0.00729237348386042	0.0073500505194246	0.121333267621939	0.0105484319775886	0.0112085287820078	0.02489695517695	0.0853738163908672	0.00192976876413861	0.00836537427518103	0.00119192106442538	0.111621924653681	0.0171303818919877	0.0102537167937883	0.0184517593764597	0.0514051956331247
Mix_93	0.0404919472969281	0.0348659035295223	0.0394209983953729	0.0761763836796211	0.0010957988988826	0.00132148136387234	0.0110206594709242	0.235593850161672	0.0251875155763649	0.0158079123092134	0.0225423297827824	0.115094031000365	0.00529898530325629	0.00546540285544085	0.000923644663464262	0.245020223427022	0.0316011620497888	0.0097923159480262	0.00919864545657935	0.0740808088309006
Mix_94	0.136091582991166	0.0988182945810522	0.0162981371235231	0.0380802586458169	0.0436535319822703	0.00383757994867812	0.00512804365887061	0.192444742432982	0.0323480333713551	0.0108775710004271	0.021695247270127	0.0637806361070657	0.0024445225602219	0.00519026181135016	0.00021797446064261	0.225802891056243	0.0268971807785138	0.00851094564917222	0.0234653295177342	0.044417235052788
Mix_95	0.0753740256251366	0.0576830571876045	0.0175386850389474	0.0358587061717649	0.193925982288987	0.00620013830346772	0.00460647831141894	0.207824531268215	0.0123660493941666	0.0122697428114652	0.0280550135983671	0.0577419884357048	0.0016019237509004	0.00949024464504915	0.000685907293386906	0.195965230726662	0.0293489491985582	0.00457184892081362	0.0133038626461254	0.0355876343832584
Mix_96	0.0402474347578201	0.0296212546791029	0.020209691718392	0.0432865264756723	0.110813270287065	0.00447754888066407	0.00473609610075565	0.244715891476315	0.0337465127990425	0.013057333732615	0.0272980441569648	0.0592836537563297	0.00184636091805264	0.00749601690185443	0.000639201249713432	0.272724460640129	0.0333793496280841	0.00793914039305849	0.00751596443350489	0.0369662470148642
Mix_97	0.10379611058373	0.0788453840253484	0.0325597429601121	0.0726048043857861	0.190210058056614	0.00720455698329341	0.00964940501089657	0.0844815373946395	0.0326770740098424	0.0126224626507206	0.0193867847901411	0.112239630902283	0.00331069749669256	0.00615345627941614	0.00105187481534057	0.114569353866394	0.0145817958332778	0.0127435315089622	0.0166762048259265	0.074635533620582
Mix_98	0.134877057656159	0.0921585876804862	0.0573961385155933	0.121991163530141	0.00194730203866338	0.000440208056047321	0.0164695023091977	0.0700256479110583	0.0109752451897936	0.00889353583109677	0.0116461938509046	0.191298536428947	0.00267477682953548	0.00263099327295393	0.000943066969663861	0.0886986123127635	0.0142828371538731	0.0216629264222579	0.0237599266118863	0.127227741428978
Mix_99	0.00668144544701047	0.00753996565631047	0.0064576210898235	0.020813244107741	0.110599854835735	0.00427710710011906	0.00352224690891275	0.311223374143485	0.0313752743963621	0.0117041383635492	0.0315972830202467	0.0353716755247057	0.00399171080785501	0.00970942624436205	0.00100829125834642	0.333367091585104	0.0405757659094901	0.00208515530882636	0.00195468377771474	0.0261446445142994
Mix_100	0.0891970585873091	0.0669747905460549	0.0396032759063297	0.0871747878315842	0.15135427658481	0.00428329126451308	0.01163976990985	0.113626689748934	0.0076171216379268	0.0107246358684023	0.0199958516303624	0.135334790411944	0.00217336539321609	0.00647183731360686	0.000883128969825876	0.105986999315688	0.0162146944444963	0.0165682749742778	0.015775068167133	0.0984002914937356
