B_cells	Blood_CD34._cells	Dendritic_cells	Eosinophils	Fibroblasts	Keratinocytes	Lymphatic_endothelial_cells	Macrophages	Monocytes	NK_cells	Neutrophils	Plasma_cells_CD138.	Platelets	Reticulocytes	Subcutaneous_Adipose	T_cells_CD3.	T_cells_CD4.	T_cells_CD8.	T_cells_Gamma_Delta	T_cells_Regulatory	Vascular_Endothelial_Cells
S10001	0.0544660852649744	0.0543659026783163	0.0443566900678266	0.0498132105564744	0.0397513037666571	0.0410491376926455	0.0444299507658269	0.0419611141708711	0.0464543123235615	0.0473159363229628	0.0467102805354383	0.0469040989484552	0.04156419733501	0.0646311129531915	0.036586936157374	0.0554057891113832	0.0556999363740951	0.0556682517361609	0.0433320756273474	0.0489803099026464	0.0405533677087814
S10006	0.0550101779649317	0.0558293821743125	0.0441626407618101	0.0487172115736784	0.0399040345040286	0.0411082205138873	0.0442472823843061	0.0413891629380434	0.045076380803105	0.0484203960877909	0.0466407859170362	0.0472550519726796	0.0431546990675887	0.0645780354179759	0.0368171855599703	0.0538161514389902	0.0558698026994636	0.0547442728271171	0.0440385632346153	0.0486898348281215	0.0405307273305473
S1001	0.0550985336677487	0.0554941889176051	0.0442846060017226	0.0490831035925944	0.0392305533204164	0.0405367740234436	0.0436668823255467	0.0415164814957309	0.0463110388007762	0.0497493409153578	0.0464609901160408	0.0473046701915594	0.04224647273862	0.0628567057889281	0.0362694163624579	0.0535245306495751	0.0569245010352005	0.0553571687317493	0.0446099457800178	0.0493032174500354	0.0401708780948731
S10010	0.0545476823340662	0.0545519029104547	0.0442937865291993	0.049428514783249	0.0389524875157933	0.0402660064003374	0.0436744845965835	0.0417724135358501	0.0476595764399125	0.0486611586728331	0.0488185287925881	0.0468829498273554	0.0413487855107388	0.0628966428341811	0.0359335321920603	0.0547006247523713	0.0558275316845349	0.05624381276628	0.0441125111352285	0.0493559189168976	0.0400711478694849
S10011	0.0545689607805497	0.0541344255596214	0.0441903223202904	0.0486337078080432	0.0393862252961201	0.0407428077079849	0.0444374831687855	0.0416488024646088	0.0468108503042671	0.0478183502242046	0.0466422707255948	0.0469782272158833	0.041015027207565	0.0641362411694762	0.0364328885117059	0.056256960170836	0.0566354497269025	0.056547473857241	0.0436022147647542	0.0492837888403909	0.0400975221751744
S10014	0.054558405327194	0.0549427685143146	0.0442884736265559	0.0500478222168294	0.0397238964537145	0.0408371341773618	0.0440095917633301	0.0416765387539549	0.0457756252488685	0.0487173491817133	0.0464850908704043	0.0473127929131899	0.0420031082923395	0.0639984522552016	0.0368462434749217	0.0545005967821062	0.0556921563678512	0.0555550146084992	0.0438725288532177	0.0488367082431478	0.0403197020752842
S10026	0.0562201582242748	0.0557008489622286	0.0441390292736117	0.048802262821344	0.0388296386940808	0.0399198123312438	0.0431780217624055	0.04107972629252	0.0461930514316672	0.0493583421558841	0.0475690543169271	0.047139767151368	0.0416678618239619	0.0618216024392626	0.0357012365377711	0.0548076049698877	0.0582497900727838	0.0555564192841569	0.0446128755423991	0.0496842501352688	0.0397686457769526
S10032	0.0565702165921907	0.0548830206678622	0.0445340347193095	0.0486457202404868	0.038841769166844	0.0399745744190661	0.0434901608697585	0.0421360277692394	0.0485973614037791	0.0492559457416143	0.0472512529883399	0.0469893384563276	0.0416565272977594	0.0621345019198791	0.0358811077158465	0.0537587734815312	0.0564617601620958	0.055058498996684	0.0442558405190512	0.0495073141509042	0.0401162527214305
S10036	0.0548336057206437	0.0561400041755847	0.0439189164461685	0.0491645638759595	0.0398003442835161	0.0409320319210107	0.0439105806189997	0.0409682076861397	0.0449050369145631	0.0489274111307397	0.0469926342158926	0.0474160297799291	0.0420674937177855	0.0641901859923954	0.0367565316119239	0.0535471882265688	0.0572308580448036	0.0551100917312843	0.0440901535828553	0.048727493684849	0.0403706366383872
S10042	0.0553550880382493	0.0552576271800555	0.0440679390173461	0.0491504794415979	0.0391623953218341	0.0402579979645324	0.0435743902343443	0.0414721272788127	0.0466399482710536	0.0490050939710285	0.0473984605324719	0.0470772278760769	0.0419819533591154	0.0627732295617414	0.0359799130158458	0.0544060416727591	0.0569092777900786	0.0557640747574919	0.0444307727244608	0.0493538610511116	0.039982100939992
S10044	0.0560174313659598	0.055659618662845	0.0439928582306856	0.0488802755236201	0.0385088137968876	0.0396596897555568	0.0430404927799886	0.0410311492564586	0.0458811141707009	0.0493325641799587	0.0476947272771607	0.046996876558277	0.042162417056086	0.0615132566594077	0.035644633019106	0.0547215080417516	0.0586881974530163	0.0559371350154661	0.0448967688350699	0.0499625156376954	0.0397779567243016
S10049	0.0564390797502175	0.0552469056372481	0.0438209297243159	0.0492283228249662	0.0388119274359225	0.0398793675285592	0.0430207081318193	0.0412686438760509	0.0462066870687356	0.049066193751415	0.0468520423023575	0.0470303225024749	0.0426276851937607	0.0618354304821785	0.0356392430168264	0.0545536983020822	0.0579520426614659	0.0563138631814232	0.0445050864261617	0.0497810746109732	0.0399207455910457
S10057	0.0537186890005496	0.0550455443002247	0.0447370545249446	0.0487495674110601	0.0405778770672347	0.0422143713373761	0.0452078125498104	0.0417177835129492	0.0450474968558961	0.0484314038097521	0.0446715134024741	0.0471179886769991	0.0414152931165529	0.0668704742983591	0.0379547446291624	0.053814106302818	0.0548800251692076	0.0551197728272405	0.043276256530965	0.0483709480306357	0.041061276645788
S10062	0.0553988356548706	0.0550226371918192	0.0443204932134449	0.0489846636023008	0.0390378439331982	0.0401455632259678	0.0436108609706274	0.0417587814906062	0.0473906890899158	0.0486672931051561	0.0469102242522376	0.0470670060236872	0.0416469760408373	0.0625909023481357	0.0359324675146398	0.0547136349760252	0.0571655259024732	0.0557991681595718	0.0441393334721086	0.0496627452093088	0.0400343546230679
S10066	0.0538550120049867	0.0540212753400604	0.0447797360461706	0.0497652483597733	0.0392349219451693	0.0405816660387959	0.0440383957634904	0.0418941848475497	0.0475939327812531	0.0476642977051494	0.0491270886971327	0.0466502112374747	0.0418776795543035	0.0636703855084147	0.0362471372677883	0.0550504274536139	0.0558265201126362	0.0556638211431672	0.0434007881329056	0.0489164897761416	0.0401407802840229
S10067	0.0561033663247142	0.0552877110743813	0.0436967348447293	0.0483872966704873	0.0388386258867881	0.0399617984858667	0.0432148048974715	0.0410791915102106	0.0457721917535278	0.0501062004006664	0.0460840798382499	0.0464057834452793	0.0416605111329989	0.062250747769027	0.035744325118136	0.055567682680637	0.0585257964925632	0.0567702174137032	0.0446561576075008	0.0500690910391318	0.0398176856139298
S1007	0.0548837994326962	0.0554192756450865	0.0443958021189632	0.0490657513526359	0.0396785029260125	0.041067810364164	0.044246124598428	0.041659413262655	0.0460619017986236	0.0482573432869684	0.0461876343399933	0.0470056783018659	0.0422650595739146	0.0645686123864276	0.0367562247414187	0.0538405341296198	0.0557732400616352	0.0554642887844716	0.0437755585385865	0.049028923089338	0.0405985212664956
S10073	0.0554045880943734	0.0547717115940637	0.04375105305214	0.0485133526184874	0.038643518951612	0.0397867073742705	0.0434175725710914	0.0410226351214051	0.0463572712411809	0.0490887175189018	0.0466019693301163	0.0468240935206731	0.0417418842113204	0.0618074701880938	0.0354765995646173	0.0558761976242869	0.058536615633585	0.0577183595351918	0.0445884798808037	0.0503259366057238	0.0397452657680618
S10077	0.0546948784443317	0.0541702435748762	0.0446185407971621	0.0500272018764669	0.0395371171251114	0.0409424366482825	0.0444979969959039	0.0422800041367246	0.0472477866460888	0.0481790049575995	0.046242882840732	0.0468889998592353	0.0410838758742953	0.0643552529413187	0.0365378609115784	0.0548511338013119	0.0546396794142161	0.0558781247323092	0.0436783151760214	0.0491960992779014	0.0404525639685327
S10080	0.0547316606717875	0.0544130450403503	0.0443424268343207	0.0494203354117932	0.0393332900799166	0.0406198068696278	0.0443804212272224	0.0419214419687605	0.0474438499516585	0.0487498697183682	0.0470656757821875	0.0469871978276816	0.0415176232400455	0.064057016533376	0.0363559300015189	0.0541629400980823	0.0552329540451323	0.0560342668292724	0.0439667210394419	0.0490163253826222	0.040247201446834
S10082	0.0561317428353467	0.0547357095052397	0.0439479695226709	0.0486197383568856	0.0387566230459868	0.0399791779361649	0.0433158322273979	0.0413668807653819	0.046447334784939	0.0486540011306822	0.0470168835208444	0.0474109015879432	0.0405843879762491	0.0621734913732897	0.0356812449268674	0.055809308990685	0.0582474264975799	0.0565820151405989	0.0444251064331716	0.0503358659893476	0.0397783574527276
S10087	0.05695443877342	0.0550527017502368	0.0442166300480989	0.0486263698497841	0.0386781363003363	0.039716480040769	0.0432243327302664	0.0413069776187893	0.0472459994283114	0.0491671070239054	0.0465218863847241	0.0469942350084616	0.041838243243832	0.0617488108887596	0.035552688103108	0.0552612278758468	0.057544351262922	0.056143006512118	0.0444560964246911	0.0499792076209762	0.039771073110643
S10089	0.0547406016573401	0.0544415101025077	0.0443316258132355	0.0495409192555945	0.0397307728928942	0.0411150639991042	0.0443407193134836	0.0415200056825804	0.0459874290544505	0.0482700999541225	0.0469487639737504	0.0469730329541252	0.0413332081479454	0.0650474321993109	0.0368468374506524	0.054884116214403	0.0554175967843615	0.055807265342929	0.0433316853079762	0.048906601043393	0.0404847128558399
S1009	0.0562555620085734	0.0547451524862002	0.0440592097660774	0.0484749720033647	0.0391555418815306	0.0402244046241847	0.0440625661792163	0.0413539935270743	0.0455323374318437	0.0487378685660658	0.0451070382406228	0.0474812685538042	0.0406533699253241	0.0628360584381107	0.035885213435506	0.0566030437649033	0.0573370872496078	0.0570010890901984	0.0446469254231304	0.0499630297032854	0.0398842677013759
S10090	0.0545402355635553	0.0550165208474385	0.0444125614937199	0.0496538438687286	0.040030705744159	0.0412251859196656	0.0441406315328087	0.0417256043795834	0.0457966217872272	0.0480184061077077	0.046449128860514	0.0470726075856897	0.0418275789909713	0.0646259221975519	0.0370548726079964	0.0545751268447299	0.0557183228623555	0.0554718546110663	0.0434505487089926	0.0485835000678827	0.0406102194176558
S10093	0.053379917392314	0.0556708208208114	0.0441390947271315	0.0494482841783816	0.0406366439327057	0.0420520792976621	0.0452356076841918	0.0415801909617914	0.0451458694068815	0.048042516655059	0.0461522196079135	0.0473594308069768	0.0422678752714071	0.0662646349144121	0.0376029422977242	0.0531793613915271	0.054890732632644	0.0543187795206469	0.0435806412778608	0.0479601270929273	0.0410922301290301
S10094	0.0553836138489214	0.0546857195068635	0.0442177658142785	0.0490539108132841	0.0388624680130397	0.0400804041759882	0.0436710441381424	0.041881590816491	0.0474930493973518	0.0493467627744435	0.0476012450011712	0.0467913867577133	0.0417764966396773	0.0625430866362887	0.0357410567355931	0.0544672217019285	0.0563966658773862	0.0556704726046777	0.0443500647270781	0.0498450911251913	0.0401408828944905
S1010	0.0547338042072495	0.0543674613486065	0.0447260920355845	0.0488956640361877	0.0395503045746236	0.0407797333789569	0.0442718055406527	0.0419677432323319	0.0475871799596956	0.0480406388276	0.046283615120834	0.0469312710914668	0.0412807693082643	0.0639118110906652	0.0365444129430449	0.0552401788704419	0.0557917001767639	0.0562943788287143	0.0435453575329128	0.0488385075537534	0.0404175703416497
S10111	0.0560807970383439	0.0550495726299524	0.0436412825272364	0.0486982207232744	0.0386378172959832	0.0396258161004329	0.0431056395950984	0.0410913379127495	0.0463266121444375	0.0493651309702259	0.0464803944140901	0.0468912286012465	0.0425473985351169	0.0615075175248543	0.0355347446061944	0.0556978177179368	0.0585481674195085	0.0565666987702861	0.0447743859734306	0.0501733433618213	0.0396560761377801
S10116	0.054521967747263	0.0541338273752483	0.0444323408024007	0.0481532030846497	0.0396392563016784	0.040930863057147	0.044702005365365	0.041670676503481	0.0457499963216362	0.049000440932192	0.0440802797951156	0.0469442285507891	0.0406220612856824	0.0648048087066439	0.0364509335227149	0.0560737050717145	0.0568286727886304	0.0576304365374663	0.0440159486634404	0.0493358784108176	0.0402784691759237
S10119	0.0555859489613812	0.0553439556101451	0.043863863016126	0.0484999869390033	0.039323749881613	0.0405558172409565	0.0438680707623648	0.0408581112517137	0.045630458858397	0.048582875361294	0.0459403045878507	0.0471795845473713	0.0415946011862158	0.0634707270864104	0.036082883309079	0.0553108153923015	0.0577903664464872	0.0566073391666972	0.0441632889804088	0.049635802926173	0.0401114484880101
S10121	0.0555542888627791	0.0548181316921183	0.0439385940521092	0.0487660756304752	0.0391820182167757	0.0403884568089455	0.0435687634927685	0.0413885928160806	0.0467343986767008	0.0494079925681711	0.047022058514026	0.0467246425156494	0.04113124314799	0.0631920070163371	0.0362224655967548	0.0549986370468851	0.0568430528267292	0.0564758976932786	0.0439962946506499	0.0495844630032768	0.040061925171499
S10130	0.0542074629842071	0.0549316987549888	0.0446540578448647	0.0491517527177916	0.0397075261942478	0.041066154771517	0.0442634366755116	0.0417522050241207	0.0466845203276068	0.0484194367331522	0.047255064934907	0.0469573014494663	0.0415449475868629	0.0647655366893354	0.0367092333607338	0.0538531068640479	0.0553227616951149	0.0555300639736106	0.0437143839200121	0.0489704653484453	0.0405388821494558
S10140	0.0566549248361361	0.0545989415155603	0.0441922306905226	0.0491417731577728	0.0387571127046348	0.0398702657588624	0.0433398306045073	0.0418718726894966	0.0475514051993916	0.0486800523081258	0.0487333817616162	0.0478889575256779	0.0429343206827017	0.061976590706784	0.0356986132696816	0.0534927237156257	0.0553329821122832	0.0553138393896183	0.0446130728975437	0.0494257453117329	0.0399313631617247
S10142	0.0569119797079109	0.055132257555968	0.0440843465101066	0.0487499021948751	0.0391484737683223	0.0401952743541722	0.0436375110464501	0.0414342712340648	0.0461983147213895	0.0505803581017183	0.0454458533475594	0.0471831788908124	0.0415802990519872	0.0630460047315668	0.0361916838275087	0.0538506377976301	0.0564452802775647	0.0560177902734753	0.0444255656135083	0.0496053873581727	0.0401356296352363
S10150	0.0537300215232022	0.0545699079630265	0.0451894152990713	0.0499258032711522	0.0399650201040516	0.0414840267604255	0.0448872820363354	0.0423787493927323	0.0470174182416591	0.0482625078420309	0.0486342631390002	0.0471291375791753	0.0413974766921191	0.0653954832265642	0.0372198554516836	0.052932504382347	0.0534816819619012	0.0540237536168643	0.0433362459702135	0.0483249657571293	0.0407144797893154
S10155	0.055480733475299	0.0549614053626678	0.0439161270337147	0.0497521605955361	0.0392275914605604	0.0401980392746618	0.0436059542760249	0.0413847821433688	0.0464517970378361	0.0484956578264371	0.046338891673231	0.0469192842996195	0.0416093661232491	0.0627543353055712	0.0360887624175973	0.0553297062815855	0.0580443671031977	0.0560618260875478	0.0439950717431493	0.0493323083633686	0.0400518321157764
S1016	0.0546817109314451	0.0546338687825883	0.0444088270796123	0.0494022316283089	0.0397793507363241	0.0411054330133967	0.0441504641269361	0.0417863865884661	0.0462665524727505	0.0490573396955029	0.0466669238827349	0.0474011480852349	0.0412490245910508	0.0645002677942328	0.0367964450501544	0.0533376496109406	0.0562886972566986	0.0556206696056639	0.0436416773175628	0.0488108524476008	0.0404144793027946
S10163	0.0541942024696684	0.0540877765577121	0.0446693926217742	0.0490152609037972	0.0395684022445113	0.0409828078779718	0.0449178782842744	0.0419562099583908	0.0468473659497533	0.0478133686624531	0.0467734971730061	0.0470705892614294	0.0414085762491889	0.0649786880900769	0.0366753949484895	0.0552410192003587	0.0545489830505781	0.0563054535517628	0.0436919863931946	0.0488011929077163	0.0404519536438921
S10167	0.054739544501306	0.0555838736232676	0.04440153985562	0.0493601554592786	0.0396667195158577	0.0411272246141471	0.0444238296703948	0.041332772011795	0.0453043691031931	0.0490807139797857	0.0462552464554584	0.0473454359493058	0.0417531497101516	0.0645748625029489	0.036762929906145	0.053004374211664	0.0557966905831217	0.0557598567137735	0.044523039921102	0.0489024681303972	0.0403012035812865
S10168	0.0559482828983688	0.0550415840055613	0.0438223310743935	0.0491214224926293	0.0390450878625175	0.0401124759838319	0.0435925104466286	0.041135679761729	0.0456578624157129	0.0503276332311267	0.0459074271441171	0.0469397952887211	0.0411095732486847	0.0626564772921079	0.0360157764515928	0.0553136728325246	0.057491809193091	0.0567570134865964	0.0441692259828492	0.0498817855781729	0.0399525733290427
S10173	0.056604524854541	0.0551049839573152	0.0437815374903294	0.0483771605609485	0.0390074633779348	0.040259749454489	0.0437603697690181	0.0411505781312832	0.0453965165138666	0.0492190788937312	0.0457873057082053	0.047138989794564	0.0405829387869428	0.0626175179511036	0.036088607103985	0.0555321133725404	0.0587776354140576	0.0567415989053907	0.0443991959903655	0.0498264015516611	0.0398457324177269
S10175	0.0555505881376056	0.0548276691526565	0.0439784412876311	0.0495584419929595	0.0390408434846396	0.0405181460156453	0.0436920457040752	0.0416145765419386	0.0461445007726717	0.0490051142827017	0.0473323030156003	0.0471156528098266	0.0419744327800263	0.0633102247649371	0.0361911783146424	0.0544878962398544	0.0563728370985644	0.0556240135700142	0.0442014007831896	0.0493534527704011	0.0401062404804186
S10179	0.0559917029080562	0.0561219109094624	0.0440728042512845	0.0484010017049951	0.0384417630418505	0.0395355429420933	0.043143752645465	0.0411532149907436	0.0456802415020478	0.0505106737308186	0.0457493776313942	0.0472097891342686	0.0428859944104039	0.0609401743935341	0.0353115540659932	0.0545661595460303	0.0583263344582229	0.0564831148226704	0.045787057912559	0.0501244015830086	0.0395634334150977
S10186	0.0569281153134739	0.0555811368846109	0.0437562366793382	0.0481337237797291	0.0390437583321545	0.0401908832363673	0.0436432387646188	0.0414034155221425	0.046005368928755	0.0492276458941535	0.043867105220599	0.0470309156646039	0.0413315859323091	0.0626635783527879	0.0361333158990733	0.0559369629996037	0.058195648639546	0.0564854176777662	0.0445702896452013	0.049782046208896	0.0400896104242696
S1019	0.055276745287957	0.0550222951989557	0.044141746122919	0.0492803288740255	0.0393209586918135	0.0405199610018379	0.0437160419578104	0.041663038715029	0.0463306418924139	0.0493910993088069	0.0458181846425242	0.046836517120984	0.0416433562437263	0.0633253460739115	0.036316775212375	0.0546150472919825	0.0570143325645687	0.0561915222606924	0.0439618082349108	0.0494603864603317	0.040153866842424
S10190	0.0567151265753007	0.0557675892962717	0.0437050355654109	0.0483086739532003	0.0387229209522946	0.0397456083169463	0.0429709392411818	0.0410028850569575	0.0463246407828941	0.0491416896785034	0.0463226856926369	0.0470377119614109	0.0418432291812562	0.061266040923162	0.0355672897854051	0.0552918580829977	0.059565927126798	0.056100214595898	0.0449941676065638	0.0498959349173667	0.0397098307075434
S10195	0.0547709758409084	0.0551793887960221	0.0444201435767574	0.049055970863721	0.0395290066985672	0.0408173903321777	0.0440712385211064	0.0416240679735424	0.0463617559444923	0.0480934542913937	0.0475399537321185	0.0471110747508885	0.0426169316682463	0.0642111562368951	0.036526452273639	0.0540086779830869	0.0557408512881918	0.0551088758370995	0.0438405760152815	0.0488574872747	0.0405145701011641
S10196	0.0547864092705479	0.0555192471930557	0.0440916196317099	0.0491874093781303	0.0388998192979992	0.0400903529369201	0.0434628342561389	0.0411498507560362	0.0465842529640267	0.048925792191094	0.0471363438986579	0.0470608693933916	0.0431497150091428	0.0624063554494273	0.0358335250771741	0.0548444712821455	0.0571918204846548	0.0557393113138765	0.0444414145269893	0.0493701447789526	0.0401284409099285
S10200	0.0546402644124043	0.0544298834916916	0.0443539226719744	0.0490941348069378	0.0392467477418178	0.0404894656810552	0.0438058509532644	0.0418130676214722	0.0476423300849664	0.0496226011259889	0.0475449051825326	0.0470595428046805	0.0420101742987938	0.0633278231700293	0.0363138778776795	0.0533810988388208	0.0556333320938898	0.0561008562870893	0.0440208405441181	0.0492961611946947	0.0401731191160983
S10201	0.0541216624997052	0.0541598757783045	0.0447943772021993	0.0502243465090367	0.0400628955613283	0.0413878025468291	0.0445588628397844	0.0422624637885804	0.0468019658169981	0.0480146542010983	0.0492453822661694	0.0469130135741178	0.0419269590644566	0.0655398464013252	0.0370725258882768	0.052816360471632	0.0530726405028546	0.0548772705877088	0.0428292759363001	0.0483876674871057	0.0409301510761887
S10202	0.0546735470385121	0.0540091887276341	0.0446940070524533	0.049356474431216	0.0395223736338768	0.040766013922174	0.0442645798448688	0.0419535902045106	0.0469783844551007	0.0493789059808119	0.0467762991468576	0.0470445103099569	0.040539697424353	0.0638578125347025	0.0365990532483953	0.0548232113818392	0.0553367404737066	0.0564078784282069	0.0438890320393548	0.0489857969209517	0.0401429028005171
S10205	0.0565124616530705	0.0553236056998575	0.0439855529750702	0.0488232250555206	0.0386252576671211	0.0396217524066575	0.0432091368201157	0.0411547907861772	0.045839086151859	0.0495563993331111	0.047495835750187	0.0470620457796285	0.042293737690085	0.0617660847448898	0.0354627959672846	0.0550944198668921	0.0581959680145283	0.0559567407571254	0.0447944507433756	0.0494458296849184	0.039780822452525
S10211	0.0542772946070985	0.0559497794602496	0.0443281137151509	0.0490646842997383	0.0402463634508512	0.0415249657195857	0.0444782432006714	0.0416958340242894	0.0449799693183619	0.0481694991663185	0.0457296908414875	0.0474025486181569	0.0424087298447716	0.0648463643167935	0.0372645519189373	0.0532912654821435	0.0559519689464173	0.0549648541259788	0.044315958305855	0.0483922397231209	0.0407170809140223
S10221	0.0556194742015038	0.0557706797592758	0.043625482973585	0.0493326719030748	0.0389117483811163	0.0401408767655175	0.0436513646541361	0.0411490078120154	0.0458771873108866	0.0486295855489775	0.0469290517811831	0.0470897349075622	0.042485133481106	0.0620237728884409	0.0357982089234893	0.0550308976547325	0.0575545397701302	0.0559849417091729	0.0446692938096237	0.0497865440161742	0.0399398017482961
S10222	0.0549831433427011	0.0548221365270557	0.0442051924465492	0.0492582899800899	0.0398530171052033	0.041109890295811	0.0442435516386173	0.0417984376034703	0.0462310837350005	0.0477209348498344	0.0473150059706485	0.047065686986073	0.0418376341107298	0.0647745896102593	0.0369675384636139	0.0542593488393139	0.0553379024752371	0.0553861411270044	0.0435258570521075	0.0487531235206328	0.0405514943200469
S10226	0.0562446359965889	0.0553874548791372	0.0443431632454186	0.0488328497293795	0.0390091485669588	0.0401008105078652	0.0433361083286005	0.0413093598863572	0.0468369272852091	0.048835389541159	0.0474624792314583	0.046520255336747	0.0424056544494125	0.062484638090967	0.0358173716111144	0.0545627151111514	0.057081714680929	0.0558240945973601	0.0442155963084992	0.0493643199705094	0.0400253126451778
S10227	0.0544302639390315	0.0547051798533856	0.0444003892539073	0.0498222158075852	0.0393932661765524	0.0406792791425411	0.0441110274418715	0.0418548717594372	0.0467780594816958	0.0481860397724409	0.0473931965231512	0.0468457576287449	0.042522417565657	0.0642468627367147	0.036462744607191	0.0544088145007526	0.0558557369960485	0.0548916440064457	0.0436400537305947	0.0490380995437209	0.0403340795325302
S10228	0.0550025657084237	0.0551938259198875	0.043913779195873	0.0491757760091885	0.0392293054164347	0.0403632825314645	0.043784395865898	0.0415018336197729	0.046483030377954	0.0488665898793238	0.046961053349993	0.0467671624888658	0.0422895341785239	0.0629273978246563	0.0360347230464926	0.0549304425093268	0.0568780390408383	0.0563937345068632	0.0439877920036854	0.0493611399102142	0.0399545966163198
S10232	0.055753941692007	0.0550763822562335	0.0438829187112301	0.0485256782237907	0.0401449575556047	0.0413239857435937	0.0443833646204692	0.0411452902146416	0.0446103686841281	0.0485783382802234	0.0442587386915394	0.0476090799307345	0.0409615633512171	0.0647986057443597	0.0372414477193024	0.0550863996868158	0.0574552966352229	0.0554720595950068	0.0443229369396852	0.0488991927360252	0.040469452988169
S10248	0.0562207153987205	0.0561613064454567	0.0435473995030596	0.0487595686886705	0.0391056703391797	0.0401904412645425	0.0430771039287764	0.0405629449716599	0.044856551528714	0.0495279116158971	0.0470771113564769	0.0473282108435694	0.0419045883475589	0.0620813156432333	0.0358530174968382	0.0547671562943809	0.0588804835317253	0.0556302019784525	0.0449749505799951	0.0495277715058166	0.039965578737276
S10249	0.0543941129709716	0.0542029667511745	0.045039257410172	0.0499320571101069	0.0392908201341164	0.0405063383863551	0.0439527579716945	0.0429141587418811	0.0492599884693824	0.0479622803389754	0.0482658455611441	0.0474815703770265	0.0419246982445368	0.062825033013286	0.0362911326571145	0.053649932127581	0.054394564791787	0.0546529385874005	0.0441290359193176	0.0485579018884057	0.0403726085475705
S1025	0.0563064935846723	0.0551043296630442	0.0443636120783898	0.0488207258327559	0.0389155284592596	0.0399401599162317	0.0432866294837026	0.0414176981159423	0.0465217778502341	0.0502972123721651	0.0461078681700449	0.0470455863128821	0.0416883374050104	0.0622687993999267	0.0358529654841184	0.0543060672454703	0.0576023132348492	0.0562018638470215	0.0443989690705721	0.0496475001403075	0.0399055623333994
S10266	0.0539673988557045	0.0540471511756399	0.0447661279810139	0.0494336312574261	0.0398874335513141	0.0412684098700223	0.0446396590681278	0.0421692641545032	0.0473581469090914	0.0476936798515242	0.0472735941351054	0.046734699638137	0.0415263074006329	0.0650572344365574	0.0368757109836047	0.0547009523148409	0.055004567332702	0.0554569606126342	0.043190943296758	0.0483363607431808	0.0406117664314795
S10269	0.055982941034351	0.0544134351379762	0.0445828483147934	0.0492487243773625	0.0396384254267288	0.0408146383117974	0.0439791971886683	0.0416844775411653	0.0462513686204673	0.0488858906869231	0.0473364224854741	0.0469548134435705	0.0414840669989327	0.0640293841791014	0.0366391708320227	0.053672021495967	0.0557707211334076	0.0554400737801245	0.043637905362489	0.0491636799490592	0.0403897936996179
S10272	0.054789623926168	0.0557370861141426	0.0441822673719326	0.0492816792771303	0.0398647486032462	0.041184442733701	0.0442644135769615	0.0413161181649486	0.0457635373415484	0.0484825679974927	0.0475881384427817	0.0470493734021767	0.041506018655451	0.0646533522434165	0.0368549955091949	0.0528579678713496	0.0559421726509656	0.0551510441714636	0.0439681441090193	0.0489383839244265	0.0406239239124828
S10273	0.0564535842128534	0.054625369471368	0.0445013845492544	0.0493397240039652	0.0390808004023887	0.0403513366567008	0.0436487295337471	0.0415173087308097	0.0463917656817429	0.049291778785731	0.0474881350497874	0.0468737226090946	0.0417883709428182	0.0629659962640124	0.0361417210059616	0.0543373687472146	0.055839943312842	0.0557965921084597	0.0439604673899244	0.0493804304539019	0.0402254700874218
S10274	0.055119784680262	0.0557295492276078	0.0441785248457372	0.0488669352475285	0.0394040965692693	0.0405235699428091	0.0439136623383134	0.0414288289283395	0.0460833222979781	0.048725139389644	0.0472738482538488	0.0470029201854276	0.042255887908998	0.0637622325455792	0.0363160159798315	0.0538385603695684	0.0564855608987963	0.0554976187696602	0.0441817307826726	0.0491257117872777	0.0402864990508508
S1028	0.0563414250319267	0.056049016178712	0.043786466164281	0.0492974499983702	0.0387245172620275	0.0397839823766671	0.0430562064388524	0.0408925747637729	0.0456913045817332	0.0495106701940215	0.0475913085165551	0.0473050931736283	0.0420603137704951	0.0616616565641997	0.0357913213024744	0.0543235573474174	0.0583284480195842	0.0552312785834018	0.0451506345557527	0.0496421291236943	0.0397806460524323
S10280	0.0563386428364803	0.0544978214480809	0.0435893928544247	0.0496845229217008	0.0381620734350024	0.0395368701034894	0.0429662360794624	0.0419601164341041	0.0482720799102311	0.0497462971326874	0.0468867681602882	0.0469942040687242	0.0411777171319245	0.0603208415883955	0.0352088121814114	0.0561100300385867	0.0575332643179429	0.0565861547399784	0.0447481056010824	0.0501686656683524	0.03951138334765
S10283	0.0568494305308281	0.0549934094956824	0.0436677465585713	0.0481345465579447	0.0384247328521616	0.0393455046759765	0.0429047769616609	0.041450551902365	0.0470857765195616	0.0504650707162896	0.0455931798984309	0.0469310469053834	0.0412411789369445	0.0606615834773833	0.0351832652987756	0.0557074851683526	0.0585623283468768	0.0572278872842643	0.0453425828980178	0.0506272102120206	0.0396007048025087
S1029	0.0558202480043428	0.0548966946693908	0.0439969071902361	0.0486854132912613	0.0391239340578605	0.0403868783269712	0.0438139929206465	0.0413449295976544	0.0465825534720392	0.0490808377255191	0.0466271889577158	0.0470341013743846	0.0420804481054012	0.0632224223324018	0.0361710325353045	0.0548277114224823	0.05656476900325	0.0560103960277122	0.0441560350559467	0.049517942697385	0.0400555632320939
S10292	0.0554894732486194	0.0552305010916074	0.0440010437302934	0.0486690515896045	0.0394729663481915	0.040813826461887	0.0440457652842695	0.0410792633281468	0.0449031495781615	0.048610276125045	0.0455691245827502	0.0468857924421851	0.04132032315145	0.064198455172931	0.0364158435950698	0.0555631939354615	0.0575516093837965	0.0563598662053373	0.0440931366822014	0.0495029937775274	0.0402243442854638
S10294	0.0564385811628543	0.0558385723241476	0.0435249097250818	0.0488570571039717	0.0388902073530694	0.0401619027459346	0.0433293843295057	0.0408270523144956	0.045203609610814	0.0498554283692499	0.0459566646043821	0.0471300757901715	0.0422552046207009	0.0624450426132654	0.0358506484046308	0.05467167678743	0.0577520040376671	0.0565006462103757	0.0449526259637031	0.0497429596320749	0.0398157462964736
S10302	0.0547090313501064	0.0556945269240235	0.0440618791946193	0.0488950071438522	0.0393977759624176	0.0406924763518615	0.0439183361719201	0.0413129045243472	0.0459122532412395	0.0487988680516029	0.046543922282691	0.0472073973279342	0.0415994820558254	0.0638853904389247	0.0365237661718141	0.0547290023260949	0.0569264194962978	0.0556481864741957	0.044189111832434	0.0490819100138506	0.0402723526639473
S10303	0.055297098232029	0.0544025856167165	0.0444499676553925	0.0490046410593748	0.0395668070156618	0.0407477781798017	0.0441092674068744	0.0416899441381841	0.0468762844905932	0.0491847479565776	0.0466672505328269	0.0472167719226462	0.0411412834522647	0.0637569266896621	0.0364935199902149	0.0541834223756718	0.0558600522201059	0.0561517743339072	0.0437096399158654	0.0490922520873275	0.0403979847283018
S10323	0.0551130076306681	0.054643937495481	0.0444903657039667	0.0487622968595428	0.0395333239095885	0.0407660038643156	0.0441785362119642	0.0417075858459576	0.0462756376804929	0.0484214949901854	0.0467804302386312	0.0470962524270805	0.0420747144114712	0.0641770907946142	0.0365275524296688	0.0542855545362413	0.0556764043931293	0.0562231199098242	0.0438400313301328	0.0490883836417819	0.0403382756952617
S10326	0.0555752398039918	0.0552247411856196	0.0442009646696468	0.0493042184990242	0.0390095482337673	0.0401909152197804	0.0434449413465618	0.0415991117374761	0.0470318818803043	0.0495766811897307	0.0472887480055142	0.0469037029792665	0.0426780685071669	0.0624981575537785	0.036092149235716	0.0536492375400427	0.0563123520216507	0.0556930331353116	0.0442227832772278	0.0493016926573966	0.0402018313210255
S10328	0.0552106599583748	0.0543596430201168	0.0437031252553681	0.0490961174348058	0.0390317001590766	0.0402340295967728	0.0436415589314369	0.0414066387175275	0.0461079435398156	0.0505291846354048	0.0464091631021555	0.0469067777435648	0.0410016519158092	0.0627921267200933	0.0359137728690177	0.0551375740805645	0.0566521005155574	0.0579759056631986	0.0442276679261117	0.0497747345896827	0.039887923625545
S10329	0.0562944417206694	0.0548208805732198	0.0441088354484095	0.0487668209687734	0.0389356265276985	0.0400515356455808	0.0435771954396732	0.041310461920084	0.0464905852233668	0.0495006050031326	0.0464188148119985	0.0468503740351947	0.0420127696132831	0.0624335664896632	0.0359539644714112	0.0549085245277718	0.05703622398827	0.0564701369232141	0.0442866426174561	0.0498257147938065	0.0399462792573228
S10336	0.0551623028797696	0.0542462411097343	0.0445218015145759	0.0493370899005598	0.0394716568061977	0.0407778290477008	0.0441273010981729	0.0421474502496821	0.0469780002146731	0.0500229064013047	0.0468896374817229	0.0470263442733184	0.0414048173625824	0.0639187491321482	0.0364466319815729	0.0534253721992071	0.0554716284033792	0.0555097718820556	0.0437209625338073	0.0489758004967332	0.0404177050311021
S10340	0.0559507024925384	0.0545489060616527	0.0441437750691689	0.0490424710707744	0.0391584560801616	0.0403750307625333	0.0436334122944521	0.0411633836576197	0.046003631820999	0.0487891868878326	0.04709147531627	0.0470985225681638	0.0414841887494478	0.0629481926841697	0.0361847423664414	0.0552717984786054	0.0573630432358431	0.0562302965787509	0.0437941860212001	0.0496412251189759	0.0400833726843991
S10347	0.0536564828246393	0.0542850933713687	0.0444645213537704	0.0489530236816033	0.0404728541142427	0.0419328085715865	0.045371213816329	0.0420061469367133	0.0462232064224731	0.0478729238234406	0.0454380317714365	0.0470037273052209	0.0407857922813757	0.0664063157656018	0.037454501813521	0.0551864249186815	0.0543335449521836	0.0554204833142517	0.0431477480735199	0.0484838042404945	0.0411013506475461
S10353	0.0561106934069853	0.0548125218503051	0.0442917367465173	0.0494098227167989	0.0393870190604288	0.0406207217837781	0.0438637192570429	0.0419133500227433	0.0464154866843623	0.0484307548501346	0.0466725793331829	0.0471116163136466	0.0419046969718932	0.0635758645654648	0.0364677891841628	0.0542953193801709	0.0563935552564749	0.0554607061322705	0.0436985284122088	0.0489630362531604	0.0402004818182676
S10356	0.0548897262879255	0.0542562096191499	0.0445179320970885	0.0491415074678405	0.0397547090589069	0.0411335235054782	0.0444963905154201	0.041794568942796	0.0461766030594465	0.0481365621775207	0.0457267606305239	0.0471179883044409	0.0410425631324698	0.0650748363670046	0.0368810753177576	0.0552218687239665	0.056127855802592	0.0560402749575589	0.0432947077967791	0.0487703335985549	0.0404040026367794
S10358	0.0549156877956912	0.0549054199265158	0.0444583613506573	0.0490206328261531	0.0389822788789919	0.0402431811662268	0.0435379058495833	0.0417852423017273	0.0473956940491858	0.048710690070588	0.0477032721791111	0.0468641287845305	0.0423358900381572	0.0629612552242138	0.036054206798118	0.0544932291831451	0.0562542969011177	0.0557371524314803	0.0441421307646823	0.0493434700269719	0.0401558734531518
S10365	0.05506393206949	0.0546322464086593	0.0443352785744675	0.0496964098309393	0.0394060768017719	0.0409130153402584	0.043817060200245	0.0418718315011051	0.0468423654612403	0.048723704423905	0.0475270973087319	0.0468787115331994	0.0413699898957104	0.0639994838986644	0.0366014198342066	0.0541591880075066	0.0556893329900919	0.0554479401608125	0.0437512658649703	0.0488970537662772	0.0403765961277469
S1037	0.056007897094934	0.0552448998237928	0.0435701376553269	0.0480866659898617	0.0391006113278492	0.0401810396606758	0.0436185126046792	0.0409480212101962	0.0450555712045873	0.049637445278348	0.0447270082479048	0.0470828035142668	0.0410913558753586	0.0626469624569816	0.0360096076068182	0.056390561005509	0.0585948744567214	0.0575677695918644	0.0445147034558911	0.0499336306091141	0.0399899213293189
S10373	0.0557315404828282	0.0555417424894121	0.044281237174375	0.0486034902870727	0.0392265112169785	0.0404075876443197	0.0437932771519082	0.0411666984031255	0.0458901100157694	0.0489087720294424	0.04625173761616	0.0466786575578304	0.0421946701351035	0.0635009657858687	0.0360577235851864	0.0547767498178165	0.0571106725192045	0.0559441576181861	0.0443559722405464	0.049510736918594	0.0400669893102718
S10374	0.0550202982255129	0.0565987319465574	0.0443811698692229	0.0493592059582231	0.0400908033375262	0.0414329076209852	0.0439816194694979	0.0411285579729892	0.044732661780365	0.0482192593925778	0.0456488621964237	0.0475894350216252	0.0426194106210022	0.0648636519382488	0.0371625020830919	0.0526292363006922	0.0570105746371469	0.0542527987473869	0.0440349133928804	0.0483530692720553	0.0408903302159889
S10375	0.0550486726083248	0.0551287648344028	0.04419872478179	0.0496154187443033	0.0393575026967359	0.0403500718756472	0.0438832479811445	0.0415679286543375	0.0464329770790698	0.0493569743831289	0.0472433846992475	0.047308612406471	0.0418101013823279	0.0625098407021314	0.0361886536493803	0.0545719082149915	0.0558781535587592	0.0555111597638577	0.0447097217742706	0.0492244614803336	0.0401037187293447
S10377	0.0543239021116517	0.0557019235658159	0.0445254320677572	0.0487902134165074	0.0404351947272957	0.0421036331362263	0.0453720689461454	0.041704432769027	0.0445708701849004	0.0471824927378411	0.0448795528259437	0.0474448007233299	0.0416752392689366	0.0663168949621222	0.0375264875511463	0.0549228550796677	0.0548732220335996	0.054419944210306	0.0439822411015925	0.0485204096569356	0.0407281889232518
S10378	0.0564727668119381	0.0557379832371497	0.0437158952897587	0.048621591192188	0.0385873801436864	0.0395034947147868	0.0429502263068847	0.0408554573933513	0.0463456237622583	0.0500116500186989	0.0470650730274266	0.0471303192432759	0.0415080186531592	0.0613801072168043	0.0352694716680733	0.0555407520678069	0.0578382240937075	0.0568669400787311	0.0450196120204347	0.0498337117236599	0.0397457013362198
S10390	0.053892224784434	0.0545940052852681	0.0447348408948441	0.0492126709306392	0.0408012800307881	0.0423906159234251	0.0455605289153738	0.0419864893573411	0.0458004331501525	0.0467480624384255	0.0453380970836963	0.047047279445835	0.0403937975160727	0.0673297694602287	0.0378386854652172	0.0543409809853555	0.0548341971897986	0.0549980842897727	0.0428756973013385	0.0481712017464138	0.0411110578055796
S10391	0.0549669623149104	0.0563742294740911	0.0447113520805122	0.0492269064334769	0.0399885777395646	0.041497467450271	0.044692857661037	0.0421106813796933	0.0459077918072417	0.0481601582553704	0.045519924538663	0.0473538248146467	0.0428626120399672	0.0650995570115166	0.0370341366320767	0.0525719280994049	0.054891139326201	0.0539249305957779	0.0439972148048854	0.048272380556609	0.0408353669840828
S10393	0.0555259264000816	0.0564364036854725	0.0434688497014047	0.0489159309059639	0.0395262422340372	0.0405842033384031	0.0433492998346727	0.0408828275261835	0.0453298152233168	0.049878777645552	0.0464739752350055	0.0476041387632659	0.0421215821989056	0.0631013825310781	0.0363368694776525	0.053696748449265	0.057453382162565	0.055238431041296	0.044910784380374	0.0488253067041126	0.040339122561392
S10400	0.0546189618650821	0.0544499473791531	0.0447481091624602	0.0492458405729203	0.0395022010082555	0.0408981575602106	0.0443411462114088	0.0420988660607269	0.0477977129009168	0.0477187445299131	0.0470116018245192	0.046964631121166	0.0415230805400516	0.0643686732059979	0.0365472234837542	0.0542968157843145	0.055278079653544	0.0554568889789089	0.0435265045392143	0.0492012683870297	0.0404055452304525
S10401	0.0547959812348883	0.0541810700737099	0.0446465443027676	0.0491001056978163	0.0397266896004677	0.0409901419789435	0.0445923498507273	0.0421774361031757	0.046654404406348	0.0483553504241399	0.0462100841213902	0.0469275495714564	0.0415436454113215	0.0647982503565732	0.0367190837586078	0.0543331503300721	0.0552234896179608	0.0560306025702925	0.043581171828608	0.0488741257209056	0.0405387730398278
