naive_B_cell	memory_B_cell	CD14_positive_monocyte	CD16_positive_monocyte	CD56dim_natural_killer_cell	CD56bright_natural_killer_cell	neutrophil	CD4_positive_alpha_beta_T_cell	CD8_positive_alpha_beta_T_cell	macrophage_m0	macrophage_m1	macrophage_m2	MAST_cell	basophil	eosinophil	gamma_delta_T_cell	hematopoietic_progenitor	myeloid_dendritic_cell	plasma_cell	plasmacytoid_dendritic_cell
S10001	0.0424290482899916	0.097808548448989	0.0638408266305021	0.0131164305848139	0.0303885384926514	0.0811237715850133	0.0905009350457031	0.112609823664324	0.0202986129871332	0.0119676489054251	0.015733976830906	0.0472589337440013	0.050769098690512	0.00709788992161699	0.0362469688462719	0.0230195311099231	0.0363101861724944	0.0735375804711458	0.0287251209742376	0.117216528604344
S10006	0.0408289229410577	0.0900259975842086	0.0703269427381719	0.0118879086045321	0.0407593754554234	0.101272112143258	0.0800148640553373	0.107117283026876	0.0195864076677836	0.0115263771401092	0.0174974224576828	0.0477641723976079	0.0461486381221194	0.00677733402347206	0.0319301004511466	0.0224036460675736	0.0416512358875034	0.0687972450402736	0.0278231831026991	0.115860831093164
S1001	0.0381483902744456	0.0840027994289559	0.0703503036104484	0.0117953655151931	0.0428376669693942	0.111098641875143	0.0871006840758562	0.102385194164902	0.0201264448715841	0.0111045737279496	0.0180107838396513	0.0473067288770956	0.0464954134512296	0.00642272779597923	0.0339212494156191	0.0230383118502514	0.0389195894524818	0.0651441574239498	0.0272527461606015	0.114538227219268
S10010	0.0325703257759524	0.0892531231306993	0.0768611634123529	0.013026601224232	0.0406591372339609	0.0983392301350582	0.086188680324008	0.10341792643075	0.0209400818566499	0.0118024918574865	0.0167703177472506	0.0475639779361213	0.0478074615568572	0.00708657165451055	0.0368586234563409	0.0235154367937119	0.0347624499295355	0.0685176579013285	0.02701090200265	0.117047839640544
S10011	0.0402509048643646	0.0924937902015156	0.0742692328255332	0.0130661648012391	0.0353893807429178	0.0862475966556796	0.0765339047764471	0.115196140630927	0.0202639303557446	0.0118136860714996	0.0162503574548359	0.0471454368915244	0.0504122564755594	0.00687342609411459	0.0313648304920257	0.0250018792046234	0.0353579012493661	0.0735383883507682	0.0278486549834916	0.120682136877823
S10014	0.0400507778548596	0.088831990088205	0.0701989008214532	0.0120483008305103	0.0373270791297033	0.094008928738175	0.0862149195812394	0.108813380055618	0.0195925738828256	0.0113855612571389	0.017474568836321	0.0494641676433386	0.0494321462080259	0.00673111553734025	0.0424513801635535	0.0228082924407204	0.0321384555675499	0.072800037871743	0.0278418558558137	0.110385567635865
S10026	0.0346612046017966	0.0905353352380167	0.07434799601885	0.0121185817616961	0.0432570841470651	0.100425857100929	0.0843624828292252	0.105941456553813	0.0200305362382449	0.0112181973714207	0.0154163411424404	0.0450035498642852	0.0476312720333287	0.00680838259072624	0.0331666787197515	0.0239244447828893	0.0379175288241842	0.0716274552652667	0.0268768425754849	0.114728772340585
S10032	0.0428306939839185	0.0915769052269143	0.073963556304639	0.0132112028586952	0.0393865472920638	0.0938966357306406	0.0806136447932084	0.103224812206621	0.0198859665228289	0.0113273843710533	0.0191619808369464	0.0490029747183513	0.0463248586874878	0.00653264096226408	0.0310394643151064	0.0229763887995642	0.039219980472649	0.0760449061996222	0.027514858215134	0.112264597502291
S10036	0.036093837618994	0.0928936544694283	0.0758570272264283	0.0111980902129574	0.0432470961061287	0.0986692079238711	0.0763860686117255	0.10702139728058	0.0195154961465387	0.0110796023471664	0.0165931035728607	0.0458211696075313	0.0486493200325922	0.00722064398244553	0.0352287421315691	0.022548138808239	0.0371057962443418	0.0697021893598781	0.0274612454722139	0.11770817284451
S10042	0.0411085865565853	0.0893628423107935	0.0722729664734447	0.0121383303980002	0.0439449744059507	0.101746560205618	0.0799073329487172	0.10644118251331	0.0199219011179788	0.0111148634389189	0.0161129817421757	0.0454177446583056	0.047230936935938	0.00761288996121687	0.0351522290174849	0.0237700187951647	0.0392909202217735	0.0664047285751528	0.0268375674622612	0.11421044226121
S10044	0.0361715281411289	0.0902417002494855	0.0727853802193976	0.0120976107953863	0.0431634208931323	0.101642972710225	0.0819889305356722	0.107326734693425	0.0198120943347911	0.0107149460602892	0.0146495139580583	0.0491585004798484	0.0464172066100403	0.00714145098979943	0.037599434735871	0.0241530819130187	0.0377067757762974	0.0657941277717277	0.0280404310923017	0.113394158040103
S10049	0.0384945551551307	0.0917878198080963	0.0716803447797826	0.0117597237004967	0.0418195254412355	0.0963198611274519	0.0797408966027354	0.106293347724298	0.02077142246076	0.0112630496607095	0.0150101931058927	0.047556284320324	0.0469539839802238	0.00723068081158955	0.0401470004135864	0.0237621894834066	0.0405184543785761	0.0673241536954206	0.0272024098080519	0.114364103542231
S10057	0.0366162875825554	0.0943295663552745	0.0661129585339925	0.0116084388842067	0.036953560583618	0.0924056888642053	0.0814090676809897	0.10824425776129	0.0207964720814517	0.0122017115028525	0.0176340152535822	0.0511402833965432	0.050260294546016	0.00677350059819318	0.0321689670005097	0.0238985864682273	0.0373230276287352	0.0723753178280486	0.0284750878940824	0.119272909555625
S10062	0.0382391113081569	0.0940103355610703	0.0698157830608938	0.0131613251002671	0.0380725197387	0.0938410010868514	0.080395556025583	0.106844633331571	0.0210798914058934	0.011956449135686	0.0164851798784256	0.049619012144385	0.0484459144218529	0.00751513341678237	0.034602622785406	0.0239704756224654	0.0353995128186499	0.068418622074503	0.0281862488327988	0.119940672250058
S10066	0.0341475888043569	0.0915965085117089	0.0739332728574488	0.0131964487819831	0.0309819851073551	0.0834908581345054	0.0843464397213586	0.112670999661546	0.020087471556325	0.0109466264788654	0.0176631382517525	0.0473225665877684	0.047007193222268	0.00753536261086209	0.0374431824545019	0.0228745844778557	0.0389684463753126	0.0769229618227541	0.0281455988381874	0.120718765743284
S10067	0.0388596110606525	0.0899076778084233	0.0688464261385642	0.0118721621163371	0.0457281776317092	0.10837087409576	0.0710109593846851	0.108161060367173	0.0206891067390448	0.011021628159705	0.0153402157814122	0.0485134470409833	0.0456377867304185	0.00664887702880446	0.0356064360242395	0.0239582749626362	0.0371246655023459	0.0691906450057895	0.0271975808034912	0.116314387617825
S1007	0.0404293265972022	0.0938447514086852	0.0683211419379193	0.0120224789697023	0.0379382345527704	0.0996676313048032	0.0752677754125641	0.105983475832791	0.0194238008413781	0.011001172871114	0.0169362041010143	0.0481219141202494	0.0513786248939508	0.00734140782527945	0.0386106280794328	0.0230253248479202	0.0368305625515045	0.0673016368204368	0.0281926707149538	0.118361236316328
S10073	0.0390442673031701	0.0913227292395124	0.0689822961826127	0.0123971477303956	0.0364054010023665	0.105411019833093	0.080602810563694	0.110071283214667	0.0213215012617499	0.0110598947781047	0.0189837051184983	0.0480399158577039	0.0437835168323123	0.00705603538461275	0.0338264624711761	0.0254030932398397	0.0367487947546598	0.0711535648740918	0.0270305669982828	0.111355993359456
S10077	0.0406540204239651	0.09415078936015	0.0651344461654154	0.0131482461650193	0.0343484840846495	0.0884676963029843	0.0837771903033679	0.107563472004259	0.0199123168044563	0.0115053227476931	0.0168083342978794	0.0494622396432075	0.0487866866576664	0.00722654110950757	0.0387027147091183	0.0232790653605146	0.032318125932812	0.0730227633278364	0.0278362874872649	0.123895257112233
S10080	0.0422826384483881	0.0920514279920509	0.0739741235465065	0.0130904581742705	0.0376777087455503	0.0972350632165573	0.0757069483689824	0.106228077660463	0.0208714061875444	0.0112452549360788	0.0168321236182942	0.0475055149433796	0.0479972775198939	0.00740087578407296	0.0379531712578986	0.0241802931686304	0.0325329889922748	0.0677509822222837	0.0275513244590613	0.119932340757818
S10082	0.0392970172143568	0.0943741551197217	0.0715305385960625	0.0131060425478565	0.0327805353006602	0.0949448133638839	0.0775999183316141	0.110857506409015	0.0207648405915917	0.0116313454300832	0.0184682615002597	0.0477583298903843	0.048742705543537	0.00672137139371722	0.0337429223264884	0.0249785199941188	0.0355590536917489	0.0733781775028659	0.0278459855936743	0.11591795965836
S10087	0.0434172867501322	0.0926909003035959	0.06683468260937	0.0127027288765342	0.0380642237048613	0.0902774932678558	0.0771328605264601	0.107137846571036	0.0209223405466789	0.0111285911548066	0.0177494542979392	0.0487733697500157	0.0496862308642714	0.00682771684406288	0.0372208622193727	0.024361291657148	0.0367722915574153	0.0734716485834957	0.0279019574115002	0.116926222503448
S10089	0.03839909443408	0.0955366951453712	0.0641071003886311	0.0120296221422737	0.0376237182418348	0.0931788616210649	0.0797230767250386	0.102393254146275	0.0205250749207217	0.0117512222824941	0.0159474834280903	0.0493499071428806	0.0520547000414847	0.00744814323811401	0.0366419508254231	0.0217333630123591	0.0383755117923854	0.0701070045357566	0.0281641225307017	0.124910093405019
S1009	0.0425989575114685	0.0967240343275698	0.0687379023934112	0.0121677883057854	0.0316763220039835	0.0978632798215178	0.0817090277579091	0.109270554285326	0.0214852495781094	0.0116938582517742	0.0149289815806292	0.0476455803218261	0.0488886360262997	0.00646890933997997	0.0294547858183023	0.0251548865046903	0.0352906068037662	0.0733205905924747	0.0277736351156056	0.117146413659571
S10090	0.0386084201748476	0.0944373999748988	0.0666715753385616	0.0129621476050314	0.0349391790840321	0.0898701599648987	0.0767120361550711	0.108624141477131	0.022057875803624	0.0129671923164663	0.0200322602403549	0.0469169038283187	0.0501238413732255	0.00729253985347967	0.0352183950325492	0.022749113054502	0.0364871322550053	0.0721919614935877	0.030109807801588	0.121027917172826
S10093	0.0366364669727899	0.0915851922859692	0.0757061993623996	0.0118685326611841	0.0354316612253077	0.0958084390671711	0.0798916587802248	0.0976930809094813	0.0188760343568992	0.0109808408993825	0.018896312559649	0.0518172182402536	0.0485254900992896	0.00684737773723089	0.0392341780137637	0.023601240677151	0.0406754314648286	0.0682130273843341	0.0284735202784304	0.11923809702426
S10094	0.0392269064489898	0.0896370367943404	0.0726759904660136	0.0128113474192521	0.0410869070904411	0.101394788963341	0.0740240207806249	0.109096186400853	0.0199665972770552	0.0114869955007004	0.0163336502209762	0.050907687259127	0.0477022345877561	0.00708778952615255	0.0358996511634631	0.023361919679281	0.0381800490791111	0.0681573462322765	0.0271496620243017	0.113813233085943
S1010	0.0393031264561509	0.0953344476993966	0.0669942997183205	0.0123715782329235	0.03261957363473	0.0897057377369221	0.0767936862098708	0.113104680484041	0.0211009159356637	0.0120251613605742	0.0183833539176535	0.0473298636003263	0.0511817970315111	0.00725506462381146	0.0320876404246963	0.0240650194469846	0.0373549939851913	0.0759182860630667	0.0286772214179123	0.118393552020253
S10111	0.0373429494192316	0.0914242970430538	0.0695321777788361	0.0119718760761824	0.0435189415079141	0.101207874619065	0.0742170617131228	0.111093765981767	0.0204320662427521	0.0116375615165892	0.0163658072624671	0.0493968861204501	0.0451703270928565	0.00722926107373372	0.0391959927434448	0.0241606063369286	0.0373916480020749	0.0723769306591358	0.026341616480716	0.109992352329678
S10116	0.0375029971023379	0.0964621935998	0.066246347587427	0.0127972345793984	0.0374476044452569	0.0965241695627338	0.0716655207971988	0.115818376779366	0.0221276408019269	0.011917513945862	0.0168912719194945	0.0472472394868533	0.0477764473186796	0.00669875350964213	0.0312052365468762	0.0258411855694377	0.0413431248180414	0.0691517934554259	0.0285902599150101	0.116745088259231
S10119	0.0380519683566143	0.0919730063214082	0.0726992687355424	0.012178005410917	0.0384106821109262	0.0938452401753107	0.0844572424804482	0.108174110484416	0.0205218117740422	0.0110257696147991	0.0186886742752412	0.0475482000716185	0.0478402779904579	0.00772208386744108	0.0364558019382169	0.0233547344630024	0.0374373309890817	0.0673341452154366	0.0267621858313637	0.115519459893715
S10121	0.038413713875418	0.0907621878116933	0.0670601040221908	0.0123563722293126	0.0402789820424032	0.105789991651411	0.0785947830794515	0.102807310976591	0.0217321025479422	0.0116984361284497	0.0168946869522921	0.0478724139564478	0.0486925841195461	0.0072724444248239	0.0328948506494402	0.0240098794683303	0.0345521094332557	0.071846419749932	0.0273070066640651	0.119163620217003
S10130	0.0362763494831323	0.0943346186775904	0.0713610204212051	0.0129253432413085	0.0385420818552394	0.103672421026207	0.0798088371863682	0.100900631533011	0.0208028018330345	0.01175045792775	0.0157618615211693	0.0533195636619589	0.0506632094497357	0.00739491588695663	0.0285291634843319	0.021994068578228	0.0361712445664929	0.0699331887328728	0.0288350413180979	0.11702317961531
S10140	0.0434022953349983	0.0938617339379021	0.0736496881336577	0.0124358010427712	0.0406830978355097	0.0979872033366192	0.0761216463148996	0.0992078730430043	0.020506057296506	0.0117934597973709	0.0152624210081239	0.0469627797144406	0.0487235502210936	0.00700657730558791	0.0384203986354824	0.0224895230052319	0.0397858999488045	0.0712808706824837	0.0274729247031418	0.112946198702371
S10142	0.0414161182211294	0.0921655949112154	0.0677967901931715	0.0118068459039673	0.0474264515287491	0.112041618881536	0.0772090927833412	0.102761925922325	0.0196639966778621	0.0108501379321084	0.0158361129574123	0.0459722690746562	0.0483706371526758	0.00667511977419928	0.0321340969502704	0.0226165818739379	0.0377402493210756	0.0686241613666193	0.0261117085357719	0.112780490037976
S10150	0.0417398294078625	0.0939197911345487	0.0751308284213905	0.0128869684739943	0.0396956304978755	0.0957405528250058	0.0859424498642128	0.101527986784934	0.0213877224620398	0.0113019343404449	0.0159608770717972	0.0460837878658905	0.0479103068578935	0.00681934801013812	0.031654759756308	0.0218279829861702	0.0364881265426669	0.070058039103612	0.025636881431955	0.11828619616126
S10155	0.0405584285960945	0.0894889654867281	0.0703620002201078	0.012089841268275	0.0391967015692049	0.094573014660575	0.0791407345691782	0.110368002908326	0.0201956432801635	0.0114021224946341	0.0183131667674167	0.0479873941367384	0.0449292324363144	0.00738622138228959	0.0405205898968796	0.0238321912953295	0.0381879041272368	0.0710048681964629	0.0270275872556131	0.113435389452432
S1016	0.0368411931620411	0.0941869546023872	0.0757016366168994	0.0126941493042202	0.0406906721829391	0.0939457113252365	0.072665872437043	0.109873747430595	0.0205342275659709	0.0116722177184555	0.0176489370518492	0.0480581117424705	0.0487906242480953	0.00659713692520777	0.0375102641956637	0.0222401251090172	0.0339527850764127	0.070129036063994	0.0275782530768286	0.118688344164673
S10163	0.0421401799995448	0.0939000261994605	0.0699673382418303	0.01293196005678	0.0331850074214756	0.0899518441839237	0.0929065755607147	0.108548693284415	0.0206970210948884	0.0109336317135445	0.0148800116014419	0.0468493833925328	0.0490381211843984	0.00679887258068223	0.0359343351028115	0.0231523745337552	0.0358276238052765	0.0686414899171434	0.0278926283164569	0.115822881808924
S10167	0.0405136436514001	0.0914203249392936	0.0702257473845247	0.0114164754157843	0.0425250579848446	0.101266479241069	0.082203315928665	0.105350238776132	0.0211619103550411	0.0108474929618182	0.0173031917478261	0.0453209321545091	0.0467720584149663	0.00761609373891533	0.0340390304315346	0.0239743062564214	0.0380835780799832	0.0688526199861515	0.0283907469551291	0.112716755595991
S10168	0.0397516560376981	0.0895361074675547	0.0717025796369593	0.0120968823002042	0.0456369298619677	0.109978530654668	0.0713224519480659	0.104360310062632	0.0204113699352532	0.0114748752828421	0.0171797365578914	0.049504228885268	0.0465958600917396	0.00679622724635902	0.0366190587184473	0.0244621280802812	0.0351712188168834	0.0670503395648708	0.026239127560854	0.11411038128956
S10173	0.0403421822510406	0.094069539289656	0.0710602630017819	0.0126911712999047	0.0394742484615122	0.0954106816920916	0.083982638564445	0.11311810553793	0.0206400833736843	0.0112673223369264	0.0165896554121013	0.0460733374358898	0.0479003995471092	0.00634854684304794	0.0335389738050998	0.0253037923467171	0.0285830404855046	0.0713579343086124	0.0265757623074429	0.115672321699502
S10175	0.0410208528936642	0.0904101948920278	0.0689631953201214	0.0121699465146321	0.0418256067213182	0.098805761302418	0.0775313516454006	0.106629125232343	0.019826268336969	0.011447952338151	0.0166238063764756	0.046684192402779	0.0488066145093438	0.00693988089537562	0.0378778922493364	0.0226364316245406	0.0378183184624048	0.0714067374353117	0.0263716686714537	0.116204202175933
S10179	0.0379193701862577	0.0831987412795398	0.070296530642549	0.0123244206631239	0.0438338502898892	0.110705514846307	0.0792840286023193	0.108853238252696	0.0205065727910161	0.0109841829289054	0.0168236294704564	0.049502301164442	0.0442742710086292	0.00636022322907198	0.0349941189571407	0.0245588639366347	0.0416336572877484	0.066167914791117	0.0264476644387044	0.111330905233452
S10186	0.0437102146563402	0.0924858928276677	0.0703331215093983	0.0110793300079693	0.0429752418008304	0.0976566525184535	0.0713803543795376	0.112687257574997	0.0197998404757978	0.0114322027458297	0.0174084292349219	0.0471021316173193	0.0486045216259841	0.00620023086466211	0.0321705437849463	0.0240596898032477	0.0385626527130699	0.0708345228204427	0.0274432301213701	0.114073938917214
S1019	0.0394872039244464	0.0943843632652961	0.0684717382375993	0.012718197904661	0.0408481278827754	0.103767292772261	0.07090016215041	0.107392757544819	0.0200995446822338	0.0115950480360767	0.0170880752854675	0.0473852110559374	0.0479623022580945	0.00805875595421145	0.0372861033349467	0.0232168413361889	0.0351005696861609	0.0692705010137266	0.027755921717347	0.117211281957341
S10190	0.042794678995082	0.0882285664847958	0.0728375515034408	0.0122541694521003	0.0356281105180176	0.096246998074557	0.07676216006606	0.109618721963859	0.02017690272873	0.0113642654110268	0.0208182619251283	0.0448759388029945	0.046421945380177	0.00659152195921878	0.0351622017070582	0.0250185512746298	0.035199401479562	0.0760815044302919	0.0275130464964458	0.116405501346824
S10195	0.0399078188184397	0.0915061244546039	0.0714614855148178	0.0120695252926742	0.0378847021846318	0.0942279410499081	0.0807489664187848	0.112006737395913	0.0198741485341826	0.0111023469946879	0.0154943550045719	0.051821296182303	0.0472228461963073	0.00681083048050304	0.0306371799739858	0.0224261940946535	0.0410405331142016	0.0675215489183499	0.0282260784595814	0.118009340916898
S10196	0.036140702100166	0.0922229662458393	0.0696559171492777	0.0122063289354142	0.0409272880339965	0.0961640133637515	0.0815171465918031	0.1112510147666	0.0200486558549782	0.0110893716603808	0.0168441521253925	0.0454182955689822	0.0475086733569061	0.00823025724040958	0.0416789024751816	0.023570203940881	0.0350043179517167	0.0695788665872704	0.0281126586969021	0.11283026735415
S10200	0.0343685264056917	0.0892469430723254	0.0734756770277616	0.0120330891408817	0.044161711057197	0.105507476950075	0.0854887694266441	0.104665622905561	0.0199214891182985	0.0111280640409896	0.0173060062942889	0.0461995101084453	0.0483272180227793	0.00641372362894517	0.033549579281627	0.0221331192596005	0.0347732484919142	0.0681803918713721	0.0276618453227174	0.115457988572884
S10201	0.0388856681920806	0.0964983255088709	0.0680340431198652	0.013062659573768	0.03521070131182	0.0991582824641885	0.0791528805920585	0.102073705387914	0.0205755109906738	0.0121771826373561	0.015835540073519	0.0490301348296051	0.0503781756506364	0.00807948797245338	0.036205367261653	0.0210719755075731	0.0347303928993527	0.0713574416063926	0.0283331698437337	0.120149354576485
S10202	0.0412353032888631	0.0914565135512335	0.0698837947727574	0.013260191642163	0.0388137512690566	0.105093818012608	0.0804163602012532	0.100332168948655	0.0206003675778679	0.011775822672973	0.0156678079608118	0.0482631790455509	0.0480357213063714	0.00686212152005758	0.0365425725114571	0.0242526499475647	0.0318016410988529	0.0711907189990233	0.0276665316795869	0.116848963993292
S10205	0.0431531226951495	0.0869725143859342	0.06746044878307	0.0111652802078696	0.0448451875986967	0.101901512475516	0.0785576989130733	0.108203691536031	0.018614368685077	0.0111921749498637	0.0147023841823524	0.0475836230417714	0.0450971526688216	0.00716802230444133	0.0365952956344899	0.0234491438164009	0.0420728289647455	0.0712366657706109	0.0262454975676477	0.113783385818437
S10211	0.0348489179211587	0.0895853107069769	0.071999743282398	0.0110490069277165	0.0427982583435492	0.0988188446263892	0.0835512392055623	0.108690680439711	0.0197268050605358	0.0124518902658213	0.0164362983127398	0.0423250390181914	0.0479902109167167	0.00659884092956888	0.0363601652779985	0.0232935186275166	0.0361134982659031	0.0718591801067631	0.0280654104711263	0.117437141293657
S10221	0.0384130798377409	0.0903448106497167	0.07423432681433	0.0118737745830593	0.0403499757957105	0.0991764999387505	0.0835889043363482	0.107977607603929	0.0204294296315214	0.0115279779110525	0.0144514665123273	0.0468993600500153	0.0457053957049816	0.00645786466904834	0.0342694921343464	0.0237072294064575	0.0409518797974144	0.0671223357336853	0.0281619192413863	0.114356669648179
S10222	0.0402236983660195	0.0988569079877537	0.0709302314770693	0.0116010339278497	0.0301794769865172	0.0837490843100169	0.087818694119155	0.10231169606577	0.0204407386060522	0.0115404579603884	0.0168415888072836	0.0503943040668239	0.0497415748410321	0.00722903871382807	0.0356012942039091	0.021976411079364	0.0390672919368036	0.0689025336905931	0.0277550562951343	0.124838886558636
S10226	0.0410099376344701	0.0931084392316131	0.0723498892810949	0.0127431961224878	0.0387417078705942	0.0935566080654067	0.0750734174240816	0.10402259998071	0.0213364870759947	0.011487507804689	0.0158586986573343	0.0483666394360606	0.0468623864004687	0.00807278197331638	0.0337897220900887	0.0232361888238583	0.0405514320624725	0.076201891740693	0.0279498192641763	0.115680649060389
S10227	0.0360457133467059	0.0923774827485427	0.0766651917923096	0.0124404299771117	0.0360236907188752	0.0887400257564621	0.0742584070840927	0.111406743717481	0.0200378297017627	0.011542490049588	0.0170689214900477	0.0497304251862589	0.0477735969164995	0.00746147727857246	0.0420797677333111	0.0235044823363801	0.0391797814370826	0.0708190068276695	0.0276858847419499	0.115158651159296
S10228	0.0322466935675557	0.0908576895573161	0.0711606667522507	0.0119242131735886	0.0408075646962299	0.0989580507188159	0.0883426098921041	0.109111044063765	0.0202201678986005	0.0109259449059499	0.0174258691034481	0.0446982720474329	0.0474160976672041	0.00778827450673112	0.0330346408461274	0.0230146377419001	0.0373589716763206	0.0709580978271092	0.0260885758200681	0.117661917537482
S10232	0.0407330769010009	0.0880428216073087	0.0712302214353666	0.0118438772377031	0.0409854598530429	0.0981228949739362	0.0822015867148434	0.117120780722233	0.0205905136428379	0.0117323312950399	0.0198567847710529	0.0495407876082778	0.046400255977949	0.00629910614472005	0.0353251326643839	0.0256643602620476	0.0305769519893905	0.0634396982972997	0.0270425138419011	0.113250844059665
S10248	0.0394014046255013	0.089032479176362	0.0743193700224616	0.0116407051162809	0.0412570274690779	0.0959867892473	0.0831829939179138	0.104650456945093	0.0203236753441692	0.0111569400739195	0.0168137802027408	0.0455854100794791	0.0450545653295337	0.00703128889951022	0.0386669548670084	0.0237804004428006	0.0370907111506245	0.0688421255657685	0.0275372300328953	0.11864569149156
S10249	0.0363427142237245	0.0927961596919214	0.0766819950736372	0.0139046680554565	0.0344240739360369	0.0804929665914013	0.0869156026828085	0.107326437916715	0.0198716650353127	0.0121271497369819	0.0198486107325256	0.0460703613452227	0.0490389478623518	0.00793618775156197	0.0403475873152057	0.0226279269411317	0.0338165227885858	0.0742700553360463	0.0287117831747689	0.116448583808604
S1025	0.0390986165629696	0.0887908725550023	0.0657067838714521	0.0118744413536053	0.044408922183956	0.107766013934883	0.0783672235923791	0.105827460297257	0.0196562752141065	0.0116617662513895	0.0166759228588604	0.0505883623180199	0.0467237125990595	0.00759194327353506	0.0383104649192318	0.0235404107220179	0.0343177793173496	0.0688248522180342	0.0259288680367185	0.114339307920173
S10266	0.0380800653855318	0.090946443667129	0.0685842556030025	0.0125602711576733	0.0320700031747373	0.0876906156675923	0.0922320817062739	0.110460654289852	0.0208933326262173	0.0121171637847376	0.0176475637473124	0.0481947920416703	0.0476577313748115	0.00687044537063789	0.0341363706542318	0.0230749951956638	0.0345643977573441	0.0735157844989423	0.0276315402622895	0.12107149203435
S10269	0.038630278169507	0.0970691356802645	0.0682541719129484	0.0129224856966824	0.0366564362481427	0.094270857956871	0.0807256512933277	0.103160733077548	0.0213616886132699	0.0119920534301931	0.0157419186477349	0.0470667964367116	0.0490917969406076	0.00786421631377629	0.038197376156741	0.0229211473319351	0.0298550634572054	0.071136330573514	0.0282431720805561	0.124838689982463
S10272	0.033953022746838	0.093026081319626	0.0717155868219503	0.0113550628874146	0.0416476749780819	0.0958637124555902	0.0831032811762932	0.102108434830351	0.0200857429958779	0.0115815847455354	0.0181794187897318	0.0473780959729008	0.049437049819046	0.00710966561288801	0.0363939148748108	0.021835239665606	0.039373324018299	0.068540186647739	0.0285616562089274	0.118751263432492
S10273	0.0451838118273929	0.0905069079432206	0.0703786276157175	0.0126960141766562	0.0418437609391679	0.0936827678337079	0.0804883491548044	0.104773790882148	0.0196043829991915	0.0116209917646733	0.0166427235951202	0.0474830558893488	0.0467051658367071	0.00739707476874786	0.033100754441532	0.0222820280210268	0.0357691601075339	0.0731015162586311	0.0271297919988178	0.119609323945855
S10274	0.0374513025068551	0.0935075588459852	0.0688099701233306	0.0121565980628043	0.0403926436544283	0.100912439708089	0.0794022732537489	0.105267123483138	0.0200343919310499	0.0119330376174944	0.0173551721807865	0.0523906286455201	0.0481024548787488	0.00649430366745622	0.031234999230877	0.0219837288172605	0.0423658727955968	0.0688390370460312	0.0269685182731446	0.114397945277655
S1028	0.0406225370850007	0.0865409121788852	0.0756463546199742	0.0122120500785459	0.0425163230409554	0.0994884593059294	0.0759731019164361	0.103857124784862	0.0201820919845266	0.0109312853889995	0.0168911097504058	0.0464340719594047	0.0488418267231717	0.00707872938191131	0.0404790980817485	0.0243001973007766	0.0385574346289237	0.0665479606545231	0.0271705597044147	0.115728771430604
S10280	0.0450282809913965	0.0890853487960219	0.0659882704959179	0.0137959908775258	0.0374806591760303	0.0981928351784715	0.0851438375647318	0.107666293120975	0.0211197276508143	0.0109098230447352	0.0169599764398259	0.047705152661896	0.0470833339437626	0.00739034652766869	0.0428171276285629	0.0228471310029927	0.0340615098258807	0.0670790002531971	0.0279071062353943	0.111738248584198
S10283	0.0402501187012095	0.0894431956603546	0.0713877474221204	0.0124572389436112	0.0430646722871785	0.111264250115721	0.0660326386607037	0.107929587649671	0.021560816068528	0.0109322039786786	0.0186888563259545	0.0456396271681928	0.0468915203209189	0.00673103880934722	0.0340385126477919	0.0255166564462753	0.0353537844941127	0.0713339075888021	0.0273747143339733	0.114108912376855
S1029	0.0417283278540029	0.0951170421627377	0.0701376786640052	0.0115943153643415	0.0401535616017954	0.096739508184223	0.0787971588289452	0.107064971315714	0.0204677009817874	0.0108267793556021	0.0167173111599747	0.0496399417214559	0.0459343716371878	0.00721684423670767	0.0335591722707404	0.0222517057635323	0.0381164119920037	0.0697911082640825	0.0271996357328935	0.116946452908267
S10292	0.0407417069783097	0.0968293185083656	0.0668249013922281	0.011610235690885	0.0390445230079707	0.0974298565298885	0.0711673019988879	0.11235954545037	0.0203951733398277	0.0119700528974168	0.014714751270504	0.0471255122939045	0.0504616487330158	0.00699346103300055	0.0316837691931306	0.024626057331392	0.0407053877557967	0.068527521058981	0.0279392712442742	0.118850004291851
S10294	0.0410864277715104	0.0927627630590048	0.072185454604257	0.0115403456394701	0.04867797185479	0.106119813569908	0.0752107265292965	0.101307054396009	0.0199644334854705	0.0105180254178307	0.0145311645939088	0.0464428296709127	0.046745037968716	0.00657923940579276	0.0352422182192581	0.0238758992056816	0.0397877649425976	0.0649709303719934	0.0267941999742251	0.115657699319367
S10302	0.0364219926256854	0.0879030438265992	0.0707214297169744	0.0118546567296543	0.0374195288945852	0.100043052762965	0.0877539627180075	0.105364095754395	0.0204837920060971	0.0115461428751153	0.0165396786567123	0.0476417197957887	0.0473709964451059	0.00693015779607996	0.0327565562690317	0.0243010307773727	0.0392922516060621	0.0715007515176165	0.0278458715060736	0.116309287720078
S10303	0.0417641717664243	0.0939360205387048	0.0725857001344886	0.0126454687763468	0.0397366208038612	0.101884359462387	0.0825380606251323	0.104525546106287	0.0204336653468535	0.0114328520406085	0.0162344024337731	0.0464996411736597	0.0459308946509419	0.00710996638441381	0.0348727795140584	0.0244317956204849	0.0305356146794562	0.0685353596514885	0.0274563992195098	0.11691068107112
S10323	0.0388730263197172	0.0919266510151876	0.0681417950292769	0.0122330010909267	0.0363107725607617	0.0979383170462679	0.0791618516551906	0.106180542772752	0.0212867981979365	0.0116026869307893	0.0156902428258306	0.0506004446065643	0.0490870597934258	0.00722730284976849	0.0391359456935774	0.0235186442717082	0.0364844895820368	0.0688550971237085	0.0280050508149704	0.117740279819603
S10326	0.0364305045714465	0.0897538149401803	0.0669015664468597	0.0121101047997521	0.0446587773374993	0.106997088484198	0.0819980947253275	0.100482189320784	0.0202102266107858	0.0114520991937495	0.0179039682075277	0.0483960169859873	0.0453438510784716	0.00733985077675461	0.0401348657096681	0.0223812541210014	0.0346324246289856	0.0707666797805927	0.0269627842181223	0.115143838062306
S10328	0.0376399885079868	0.0912520076945908	0.0632695037070327	0.0122837670835993	0.0421664611355346	0.11296676944046	0.0865432522021466	0.103392653082268	0.022009875754763	0.0121750085644834	0.0158976516004485	0.0465734899112189	0.0470743783752508	0.00757081136248317	0.0361363525319268	0.0245194472420535	0.0305830482345355	0.0660601278778484	0.02707069680048	0.11481470889089
S10329	0.0418561722575072	0.0922148250348435	0.0640059546861674	0.0123281950306325	0.0424490883437006	0.10579189367638	0.0848108727777962	0.102011785356582	0.0201919910861831	0.0115371274395317	0.0139217123210375	0.0492425314349941	0.0482494733869219	0.00665311043270914	0.0355952272975728	0.0236557413678257	0.0341469909083934	0.0687661627662401	0.0262625330990247	0.116308611295956
S10336	0.0393638609693233	0.0901273875492663	0.0647786713186669	0.0129107884717649	0.044458359441412	0.108594996555519	0.0799162680950046	0.102541513935666	0.0204124048117044	0.0116249401421548	0.0155109580056609	0.0467813050337984	0.0491894799620359	0.00744373177561957	0.0333911731369715	0.022957437132321	0.0346584118608687	0.0689586527226697	0.0289866584829172	0.117393000596655
S10340	0.0449274109041895	0.0924729727443039	0.0672085416669712	0.0125489671516887	0.0346653055891149	0.0980747984111889	0.0806246343538056	0.109527011082688	0.0210814492858663	0.0118791890322998	0.0151568363651402	0.0486066551478078	0.0488917396428699	0.00748046763411241	0.0350385137040875	0.0241630266073203	0.033982589081846	0.0712877911451826	0.0282951722950141	0.114086928154503
S10347	0.0358275138035317	0.0985597406654597	0.0618903772567266	0.0130617561055346	0.0333105395454227	0.0957691925382787	0.0785975451077746	0.108712646983113	0.0216430223016326	0.0117518020102157	0.0174510813855823	0.0481805973610292	0.0473831925122812	0.00686377511859342	0.0337265101203529	0.023599793309374	0.0347927297301024	0.071861276233738	0.0297296390426338	0.127287268868623
S10353	0.0399299904586902	0.0922836892554316	0.068286820938973	0.012780459795279	0.0376527789875635	0.0963033762410351	0.0731428297403311	0.105850760233072	0.0214882902536853	0.0118053499160997	0.0149967894770481	0.0475792969942259	0.0492813478302954	0.00756651911314315	0.0352942288066763	0.0231430948893706	0.0407245782495112	0.074426667486285	0.0276722173526737	0.11979091398061
S10356	0.0425869831793468	0.0913237286284187	0.0667988208524668	0.0131072915799149	0.0339922025816741	0.0907808003620719	0.0854823767881114	0.113026320327439	0.0198721941410791	0.011695221845653	0.0168856660907764	0.0471713255505246	0.0484130584268411	0.00666702966981898	0.0349113424079713	0.0240729855782815	0.0328349594764461	0.0721242112673812	0.0283527292811281	0.119900751964655
S10358	0.0369358369329816	0.0922766517476431	0.0656189588719783	0.0128294493588872	0.0399534713288492	0.0968979542935073	0.079414042451368	0.105179928051797	0.0199837029190274	0.0106152061196846	0.0177370552924824	0.0523527190240972	0.0485535384368623	0.00710008310332938	0.0345936573153483	0.0230592499881513	0.0394193239735055	0.0768871805339355	0.0267202124148862	0.113871777841679
S10365	0.0381266117344597	0.0884240241288269	0.0753993481212107	0.0129579277149241	0.041246250796154	0.09345717097372	0.0766420393150391	0.105810786810421	0.0201351873196548	0.0120330366434106	0.0174446742274161	0.0498358203782463	0.0500970826499334	0.00723880419990938	0.0383231591150622	0.0227872873634803	0.0368478649601101	0.0681701907935374	0.0270825004970636	0.11794023225742
S1037	0.0395139072029233	0.0915579933751409	0.0641492936019909	0.0117229885334127	0.0419642006109436	0.107759672317348	0.0824348018527994	0.110517531404678	0.0209533712406207	0.0116443543716561	0.0152418685981674	0.0486562054118367	0.0458765738238673	0.00678593117449106	0.0304778560173182	0.0253188075065815	0.0357558435934229	0.0694869081177845	0.0262993949510332	0.113882496293984
S10373	0.0409373089778101	0.088987475034054	0.0680465395626164	0.0120176035165445	0.0418037620187552	0.101113145591407	0.0768615232238719	0.104297121029214	0.0199309929947247	0.0111675915654967	0.0168349841419955	0.0482923687233544	0.0469866102757602	0.00663286728181976	0.0359090953165447	0.0235612758076232	0.0410918133707049	0.0705305261100528	0.0269839794396461	0.118013416018005
S10374	0.035641799413855	0.0885680569254233	0.0706225448726067	0.0112557239834507	0.0368395481269569	0.0961256094250498	0.0759771208639503	0.102145770618913	0.018169653872808	0.010962329987581	0.018822367718134	0.0518429368268376	0.0485590392058907	0.00669070357049995	0.0401405915487085	0.0231577339216283	0.0460504392272184	0.0715773137253469	0.0282922338845039	0.118558482280637
S10375	0.0399945688582298	0.0873762834314026	0.0725589337964247	0.0132204109798108	0.0450407049371843	0.103125527114848	0.0824856112707297	0.113288457519181	0.0193434800701048	0.0111959003071956	0.0149211625117293	0.0466860095840452	0.0480779076033613	0.00759026348967374	0.034903198956998	0.023931593665486	0.0306701046793024	0.0654125604695133	0.0265641607057017	0.113613160049078
S10377	0.0408493535094868	0.0962714036763561	0.0736965952992639	0.0116097301471348	0.0321876226693983	0.0941740462231613	0.0731446249678524	0.109448315613957	0.019751146508817	0.011041326777807	0.0183383541004389	0.0494320058818253	0.0491617529665955	0.0069184800254174	0.0322608032193507	0.0251077965278127	0.038705332021631	0.0683630598430426	0.029959814530079	0.119578435490572
S10378	0.0411412899266062	0.088946879966885	0.0690431964704358	0.0120587054392211	0.0474460725102765	0.109277515587051	0.0750396318245153	0.103458800981093	0.0209053203007572	0.010966712040231	0.0159260667711196	0.0476282949523523	0.0464925234856965	0.00738190203711636	0.0378090322217891	0.0240271429858506	0.0365129529429217	0.0679820644806168	0.0266819192098142	0.111273975865651
S10390	0.0420882359129111	0.0963693462181289	0.0650183050954554	0.0127674164041447	0.0249512066961178	0.0846317173123064	0.0793004803567836	0.112630483605787	0.0219592059377538	0.0121546176120099	0.0179845991782584	0.0513343179503259	0.0519256427256074	0.00702610036585092	0.0336888449992065	0.0242145676308391	0.036334875996286	0.0731210371349954	0.0296106593361633	0.122888339531069
S10391	0.0385903421827726	0.085897681832614	0.0650531556940542	0.0115543461538778	0.0372560564562169	0.0955962612995183	0.0801641164268991	0.108852615861802	0.0195586219001389	0.0112844888091706	0.0194976595373681	0.0547649024459234	0.047258241833161	0.00679008325720764	0.0340116606713214	0.0220154808913795	0.0453626128405103	0.0662861776266926	0.0286851611706779	0.121520333108694
S10393	0.0386646370491999	0.0932250882532698	0.0708566821245851	0.0108960772950585	0.0473965325535201	0.108148052296547	0.0779384119429805	0.102932768295283	0.019545461108386	0.0107704609054195	0.0162403161776091	0.0469350391301919	0.0451409422047113	0.00595978890591738	0.0389163378790112	0.0234890800386697	0.0370972337253205	0.0649161056223681	0.026413732933537	0.114517251558414
S10400	0.040046470758772	0.0941341696515843	0.0743426669216978	0.0133520180902304	0.0355940040337141	0.0880179926183133	0.0834742653028542	0.110539160200759	0.0203630002354689	0.0122186181422557	0.0157806663241404	0.0506621795143879	0.0486535167855914	0.00768936894989891	0.0355538455287627	0.0232028493470086	0.0350435321521315	0.0669790974594238	0.0281504289851522	0.116202148997852
S10401	0.0401176656814454	0.0957644268703138	0.0659827868285901	0.012645598061854	0.0341368429047747	0.0966991646875561	0.0796738673474283	0.104633235013252	0.0212921322957757	0.0117536598301869	0.0154307263786726	0.0481787134860556	0.0496652712656776	0.00731782208874658	0.0335801711504216	0.0232660491181185	0.0408181514845426	0.0702405349723177	0.027327841612922	0.121475338921348
S10406	0.0388259278686576	0.0913173801527246	0.0743314638986091	0.012321363053577	0.0368982325839173	0.0869880335678952	0.0772706865892817	0.103657687889067	0.0211630541226965	0.0122255942634888	0.0180569369178736	0.0499630896699448	0.0506381004718203	0.00709472454076853	0.0314684002274066	0.022236034927861	0.0398739728212511	0.0745162180792301	0.0282972671324404	0.122855831221489
S10408	0.0399229283006043	0.0923805957343716	0.0678944000499742	0.0121941333163287	0.0334356292312616	0.0947102809061934	0.0964637291511814	0.108373615473129	0.0207907995428982	0.0112526272818241	0.0150711615218696	0.0456466724272312	0.0464963085018756	0.00691616784070382	0.0357702172253969	0.024018527001839	0.0367972375071693	0.0684106990163899	0.0269840158326557	0.116470254137102
S10409	0.0379900111651078	0.0902994227919115	0.072156794775782	0.0117366819313039	0.0453912478527964	0.105370936195946	0.0719953973246287	0.105951348588571	0.0202181395344224	0.0109639082097467	0.0146836892700136	0.0440691810379002	0.0494518864257211	0.00681436507129553	0.0334785884997873	0.0244032767104127	0.0399759006362089	0.0699839879233604	0.0277447922484349	0.117320443806649
S10418	0.0362975455382623	0.0957317871550616	0.0634410005594808	0.0131247160254793	0.031783232436998	0.0850302813465428	0.0732973239066019	0.104200499459973	0.0208437505075808	0.0122907857905066	0.0174155716966979	0.0507019196922216	0.0535113295435763	0.00770261810446624	0.0377809278812858	0.0214956525164695	0.0393337968714076	0.0752533320091012	0.0304436611371521	0.130320267821134
S10431	0.034508375384334	0.0940713001172753	0.0717549647585867	0.0122385626983153	0.0390460231586649	0.0933855033135784	0.084493119088716	0.111051268816941	0.0195747813810443	0.0111888750711953	0.0158632916149699	0.0503215844804669	0.0472816603867224	0.00692636656847388	0.0364444694758867	0.0228155688707321	0.034019656504541	0.0673159520531181	0.0279194160297614	0.119779260226676
