naive_B_cell	memory_B_cell	CD14_positive_monocyte	CD16_positive_monocyte	CD56dim_natural_killer_cell	CD56bright_natural_killer_cell	neutrophil	CD4_positive_alpha_beta_T_cell	CD8_positive_alpha_beta_T_cell	macrophage_m0	macrophage_m1	macrophage_m2	MAST_cell	basophil	eosinophil	gamma_delta_T_cell	hematopoietic_progenitor	myeloid_dendritic_cell	plasma_cell	plasmacytoid_dendritic_cell
mix_1	0.00269441456752525	0.00201089010624271	0.00968589227369336	0.00194792616470608	0.00834635946133514	0.146682592645407	0.00344312130281362	0.0371696805597219	0.129727322841451	0.0455877802099602	0.0148734523741621	0.0246607824748413	0.0123670427529173	0.00995387475703386	0.00219758484827663	0.142403933178795	0.00242457891483201	0.092009915233694	0.0109142604209763	0.300898594911616
mix_2	0.0020470224686798	0.0269679565192502	0.00415023467825856	0.000544909399614115	0.00835194352026024	0.104467364654597	0.00257664937448526	0.0175339125666631	0.0922704671832954	0.0332122732255028	0.00779450708304674	0.0348791045449264	0.0332995098087236	0.0211073427876245	0.00132695247973565	0.109944442129608	0.000528211819446429	0.136505053850101	0.0456988686502547	0.316793273255926
mix_3	0.0025113346298594	0.00836703881241032	0.0078967720919105	0.00186609761104721	0.00381622257212373	0.0483445018553959	0.00210348180142512	0.0164895416108305	0.0285164524317937	0.0774881032646331	0.0197345784222076	0.0209368378064376	0.0202747331643074	0.0111806679772632	0.000785076878057722	0.0528781739754348	0.00174982124490808	0.0651384021283331	0.0302621426241923	0.579660019097429
mix_4	0.00284286656974729	0.0170603534364483	0.00429949196327482	0.000210897655642742	0.00640646811734782	0.0921924125156159	0.003513909187354	0.0564132533605317	0.0761393568662555	0.0472583269152396	0.00922897946534581	0.0120424814326596	0.0152986302727931	0.00799990389878929	0.00127555920850297	0.141888563269677	0.000566772802885585	0.0729090611473382	0.0326339384818077	0.399818773432743
mix_5	0.00201577346873661	0.0142773559597423	0.00523460212853448	0.000751131195993747	0.00520756162165403	0.0738962826672466	0.00297595700884768	0.0339119988501152	0.0658045584037977	0.0635824463240728	0.0135841881579013	0.0103728679557293	0.0148620759378496	0.00827827000015731	0.00117284006109852	0.0989355689122468	0.000999799320110303	0.0514646531873249	0.0352426367208919	0.497429432117949
mix_6	0.00217080996636134	0.0169467986282123	0.00273800181439004	9.13533766993067e-05	0.00764715506903372	0.100375247408421	0.0037750974953894	0.0504459480296055	0.0846864878746525	0.0478233292463764	0.0083576665891586	0.0142716692174308	0.00763260939711284	0.00274963453890707	0.00141173452714635	0.138082767690518	0.000878927247025953	0.0727291388850382	0.0317151044270397	0.405470518571482
mix_7	0.00246287034553561	0.013341720341897	0.00504530331849858	0.00029238866639455	0.00425822159290135	0.066463457168432	0.00437511704658837	0.0278829496383914	0.0518182796396883	0.0692869155415964	0.0122471548522682	0.0130803504802379	0.0213242984217301	0.0122576451105404	0.000896726874503978	0.0729942470052568	0.0011630048965181	0.0502277823949714	0.0334229861383951	0.537158580525654
mix_8	0.00162354039087894	0.00454287401025731	0.00333392322877433	0.000102094465738026	0.00475828978322934	0.0864721783235155	0.00309566255120486	0.017483430382929	0.0726796297639499	0.0562377925659581	0.0107206085173811	0.0214253416544188	0.0203118626732722	0.0127282622003774	0.000770145962480297	0.0898465388993889	0.000804337909349665	0.0710728844198935	0.0226243302325742	0.499366272064429
mix_9	0.00354678941475728	0.0233394579536356	0.00412334280735487	0.000810238317941447	0.00772084393397109	0.124071094724341	0.00391688293910705	0.0680251313168955	0.105357515871765	0.037691425950741	0.00740176718988219	0.0108235480540707	0.00399746043461451	0.00185962969660317	0.00131779300535365	0.169647417463215	0.00129166583563195	0.0832571464497609	0.0319875373351527	0.309813311305205
mix_10	0.00352025859403364	0.0259821552126149	0.0132758459459837	0.00239285798554564	0.00503741573166774	0.0466575882642224	0.00208350897144208	0.0593892658006698	0.0345187121861175	0.0563272340786989	0.017832405605742	0.0183927691028422	0.0275848838640674	0.0146029063381987	0.0013159841937232	0.125885474589757	0.00230800321719003	0.0987734441593155	0.0403812199394171	0.403738066218751
mix_11	0.00323518121916258	0.0205144043620767	0.0102772181986257	0.00284385780732834	0.00911614203031642	0.175699606010308	0.00321576327968542	0.0578329256439517	0.150873069217401	0.0175308553584678	0.0167487766541506	0.0281022710700246	0.0297225671259044	0.0186667010468285	0.00196112520169271	0.173618945619724	0.000889079147552077	0.152179227927445	0.0357178258686314	0.0912544572107224
mix_12	0.00273322912780022	0.0039584232597813	0.00498643601026907	0.000449459158859893	0.00562102664282495	0.073611350634199	0.00382412751710754	0.0432386715929573	0.0639664931929466	0.0640092895496118	0.0120363477786578	0.0125793514343093	0.012069344412503	0.00584517970103306	0.00108468912476419	0.117680411030166	0.00145633982507698	0.050748643958675	0.0202418703652819	0.499859315683175
mix_13	0.000401001243819073	0.00390466160442221	0.00378449342221732	0.000828862801761489	0.00909420539067571	0.07166178039097	0.0027717086527611	0.0887183601498349	0.064510617167402	0.0375046561258749	0.0138728294914866	0.0391173577600744	0.00414561844078405	0.00355594346708934	0.00230080398029511	0.185270474145909	0.00054946016562103	0.13292489416136	0.016211441582028	0.318870829855614
mix_14	0.0045864585465337	0.0238224601177244	0.01022380519246	0.00231783837188634	0.0081420390909055	0.10222832046163	0.00339672326746308	0.0869314980256181	0.0877798711073066	0.0418146882094979	0.0157952755077262	0.0132744299151038	0.0155576024267225	0.00793931529579302	0.000985320155936227	0.181565418933253	0.00214094548583937	0.107085648276656	0.0376374355692626	0.246774906042681
mix_15	0.00194318900088418	0.0101356555361698	0.00478141362677463	0.000496907597097419	0.00539305659583897	0.0814640514101452	0.00338231946855354	0.0360982964330152	0.0705325472549711	0.0553950498901432	0.0104163213317318	0.0196412862046112	0.00964822693653827	0.00406814161647763	0.000902548446360496	0.105020050338384	0.00105130617225467	0.0724085031739637	0.0326121240049471	0.474609004961137
mix_16	0.00165484207461458	0.0165369280901878	0.00517952854832049	0.000452499234685264	0.0048309549603776	0.0262625724556703	0.00297210259616407	0.018931067038879	0.0273609738495215	0.0753463848669848	0.0155660653778467	0.0241966159595323	0.00996971207886007	0.00308173291479857	0.00119827001671714	0.0377169293284504	0.000724982934850269	0.064870444589612	0.0465062000415119	0.616641193042415
mix_17	0.0020312446477724	0.012172477428385	0.00329336573554474	0.000123690266282417	0.00110015960079582	0.0207428456796698	0.00444580400447869	0.0211243162145192	0.0168039837562375	0.074953514179628	0.0158552745652387	0.0193275736521428	0.017012045012987	0.00824466930603211	0.000655578570215415	0.046044943710765	0.000997420034396408	0.0691480356854897	0.0382073068414488	0.62771575110797
mix_18	0.00463439397667503	0.0229213575691693	0.0121478813980259	0.00294815300061906	0.00548374071933463	0.0123015350886914	0.00310803929627553	0.0966414758719515	0.0136111449800238	0.0423301016693359	0.0169568706202447	0.0386781415456527	0.0345217875679813	0.0245866512662545	0.00219975390980255	0.182601125028804	0.00194637536102634	0.171886131646894	0.027917435284455	0.282577904198782
mix_19	0.00268646395290268	0.000371692838447023	0.00731139580426952	0.00124283365249167	0.00370030637681051	0.0444479513230783	0.00174737182760001	0.0198363937202267	0.0400877295987851	0.0742769715558959	0.0181043112390636	0.0275885653498788	0.0200207145133333	0.0100371954280047	0.00177055581875764	0.0625697083920091	0.00170868655716594	0.0718075897642912	0.0199567032377427	0.570726859049246
mix_20	0.00242393857965847	0.023755160371663	0.00274268472063619	0.000362462362709127	0.00764368292834706	0.103847612693831	0.00350699399127471	0.0555755066638946	0.0904943713457346	0.0279096339795717	0.0070246233181208	0.031304868649392	0.00753491913251945	0.00162570687262308	0.00134224019746544	0.163707877567513	0.000540909632203519	0.133212019391457	0.0438353559495717	0.291609431651813
mix_21	0.00249881818351538	0.00838746603274408	0.00445162147928592	0.000129865868047829	0.00279422484705945	0.0166496206890168	0.00399860987992401	0.0475925912579104	0.0211398728454655	0.0712412247166555	0.0138858254492785	0.0250878818306474	0.00639240051273612	0.00271520247819046	0.000817664423229693	0.0914135387827433	0.001006002733505	0.0697382218010955	0.0261621450606457	0.583897201128303
mix_22	0.00318753325165501	0.0101444305660952	0.0100198095279597	0.0022804037775205	0.0079436432042654	0.124551965250303	0.00180025860189072	0.0620566715388524	0.097446977210584	0.0503999293740666	0.020688393019188	0.0109788197626455	0.0276960856998915	0.0165272673540838	0.00142200959014836	0.146078185674312	0.00273725946930272	0.079217767903285	0.0192803674005626	0.305542221823388
mix_23	0.00292690447053025	0.0237338047227071	0.00880939864590111	0.00118922272548102	0.00819269486489363	0.140449127048157	0.00379370668727644	0.0807169858790603	0.108601763553984	0.0239726017584038	0.0140201677049344	0.0280520133744167	0.0109485630661886	0.00790365845130278	0.00103031644726074	0.189969957356335	0.00116205233949166	0.147526818472062	0.0301452550273358	0.166854987404278
mix_24	0.00161546069029337	0.0145485507219482	0.00360357945921372	0.000166831243970072	0.00443790185998758	0.0597784939435892	0.00358471055883418	0.0404141384894068	0.0558007399348592	0.0628737047896631	0.0107032135585846	0.0151682500258038	0.00752084490464813	0.00268503306387658	0.00106804924796011	0.104288950416197	0.000700755393360656	0.0597158835782284	0.0336021327922883	0.517722775327287
mix_25	0.0033084275129332	0.0220711869190276	0.00354992097509397	0.000459329879789732	0.00978711533033156	0.124525934492791	0.00423263650619201	0.0759382387417869	0.0968208640764913	0.031971445608449	0.0100840299115446	0.0185888882819786	0.00188131819208466	0.000590074047692387	0.00163484460309714	0.18675347868786	0.00152577946686873	0.107905491189785	0.0350541157833524	0.26331687979285
mix_26	0.00270252979026228	0.00448129458591971	0.00775765130900809	0.0015691633746455	0.0031755451619623	0.015358976070232	0.00458177637340353	0.0432115182088157	0.013232897394282	0.0743670275522247	0.0161573053768665	0.0261732841842039	0.0166882487199654	0.00568901540544295	0.00144571579285914	0.0834326980151867	0.00136186313935571	0.0725155422441552	0.0220397311250132	0.584058216176196
mix_27	0.00271926740097919	0.0165324277262785	0.00755620620730346	0.00177866748824417	0.00991702485569248	0.148571328602568	0.00108533523429662	0.0580786899077996	0.120672252056499	0.0345156528126538	0.0107493583425768	0.0236092457190051	0.00878668618816641	0.00535402705873315	0.00154570139439725	0.167604402241857	0.000462525307765825	0.114023116692959	0.0242019438149383	0.242236140947287
mix_28	0.00166934626991321	0.0196259527041575	0.00305202953892453	0.000150343762995848	0.0053894389680422	0.0926481017199265	0.00341378485974868	0.0511574731590206	0.075533524554433	0.0485109883180874	0.0118101326646895	0.0193124827260369	0.00572323012168331	0.00333036940806432	0.00135388067714769	0.132608002185158	0.000873725194171748	0.0842856714721705	0.0365277358245974	0.403023785871031
mix_29	0.00211909541688554	0.0107135152269734	0.00600058755561209	0.00144577142345505	0.00741897892826964	0.139895188021701	0.00275934780229103	0.0413610606476042	0.115416488072206	0.0410020715107539	0.0125429257080492	0.0195172155618746	0.0264259763915903	0.0184089497363026	0.00173974046216762	0.144696987774595	0.0015897185285783	0.105756320258632	0.0237193454214197	0.277470715551039
mix_30	0.00161594108395978	0.0169964593742421	0.00514723601004777	0.000684707697845824	0.00715522361172647	0.0980377763992292	0.00429818245109206	0.0682536669264624	0.0834874150330877	0.0435447552493995	0.011068040731895	0.0143665222691345	0.0100785637432991	0.00437693273524621	0.00185866910862284	0.158549003532658	0.00126122857251078	0.0830007819569063	0.029461101361895	0.356757792150739
mix_31	0.00253577702283915	0.00854116003811243	0.00793018617546311	0.00153460883007449	0.00564201947585864	0.0782896328323897	0.00483572947616075	0.0611248538720441	0.0716368234395625	0.0486314580197893	0.0142812581754033	0.0222323573274315	0.0231361018999345	0.0137275957783428	0.00172608093032185	0.152835087573762	0.00159038855073041	0.0956107566098266	0.0187491981912784	0.365408925780674
mix_32	0.00619240274664477	0.0314095945322222	0.0148741539921017	0.0033664540332563	0.00745675738466226	0.12009593746297	0.00479712484320762	0.0956267385804848	0.0914456959476481	0.034608506511793	0.0186225234298121	0.00906102559484633	0.0333594985674564	0.018072353498373	0.00306406097838525	0.209777656817285	0.00236344406044216	0.12500468353988	0.0346980205073374	0.136103366971191
mix_33	0.00308735446267893	0.0113880379891537	0.011409130301846	0.00258706397614345	0.00351162088478668	0.0435403060179418	0.00434798844517516	0.0698132082722216	0.0468464703226154	0.0556848142857737	0.017983366114575	0.0295362635780225	0.00575186235608631	0.000959310458842448	0.00172029509433697	0.153872495581527	0.00138885426754521	0.105115548256094	0.0207164541731584	0.410739555161476
mix_34	0.0035003402093071	0.00863885189165685	0.0127135223770766	0.002635838276699	0.00282215902495405	0.0184908485499206	0.00383247550350506	0.0333725471725401	0.0109876635634257	0.0678584752427472	0.018019532475793	0.0357236691140253	0.0460074537239517	0.0289486554049211	0.00226659997507871	0.0794197128063282	0.00220642961022278	0.109551746365408	0.0297168130664124	0.483286665646027
mix_35	0.00200707007266778	0.00692812425781842	0.00722398316484742	0.000980029452111153	0.00568743767151166	0.0879735680847208	0.00404844857424736	0.0476194072882414	0.0782394119542212	0.0557653256020588	0.0111132793408089	0.0152270437801882	0.0211761966803256	0.012712013721212	0.0013636487708017	0.133119498689955	0.000818014625741467	0.0614391028599714	0.0198885054126935	0.426669889995856
mix_36	0.00241831539053295	0.0096475997816372	0.00854942869752409	0.00150418995420299	0.00514813509531864	0.0829996505606479	0.00280691710017451	0.0443642175992311	0.0647784183881858	0.0613731543528171	0.0139038925625517	0.0119788825062457	0.0232290976276845	0.012938210165435	0.00178024838047812	0.116351027056709	0.00158623709191677	0.0602654039203611	0.0280690272911779	0.446307946477168
mix_37	0.00186862669145071	0.00775395070614144	0.00413304480285774	0.000493731700384573	0.00330851896143506	0.0330871509971994	0.003779858258158	0.0203542758735395	0.0404879679228873	0.0717878478018779	0.014226082415866	0.0237609058903714	0.0137545181850097	0.00569006199860217	0.000781225245772057	0.0688698081989348	0.000838524910065185	0.0654523890296013	0.0293024001429522	0.590269110266893
mix_38	0.00215539290433412	0.00974418998389305	0.00674506630105756	0.00119725169341385	0.00503413321565499	0.0763649896244323	0.00289041829182058	0.022332225674201	0.0586344277311499	0.0673411528977593	0.0160088438413373	0.0181942638396768	0.0112499243912004	0.00405352632727619	0.00131953250900371	0.0826246403645673	0.00126200131132871	0.0671043198870108	0.0302161260247745	0.515527573186107
mix_39	0.00214930498174737	0.0156853911648802	0.004347539800998	0.000212718987168026	0.00608171163783613	0.099240179335416	0.00424254975106738	0.0459041367120652	0.085850959076867	0.0434974276593683	0.00875264858868776	0.0196947028348812	0.0157225763451818	0.00980561532089925	0.00105233934149182	0.136797206529754	0.000640507281155515	0.0877417538494957	0.0326102894386233	0.379970441362416
mix_40	0.00414646508637232	0.00466044249741376	0.0119989300639341	0.00177025752116286	0.00434875792313446	0.0662213946949429	0.00456909939777905	0.0554504176186386	0.0564289561215587	0.0632481674524315	0.0156964364411776	0.0111351503100026	0.0261674891358616	0.0136842260332818	0.0017311464614471	0.127537708890919	0.000951426537719038	0.0634382058311782	0.0240422267744691	0.442773095206576
mix_41	0.00514501718106762	0.00609625984332349	0.0116808325363365	0.00220334370556132	0.00422978661570745	0.0212861798778575	0.00449827684150725	0.0397795412518366	0.0240760693262915	0.0728275930218643	0.0154858448044534	0.0232607938997723	0.018969889144988	0.00952785446080816	0.000600921560432215	0.0885657969970266	0.00243285291479593	0.083920049341369	0.027044169542407	0.538368927132594
mix_42	0.0033907919305734	0.043837726293525	0.00734233874138673	0.000770973904015356	0.00371057347156494	0.0730052930087257	0.0041501165039269	0.127679164771931	0.0560113254575813	0.0208985651172812	0.0102327919313316	0.016483728963137	0.0459109929883865	0.030648027120999	0.00156720687018697	0.226148417878774	0.00136159814488834	0.13510070869288	0.0450794604151847	0.14667019779372
mix_43	0.00283904644134598	0.0165627115799195	0.0106430690310068	0.00171455235419588	0.00235657952935898	0.0214843870048399	0.00499013642885065	0.0532978505700847	0.0144353563568843	0.0681046194892358	0.0206608182591359	0.0259508133480655	0.0228119706964179	0.0125254214917369	0.00216506006118331	0.103312552870942	0.00168637580692286	0.103892075704191	0.0419717203024373	0.468594882673245
mix_44	0.00286579731467489	0.0315100754785054	0.00828252815167878	0.00243247445452084	0.0123237565200913	0.132830887550255	0.0012972698213342	0.0527672085517119	0.110790071931111	0.0240618099808539	0.0112256221080468	0.0276710390832209	0.0155432142134111	0.0114177521008511	0.00193502203511959	0.183163679398633	0.00055118120593106	0.156258556884888	0.0425353242291728	0.170536728985988
mix_45	0.00105981652208606	0.0146632123977044	0.0051525723272165	0.00020316559256981	0.00639306452067509	0.0764198260910357	0.00293734631411053	0.0276464166139637	0.074528507045584	0.0549009011960649	0.0114194047145503	0.0147605932579365	0.0351478887172181	0.0209842255838112	0.000549012736164246	0.111597034126467	0.000332788277179651	0.0663275488207191	0.0342613928583009	0.440715282286642
mix_46	0.003278249687986	0.00407174264701895	0.013530667716397	0.00329222429050514	0.00353261330715683	0.0477335011518224	0.00228084443945387	0.0541706832503994	0.0437849874733363	0.0746753482092157	0.0249622303992619	0.0213300515430596	0.0167185366597805	0.00771734207351463	0.00114987059775345	0.106874891895788	0.00212273564840225	0.0766009307241966	0.0168016877725644	0.475370860512388
mix_47	0.00238388762585596	0.014363291420576	0.00318375946772108	2.25309067311575e-05	0.00296617505774535	0.00844209917865745	0.00382533120024734	0.000572424926140902	0.00762515157332473	0.082311909139053	0.0124122656625564	0.0406191544117207	0.00748671071710325	0.00298422294970216	0.000811203922006704	0.00784244240217154	0.00109891853312307	0.0934942331827097	0.0467144345331636	0.66083985318969
mix_48	0.00554195724220968	0.0310619217261602	0.0114610280445751	0.00258412569667887	0.00457235003265683	0.0573275065107418	0.00437212455790409	0.100018107794802	0.0404732257253551	0.0415522212761374	0.0147636885787657	0.022797229050328	0.0336054869577488	0.0214771338581316	0.00142787100590486	0.177895192351067	0.00223290418123898	0.135448054010457	0.0430112904158209	0.248376580983315
mix_49	0.00833316449315374	0.0032790345107776	0.0222493097202116	0.00523869123281333	0.0072443149056079	0.1202619646435	0.00627363451270151	0.0643377155722567	0.0961363477526865	0.0582381647982541	0.0264911621041056	0.00787481312702772	0.0433925752585208	0.0262692582334621	0.00179602347042225	0.139355534748775	0.00492248760468119	0.082915965125893	0.017778559568749	0.2576112786164
mix_50	0.00326498352639599	0.013335202665971	0.0049500885239419	0.000606278978052497	0.0053921921073883	0.0995709334214953	0.00399592628466497	0.059153682028678	0.0837513918830669	0.0475407614781122	0.00866192984615857	0.00967497198495516	0.0224822686601025	0.0153610333301745	0.000617655948478199	0.136085367542408	0.00112605202034721	0.0668325076309512	0.0248773040341491	0.392719468104508
mix_51	0.00271932606490942	0.00960495797417096	0.00877127112963283	0.0012240968745494	0.00244055005457282	0.00700078150591903	0.00380173582128734	0.0330982250345416	0.00862120390953086	0.0793925613379156	0.0163689496607997	0.0241645503777915	0.0170708465234399	0.00889473321809496	0.000933762685216357	0.0622237303456929	0.000595156433649388	0.0721879206668159	0.0340583893170893	0.60682725106438
mix_52	0.00306750874479993	0.0149509441096607	0.00907193789615368	0.00178276276483515	0.00361866295322202	0.0368485503661065	0.00361930579967434	0.0345403286517213	0.0300534874417433	0.0681829281265051	0.0194796878002736	0.0260897928865824	0.0181072637622402	0.0113968810615631	0.00149711764090234	0.0882444527938348	0.0014809664009078	0.0904100287926703	0.031933801168154	0.505623590838449
mix_53	0.00176346782533156	0.0398787313628242	0.0118243497530853	0.00295316935252951	0.00201332646529698	0.0360256079057451	0.00260968655745203	0.0425944426181917	0.0409331878636522	0.0472153837523309	0.0205102401017185	0.0291125712908989	0.0272286776884114	0.0210106371135299	0.00218552012202646	0.113023695583294	0.00217719250665218	0.153989973935177	0.0666322872796726	0.33631785092218
mix_54	0.00314561526502538	0.0155731080003222	0.00616428462143092	0.00135661444367946	0.00560122102490982	0.065210021475619	0.00429546535397999	0.0585205774426908	0.056148279959652	0.0571894623923416	0.0145180836168313	0.018260975164014	0.00483212063401352	0.00107384190114273	0.00190726383997384	0.131233234252568	0.00174101430677914	0.0837647861838069	0.0320162568380592	0.43744777328316
mix_55	0.00436816194501409	0.00988413807785959	0.00525864531814672	0.000691811018862033	0.00343138941916744	0.0242347138009712	0.00327060192366379	0.0643819307824873	0.020167759306433	0.0601318361635637	0.0149810735550173	0.0295242912452655	0.0182339771098091	0.00675103402069169	0.000519724230548153	0.123402835985636	0.00120222848017828	0.0946723956870599	0.019141414613377	0.495750037316248
mix_56	0.00397437282244393	0.0072730036430937	0.0108631197559523	0.00199509360945575	0.00423238297151778	0.0900732705862948	0.0035256866762004	0.0632314513287248	0.0790708864336228	0.0507242460456339	0.0193739197258071	0.0184471486867138	0.00448697427010947	0.00206890535977216	0.00146253838337872	0.172573456928331	0.00201031311509691	0.0904458852569516	0.0143964994606675	0.359770844940232
mix_57	0.00256635876051846	0.0183645937779951	0.00596733096027221	0.00067933542832749	0.00681964912405747	0.116376114994501	0.00225072837318889	0.0589579775812184	0.0962163982843363	0.0440909727866405	0.010016333259462	0.00889295179091221	0.017876783956828	0.00825138276522833	0.00144686443350684	0.151369197609871	0.0014562519587106	0.0789028327361969	0.0333946057118292	0.3361033357064
mix_58	0.00185136480540268	0.00795214574121148	0.00480054789402778	0.000448626880087238	0.00608287235002307	0.0737516251024196	0.00323964630829749	0.04390473645407	0.0693169018806849	0.058979925169904	0.0118027400613515	0.016439645375041	0.00716987696862748	0.00200970005469868	0.0012326297629799	0.118444597498986	0.000721708440244267	0.0666755793481262	0.0232558373555212	0.481919292548296
mix_59	0.00324137278246076	0.023651347908165	0.0121468093841053	0.00220183865180398	0.00195607052405143	0.0320896458655903	0.00413890173524044	0.0358333532978023	0.0262036239550139	0.0722399033620988	0.0173931508032097	0.0263267571767919	0.0294876815784213	0.0192563712633436	0.000952318016238234	0.0671188074015996	0.00111583293168815	0.0823658705755675	0.0463984890063878	0.49588185378042
mix_60	0.00167037568514569	0.0134317789939962	0.0103380143207374	0.00162399907471725	0.00433104697889166	0.0556480995912815	0.00406748177276663	0.0650101970920127	0.0420681981766077	0.0518846958742971	0.0174285381167576	0.0271995675012994	0.00781428952053557	0.00204950503911141	0.000973894764168779	0.13829426521334	0.00147463830809425	0.10639838941763	0.0303461390137783	0.417946885544831
mix_61	0.00264083346503511	0.0107348273151546	0.00652749558246022	0.00103761892560016	0.00351951583733986	0.0638634105582226	0.00331469838009805	0.046487726533719	0.0597268843363659	0.0636839213190981	0.014690428710639	0.0109493976632919	0.0119630440031151	0.00734287803575376	0.00162790522074125	0.103983011738905	0.0016618564997494	0.0619543050402407	0.034138473276564	0.490151767557907
mix_62	0.00268508682658484	0.00598486184546849	0.00895835150158945	0.00177426178579261	0.00431090279164324	0.0496911993604945	0.00272332150192933	0.0292654593615985	0.0443355232010489	0.0751503767052161	0.0172595545473519	0.0228743451300334	0.00950745202257607	0.00366014945856642	0.00140565466925128	0.0818352286899587	0.00183552576675813	0.0612927223551434	0.0267207270513002	0.548729295427694
mix_63	0.00220030898500657	0.00633108514321243	0.0047356116524513	0.000500606529391371	0.00505579203015628	0.0796505189417125	0.00341661108086914	0.0472517358673689	0.0655212107547072	0.0598712647899289	0.0124082107155481	0.0159683329539664	0.00744683911532855	0.00140535605437966	0.00133043265190643	0.124444231142292	0.00114186449539288	0.0636723519012853	0.0214961922493646	0.476151442945731
mix_64	0.00169038698833247	0.0214592156987465	0.004083430624031	0.000105106573237552	0.00188895352617645	0.00849862798931166	0.00285979797401785	0.00342186591045265	0.00897377127663933	0.0705014895888771	0.0120474279875427	0.0335734997773573	0.0216210885454167	0.0122445572367567	0.000746055545663139	0.0104208383977813	0.000795673776260551	0.0836493631793132	0.0536878820998228	0.647730967304263
mix_65	0.00386359758255713	0.00359566576058807	0.00896730320493087	0.00189098817081226	0.00505137933947893	0.0388229276962145	0.00272720200824004	0.0325715738030162	0.0324534218621013	0.0684626104635353	0.0215034880734788	0.0250751500756462	0.0183300013508257	0.00982330529028867	0.00153727414091927	0.076630198652417	0.0019068321763717	0.0939217359256502	0.0293417776307152	0.523523566792213
mix_66	0.00136801984820954	0.0211507949965147	0.0126679539284403	0.00288013348890692	0.00921659221319243	0.0799623311763842	0.00308778712552753	0.037801521729456	0.064939564308842	0.0529159376358648	0.0201627924585603	0.0305685532041953	0.0396601318055785	0.0279840454786374	0.00181118241904058	0.0963426014236329	0.00193830128600209	0.113673204114106	0.0449116536932811	0.336956897665628
mix_67	0.00284542959202368	0.0159249568889498	0.00826836662659989	0.00197619936125151	0.00654657149732735	0.10668076550629	0.00351854452713907	0.0358595137956379	0.096102277020425	0.0548551846697955	0.0158314491396501	0.020375614162721	0.0061493201910984	0.00207203700066777	0.00133129658794916	0.112616010207534	0.00187149615975925	0.0878062472586533	0.0374036921035463	0.381965027702981
mix_68	0.000787916752095052	0.01302218882062	0.00467420299094104	0.000329941729030586	0.0036989516988313	0.0394717513238033	0.002761244543546	0.0472644314879946	0.0428154555033687	0.0635087964773905	0.0126235835580015	0.0184836245471738	0.019749895935337	0.0101749503597856	0.000634436801119136	0.0893154852428954	0.000976184503901631	0.0753862533250488	0.0298860723481615	0.524434632050955
mix_69	0.00324084808983546	0.0274602038204729	0.0033872782073714	5.38160011248155e-05	0.00713113918236982	0.0769839331409049	0.0039514898617444	0.0604131695380382	0.0574985767070376	0.0446000131541171	0.00842436216455898	0.0151162020644526	0.0108605478848928	0.00513578180773201	0.00169291870779475	0.132022397861692	0.00126254433619186	0.0894496100539387	0.0463703664780232	0.404944800937706
mix_70	0.003026112497786	0.00261963314901868	0.00627737204394372	0.000689982170095982	0.00349307928242307	0.0190654886841263	0.00367756817091493	0.0356019227143546	0.0174527115470665	0.0774114915473659	0.0176033484491424	0.0217989857084131	0.0124464819318414	0.00496168865176054	0.000427355279058156	0.0730156230546091	0.000898137956980287	0.0616944701782402	0.0228859476136633	0.614952599369196
mix_71	0.00214235289249931	0.00857975057366853	0.00612073214669045	0.00138353286732923	0.00594152235186519	0.0699068524530821	0.00443309390697548	0.0311761689897557	0.0531047188075873	0.0625932423628852	0.0145382306337332	0.0197343432215546	0.00967315847986981	0.00476748499888922	0.00116250147602501	0.0896755455912744	0.000922319606543558	0.0781813503029761	0.0310904987788598	0.504872599557936
mix_72	0.00264600266529361	0.00606262028624874	0.0103697617040995	0.00215649426680015	0.00559656164893832	0.0411756063795051	0.00390265681054572	0.0159339483623781	0.0492841894506808	0.0775167449843825	0.0192661667195453	0.0208782606863863	0.00567429764456175	0.00116141862342161	0.00108656337067173	0.0722777614118417	0.0014177231286614	0.063882007705398	0.0312280173508187	0.568483196799821
mix_73	0.00208673175184764	0.0128224182174124	0.00408873683201639	0.000515174501657754	0.00252804785594654	0.0279859713300254	0.00332581519094408	0.0282599669101546	0.0200636853908294	0.0778628842974501	0.0154742856922071	0.0159500290918167	0.00572540507895345	0.000405683792638185	0.00144998892084666	0.0660261071987136	0.00122024100139469	0.0477388236681268	0.0324294882710245	0.634040515005994
mix_74	0.00443167952770485	0.0252257423092616	0.00608038256426309	0.0016581387016378	0.010809554887962	0.147623804460065	0.00463930434057242	0.104293790310942	0.120797707599302	0.0125184481437806	0.00455084093502269	0.0209767076030075	0.0104825097965026	0.00597816497435458	0.00174651385662329	0.236842601556622	0.00117935168373269	0.137526728209663	0.0244664341499463	0.118171594389035
mix_75	0.00218587873444816	0.0229743505953845	0.00831318837534776	0.00167249540643009	0.00290128367752998	0.0353223830811816	0.00366476444944561	0.0666244685464538	0.0410663850986001	0.0570210238242151	0.0164867922817633	0.0168941805304378	0.00974365264333543	0.00753869945196867	0.00115716462672769	0.139380916817999	0.00168305012510996	0.11290369178022	0.0373974258540346	0.415068204099366
mix_76	0.00169343818674085	0.00516767502438827	0.00812596818110142	0.00183079836986124	0.00523769567775798	0.0839740298850291	0.00209130508723877	0.0225405467183259	0.0742872398750185	0.0703892642743291	0.0181483347190571	0.0121701088581373	0.0154583772941721	0.00710261069764349	0.00148907032293901	0.0875807853191471	0.0012149182067752	0.0487265999834733	0.0308453632667517	0.501925870052113
mix_77	0.00216497315605064	0.0199742225648427	0.00489212935667199	0.00107774975905614	0.00511199874899383	0.079712987979921	0.00248432663028394	0.0620067867137807	0.0715571004629672	0.0482182863445873	0.0116536053097143	0.0166220332159781	0.0174353443638062	0.0103258880574127	0.00138909176799504	0.141849543282588	0.00156616644575728	0.0888036392045756	0.0376702692276137	0.375483857407403
mix_78	0.00257987919072711	0.0116947668755739	0.00542179046233085	0.000685074770154163	0.00538902175734047	0.0410823059010261	0.00412021722918114	0.0381586117606911	0.0416478317371648	0.0612209138656818	0.0140194980735632	0.0251957414388135	0.00547948348993288	0.000873989712528871	0.00101379587784822	0.101835853145735	0.000870797345647657	0.08082401345894	0.029408537186842	0.528477876720277
mix_79	0.00278153427598609	0.0232222606855926	0.0116563078719026	0.00217858298329309	0.0027572505942767	0.0200257351695465	0.00431126027253739	0.0254276847271495	0.0185065527612319	0.0827557772686295	0.0215858941950858	0.0183106808800145	0.00632599273410814	0.00218942724546623	0.000320184819368472	0.0539649917829259	0.00133292228297597	0.0749281566791609	0.0586108265992954	0.568807976171453
mix_80	0.00631028385851508	0.037585519304772	0.016564623963576	0.00404143408155639	0.00527950603821419	0.0221155084987414	0.00653552401398683	0.0658900553037822	0.0346416436693717	0.0569314230494391	0.0217263440330527	0.0216047262526533	0.0203866162763877	0.0121445065455966	0.00177095330683988	0.131877235061663	0.00376800691022225	0.131832925443593	0.0549422406918839	0.344050923696153
mix_81	0.00449966386190255	0.0181718465704285	0.0201188589488739	0.00451512582304705	0.00916510516807108	0.0396377420521514	0.00440062253338638	0.0374016838919759	0.0338220500709903	0.0574505830434033	0.0281827499335938	0.0498490234376489	0.0202111832839137	0.0140184773712504	0.00252185055529292	0.0757628280586368	0.00268456762275515	0.173082143362801	0.0467891120508146	0.357714782359062
mix_82	0.00155198073775863	0.00299869127139314	0.00815416617893901	0.000757159480249579	0.00220543907827107	0.00792388498153183	0.00304661698482253	0.00236120032346619	0.00902996605050937	0.089327385057972	0.0168460549443923	0.0235726680865436	0.0286450275160664	0.0164955534411613	0.000935990103445119	0.0140198517171201	0.00102771775682313	0.0454359550928761	0.029350488421057	0.696314202775602
mix_83	0.00233752988274334	0.00571949450905432	0.00337476849130442	2.53808377403207e-05	0.00248719411690722	0.0176094148046713	0.00443968577617324	0.0464479184839011	0.0150995598769149	0.0743082839336729	0.0121512765095359	0.0165153668368925	0.0204156678705318	0.0100020087431946	0.000946174308594221	0.0853814499146651	0.0012519015080032	0.0457843184671507	0.0236906618971295	0.612011943231219
mix_84	0.00161621176769669	0.00875179415026593	0.00487821037855679	0.00048213609105213	0.00379043206115536	0.0659783071502631	0.00288837451017881	0.0284187342021796	0.0595287370716597	0.0657401072919784	0.0122220098987784	0.0178737094777474	0.0194048468400338	0.0108171156110871	0.00114684440672797	0.0918222772642363	0.000854315454394376	0.0607209886993252	0.0285121523860602	0.514552695286623
mix_85	0.00329969155376518	0.00836750954141371	0.00932484615336664	0.00162629801257462	0.00438953101585646	0.0446754984384161	0.00283477294186678	0.023844218271693	0.0384950182315076	0.0754572790408001	0.0191828091463115	0.026731582332032	0.0269235856670917	0.0154068404299563	0.00157486571073652	0.0606679629217293	0.00171008037221734	0.0693966316230328	0.026539610109949	0.539551368485683
mix_86	0.00248745685609842	0.015234484211195	0.00490872426770944	0.000562959340533413	0.00571503112529736	0.0713404398080759	0.00464081297953596	0.0437078122328223	0.0615780775454724	0.0610683201308778	0.0145603359334002	0.0117788583071853	0.00629085314172349	0.00129304219101032	0.00116896950656884	0.112369864859348	0.000974677682024466	0.0664788079261905	0.036349081241447	0.477491390713484
mix_87	0.00350009032350944	0.0263020414665042	0.0121048316345102	0.00265988564514958	0.01157655514255	0.190004715488243	0.00501966260432163	0.100584690997211	0.135783902676285	0.0229683852729311	0.01684089375453	0.0108712646928248	0.00810877591547621	0.00480627280929245	0.00295823828781884	0.217763670802808	0.00156136906724822	0.101500627446729	0.0215637436729396	0.103520382299118
mix_88	0.00301817275240051	0.0111831385327707	0.0102096120846254	0.00234398527143412	0.00881011218057474	0.108173968052852	0.0048588658728724	0.065669687376301	0.0916499607114988	0.0440758949820545	0.0162142096333944	0.0185469531162214	0.0161802265805299	0.00736138129178804	0.00242620724092653	0.169763868328837	0.0019867484555529	0.0959414690023065	0.0207602634321456	0.300825275100914
mix_89	0.00434822934271228	0.0329699991719843	0.0144449997124011	0.00222910472533631	0.00630391859482184	0.00647760335165633	0.00170568111912335	0.0193110176667122	0.0111455127897908	0.0680862590294933	0.0228290219195563	0.0436926305182703	0.00136528114189159	0.00237877446203916	0.00191031575170899	0.0417598162382061	0.00410691094331469	0.149663690817009	0.0732781123672492	0.491993120336722
mix_90	0.00496914238063065	0.00606104768947282	0.00532459427379431	0.00110641677119976	0.0104571879650921	0.157247864619056	0.00236105532091551	0.075634223712873	0.121944555671635	0.029878922255651	0.00669447741988951	0.0117696138167948	0.0212576355595328	0.0133775012596847	0.00218204676999107	0.188630451650218	0.00108074296831611	0.077204113005311	0.0117950643953465	0.251023342494595
mix_91	0.00213176900475698	0.0018720646074766	0.00535371328327247	0.00100294089589037	0.00449486653652117	0.0954994469856989	0.00332136376379077	0.0511083504168401	0.0785370828091301	0.0564023074678968	0.0115987758547456	0.0153321724882694	0.0232935404178834	0.0128159478828968	0.00156612583154738	0.129815919811977	0.00155524704447529	0.0582770529968345	0.0172100812110682	0.428811230689028
mix_92	0.00191518647351301	0.0164192723100591	0.00507170939457703	0.000458560526887831	0.00693560594591425	0.0779341210360535	0.00310478361088398	0.0654812372957118	0.0699090492166139	0.0431975813794525	0.0102024555959162	0.0234101626125564	0.0159000390266501	0.0102918612108135	0.00149177283095843	0.153177394424359	0.000566023809627361	0.108063137781872	0.0313723151121985	0.355097730405381
mix_93	0.00168926017593129	0.00998566617568145	0.00566160725225177	0.000212284170968643	0.00291300339696355	0.00967583993073824	0.00396808018050008	0.0204096018892566	0.0117689988961335	0.0873178039878829	0.0175419329036045	0.0135601553654769	0.00794564551546432	0.000736946249795435	0.000658993912526334	0.03509844194025	0.00073914011817748	0.0360099520380081	0.0418214080744865	0.692285237825902
mix_94	0.00339059468322509	0.0157763347328376	0.00677878373053554	0.000789442804140104	0.00652140667812964	0.113042213803394	0.00204751242354522	0.0717637869951682	0.089198012043628	0.043624523782212	0.0102279260573786	0.0114118848112989	0.0199934534775835	0.0096578504514612	0.00128409719471284	0.168425115821552	0.0016192095719807	0.0792573622619625	0.0248335214301418	0.320356967245113
mix_95	0.0026035791721479	0.00894788153672287	0.00578713940803061	0.000729691698369897	0.00619328217899865	0.0746822476935209	0.00356290199860029	0.0743126063874215	0.066927120420195	0.0457632987379471	0.0136402079200468	0.0235458603740511	0.0138653883874262	0.00805524154206548	0.00231066576392979	0.162699941844194	0.000612877589467918	0.0915322799186995	0.0122932471692203	0.381934540258945
mix_96	0.00475247153793134	0.0140313142896428	0.0105696795293034	0.00237317226397108	0.00751247417897791	0.0805185991797577	0.0040202164517195	0.0554275236927683	0.0690427800155201	0.0470670425874791	0.0190965455804257	0.0286970791840565	0.0213174629484594	0.0163093316440991	0.00111016461821504	0.133686809099623	0.00213000563258661	0.120701031711775	0.0298856330493717	0.331750662804317
mix_97	0.00204645431077904	0.0103884656832201	0.0139925177972086	0.00272835460282448	0.00678512560792532	0.109490594797223	0.00350012563187771	0.0861106647680214	0.0903954794895558	0.0405013343573742	0.0134942649648521	0.00996704818348713	0.0493509274547033	0.0306257160884414	0.00221509485784013	0.186277058042846	0.00147297754513734	0.0850229860404491	0.0268640427380765	0.228770767038157
mix_98	0.00383239194211697	0.00911398862742021	0.0110783343208922	0.00223387721450616	0.00531159598124108	0.0537450892667188	0.00365890470854926	0.0750803953889483	0.047027568132292	0.0604166360747996	0.0210686123079377	0.0141870886664718	0.0267941416197501	0.0155287517414106	0.00109419187787344	0.148564111141284	0.00142709998509461	0.0737855262559335	0.0201257397800187	0.405925954966741
mix_99	0.00287249235442109	0.0259968139043377	0.00709660432790231	0.00132237600276439	0.00127880019433583	0.0112962918974323	0.0033950366362441	0.0023641237821673	0.00775608595492928	0.0840631755371852	0.0169915422816182	0.0132226117276005	0.0372192420709996	0.0201078047250024	0.000555343816924234	0.0230407034942142	0.00185214007475146	0.0443787191211069	0.0567203495247403	0.638469742571323
mix_100	0.00211216247063854	0.00407574734111266	0.00610880799299337	0.000531129328861525	0.00411892542904025	0.0593627785052608	0.00379831164116425	0.0487469729345988	0.0535157152849183	0.0663521896718646	0.0142273251335226	0.0105634283268382	0.0154188459584533	0.00734501014640114	0.00129795063231813	0.110501582601476	0.00121899502716536	0.0482911512655905	0.0202500368288064	0.522162933478975
