B.cells.naive	B.cells.memory	Monocytes	NK.cells.resting	NK.cells.activated	Neutrophils	T.cells.CD4.naive	T.cells.CD4.memory.resting	T.cells.CD4.memory.activated	T.cells.CD8	Macrophages.M0	Macrophages.M1	Macrophages.M2	Mast.cells.resting	Mast.cells.activated	Plasma.cells	T.cells.follicular.helper	T.cells.regulatory..Tregs.	T.cells.gamma.delta	Dendritic.cells.resting	Dendritic.cells.activated	Eosinophils
mix_1	0.00560406675372883	0.00891155835982184	0.00919195776429155	0.0466101704591481	0.0470480579382806	0.0106360806898519	0.0543698316923806	0.194095690026113	0.124591463129159	0.205785301483319	0.00676033737106936	0.0107675509603179	0.0272876608813382	0.0238066870045731	0.0159160926833925	0.0103191853834627	0.040657030172596	0.0266100082731238	0.0846118984878259	0.00644293253786694	0.016661934433786	0.0233145035145533
mix_2	0.012468597070431	0.0219086877030263	0.00724657814880663	0.0386477165901078	0.0426824707455053	0.00577076659976919	0.0609325605581938	0.225781303899918	0.120058064004362	0.161873738690209	0.00444626300086522	0.00764566419581744	0.0160513056090036	0.0380866137709221	0.018784563060992	0.0349872589941157	0.0461572703159819	0.0276761558126748	0.0681966265651837	0.00225811446202577	0.0145839483600212	0.0237557318420672
mix_3	0.0130222039564573	0.021077075536909	0.0161293656850559	0.0350837787674576	0.0363311611621326	0.0158603805357322	0.065558203253809	0.204188916709856	0.102269917220414	0.0940133642814537	0.0183321346548151	0.0217512522282427	0.0446503449659867	0.0375668977717703	0.0299666955767229	0.0341841559648882	0.0452633651077019	0.0332507354361193	0.0565115518113259	0.0107383402434943	0.0283163909898701	0.0359337681397858
mix_4	0.0106840782431563	0.0177019885860739	0.00336444303146345	0.0408337362018723	0.0468362182601998	0.00606509429755633	0.0705733780983007	0.265602478452907	0.108230138572612	0.142545935765007	0.00548727879287311	0.0083058517125568	0.0113792023507925	0.0243461184840034	0.0141625367018658	0.0246015056968679	0.0551495444428025	0.03480032695737	0.07293384846788	0.00159482964347415	0.0152230512253261	0.0195784160150386
mix_5	0.0109677557118471	0.0179974829407999	0.00596616171330847	0.0398942409530755	0.0436732093248444	0.00766812982125507	0.063630368563571	0.241105985592087	0.110075712098251	0.152685437378523	0.00987990547062456	0.0125168947854161	0.016396389890842	0.0261761142422763	0.0186966483817293	0.0273882604404485	0.0489972570221909	0.0300734096999612	0.0722978416634679	0.00408189713878367	0.0164597353582292	0.0233711618084681
mix_6	0.0101719562385991	0.018731091167866	0.00304125555296728	0.0425413542246642	0.0487048979954922	0.0048027750764994	0.0638850186221295	0.268787100525512	0.118865144364967	0.160057414617082	0.00470131035961033	0.00898884130936285	0.0094062618461825	0.0163671766262078	0.00836285985439188	0.0237420161883918	0.0523958353455373	0.0302821970617444	0.0715275563225228	0.00143522503340677	0.0128898265576385	0.020312885109225
mix_7	0.012942838474008	0.0202558909748365	0.00493979407916731	0.0377861195652994	0.0390483983497058	0.008804706851304	0.064353124695051	0.238804072709796	0.100493473435626	0.140360872713739	0.0110952720567807	0.014272905110445	0.0229802573727889	0.0386255310530444	0.022322044634484	0.0294335973843321	0.0456611766352538	0.0268699802775972	0.071748298277338	0.00397364088732968	0.0188517615368059	0.0263762429252667
mix_8	0.00928222182640651	0.0169655713571442	0.00509243039340556	0.0428002140037344	0.0437699066898242	0.00709137328677122	0.060684374201074	0.205449848169925	0.113803069515408	0.177195358921767	0.00775906888823073	0.0128641759578097	0.0215133170837332	0.0385001385610865	0.0211278090243091	0.0216907528130332	0.0468883444528819	0.0244951823556175	0.074242887895789	0.00360382974527486	0.0185087436059101	0.0266713812508644
mix_9	0.00943153224354082	0.0180332767977395	0.00515254032411776	0.0428177428578329	0.0480281070573126	0.00511003724202314	0.0630322554885548	0.261680535600427	0.118875396165802	0.166521484808964	0.00515623583155842	0.00784456299240376	0.0126107728354239	0.0108707328001206	0.00645803228986293	0.0224080110532055	0.0529614539569889	0.0346377248435691	0.0690704187362687	0.00306085131371069	0.0148047717037367	0.0214335230568364
mix_10	0.0142592703964179	0.0263452200445449	0.0160434657145803	0.0258989213890044	0.0337335902526481	0.0126371397038127	0.0760562702504411	0.29092223644882	0.0722196599516659	0.0702490050604641	0.0114057307582041	0.0144622688585236	0.0349037014281828	0.0324609224307677	0.024962815038549	0.0315684691224884	0.0558569936361006	0.0426661656024499	0.0472057469095051	0.00923125968173303	0.0244836325983985	0.0324275147226979
mix_11	0.0120634298455197	0.0212309371343492	0.0120836357812589	0.0405786734183214	0.0434286980335604	0.0105686428110073	0.0531046378369887	0.20174985220469	0.119394008485624	0.179483624145169	0.00574331245498983	0.00909080356180101	0.0276586589357252	0.0217318317095074	0.0174032765440552	0.0276063397888742	0.0422121284309227	0.0268865179174127	0.0724781900045327	0.00813380002933543	0.0179705850891697	0.0293984158371853
mix_12	0.0066935033023076	0.0114528651636735	0.00480641326208193	0.0395307835663493	0.046605750970861	0.00848091048601746	0.0696836991440807	0.271602826236313	0.104459126120228	0.141665649086155	0.00858901939047212	0.0122694939846512	0.0179160028658739	0.0234075129528803	0.0164983276747594	0.0111953555693848	0.0536099241836781	0.0354995095725172	0.0702589791379796	0.00499221491745684	0.0185107778579357	0.0222713545543441
mix_13	0.00507926074011418	0.0114865525246099	0.00809689368182921	0.0295436647958497	0.0435436372285645	0.00762033343399105	0.0783870545640762	0.316180988387448	0.10529569941217	0.112007349155555	0.00617719632841236	0.0105187914252503	0.0258321706781758	0.0157505180819364	0.0105260105797133	0.0146752439427304	0.0540685145678007	0.0399796943210342	0.0547387883772689	0.00546387757539066	0.0214495585380207	0.0235782016600585
mix_14	0.0113161371858387	0.0205705640905762	0.0109721920100343	0.0324547081482575	0.0426833873715823	0.0103987077924384	0.0672998531351478	0.272483030655354	0.0942432426178609	0.132399546126124	0.00738313151448422	0.0097429718421913	0.0239116106434025	0.0195583998701793	0.0150823979838149	0.0240123151961766	0.0526705829315631	0.0392619930226955	0.0647434715281147	0.0076320217267973	0.0167291005919154	0.0244506340154513
mix_15	0.00924262957545774	0.017952817070286	0.00588265169692641	0.0408472841816097	0.0454288179748031	0.0080705938140732	0.0652187838142406	0.235955659488906	0.120358937438505	0.157570003400082	0.00803452321757907	0.012179787211789	0.0200297537162571	0.0207153057544102	0.0114517240711004	0.024804046145065	0.0478161451467261	0.0293310078365543	0.0754787166603276	0.00343587940664599	0.0163626779497745	0.0238322544288806
mix_16	0.0194557430431126	0.0331185097163676	0.0112190440033198	0.032558183093165	0.0341073335484797	0.0126136090252517	0.0848139919245901	0.216633039264533	0.0546142856219849	0.09574613452759	0.01853252954095	0.0222509797699876	0.0342139337850551	0.0294321504791684	0.0172553103965039	0.0575996670506147	0.0512669255730111	0.0311622924012944	0.0689087663940675	0.00540435905216668	0.0276218194703623	0.0414713923184235
mix_17	0.0171413897570508	0.0292528530998451	0.00756529393193691	0.0216274564960677	0.021196067990023	0.0107573457720078	0.0810421441864208	0.265156312597594	0.0703522179975851	0.0698346127449664	0.0147786863462521	0.0221470957885149	0.028166436780442	0.04647591377088	0.0235764794530461	0.0462778365195387	0.0584310224053363	0.0340942596147445	0.060632899099812	0.00283725703051295	0.0305195123663713	0.0381369062510519
mix_18	0.0130377824623458	0.0254683258184443	0.0168350890295991	0.0153469685375229	0.0185578773290212	0.0140852127237266	0.0839117585828629	0.329387812623447	0.0600759452968615	0.0290932727203295	0.00909250217164771	0.0157265232009271	0.0429014369200928	0.043053566425854	0.0297232888686707	0.0288095390684531	0.0545246653186444	0.0512588353848659	0.0408558192460364	0.00989625527220528	0.0282520563993762	0.0401054665990652
mix_19	0.00652373077691016	0.0113427791896145	0.0145999980538626	0.036025162193669	0.035279564236006	0.0145397519196154	0.0717461489996031	0.222050593769543	0.0957950575677132	0.120698690571671	0.0141742713358446	0.0204740447996303	0.0433103040311711	0.0381364959756905	0.0269111565778359	0.0130667737590023	0.0480462857053107	0.0322300977872115	0.0633010008533853	0.00895103931558081	0.0270166174772674	0.0357804351038615
mix_20	0.0108028670749713	0.0232913359915098	0.00529336014309684	0.0349608387455081	0.0435001050993244	0.00529471715235105	0.0684098833521502	0.277438589351161	0.127690476446621	0.141176499216888	0.00456063829144995	0.00825008065135515	0.0139442733538874	0.00843929486765185	0.0061138600421112	0.030682887409848	0.0545153814182521	0.0318001793284256	0.0644471479560428	0.00132768707445134	0.0165355642123687	0.0215243328205733
mix_21	0.00986705686082791	0.0204808017243251	0.00532457775085506	0.0211539914331188	0.0294936199175061	0.0101036721994109	0.0957805416968474	0.327789520024259	0.0742687900926399	0.0637080324276658	0.00992008019357061	0.0181459829923908	0.0283538754335982	0.0240822090342495	0.0135931254854459	0.0244659641555935	0.0646798534400171	0.0393678535248319	0.0566962916120246	0.00457226280366102	0.0270059672464603	0.0311459299507009
mix_22	0.00853549590480721	0.0134691522785111	0.0117824086782363	0.0333701016590155	0.0481346230702467	0.010137066252071	0.0614951163713386	0.228016628620522	0.106612091177105	0.162140124484134	0.00852033482756469	0.0111848087504268	0.0244035364680575	0.029838058747507	0.0228877302657746	0.0151119700790973	0.0504905289614342	0.0345801233501033	0.0691857387619003	0.00714702047215322	0.0168871745703697	0.0260701662496234
mix_23	0.0104277349243373	0.0193027422321899	0.00904413423228781	0.0399642627515582	0.0423046032354537	0.00840369884747637	0.0672956766474653	0.25661703958619	0.110600221864307	0.142983816178871	0.00482621213790205	0.00907481491764359	0.0256806082043827	0.017161221512282	0.0120946395867683	0.0227035039486265	0.0491506884494179	0.0324495079675427	0.0720823501801333	0.00649433327618677	0.0164552177239493	0.0248829715950279
mix_24	0.0101601555172693	0.0181129337523382	0.00333255197579568	0.0365040015218335	0.0438933059305002	0.00683943565734769	0.0706801294497799	0.26984435388551	0.108315900499764	0.133821283276838	0.00863301271068676	0.0122463303099794	0.0153636098640347	0.0188426301659139	0.0102362863241661	0.0283230794205642	0.0560998812891332	0.0327851177942109	0.0724031640265723	0.00231724365415507	0.0169071286656785	0.0243384643079292
mix_25	0.0101998976819874	0.0195829597099447	0.00422835282795317	0.0406713022786062	0.0461106092623392	0.00589709774685059	0.0709609973930277	0.279347576397889	0.114731657954861	0.144870664124061	0.00512388038897693	0.00854070297875498	0.0135046306549409	0.00839174017989348	0.00479690082438115	0.0234178805065459	0.0544099073300031	0.0358273957632209	0.0693261986947087	0.00226906291608453	0.0146482563288725	0.0231423280560973
mix_26	0.00912776141316147	0.0163760642609518	0.0154609066686774	0.0204161851420817	0.0205083504954034	0.0159839946844646	0.0872168729004331	0.312600050443702	0.06797379517175	0.0460228637469376	0.016947210759795	0.0209075070716013	0.0442347037793264	0.0341861216579935	0.0211801579542325	0.0178745082824436	0.0585043811626543	0.047808867917796	0.0481387815317987	0.00999740948116097	0.0327577654700745	0.0357757400035597
mix_27	0.00924211894754156	0.0182520397519122	0.00949924267425753	0.0439782981173592	0.0446853274353749	0.00887603796606989	0.055880262998489	0.237272128588354	0.11853024993828	0.174350831261491	0.00611054448549383	0.00947297024619342	0.0242220846514351	0.0147596252714805	0.0101593091790841	0.0243284869282985	0.0457461028815801	0.0281144574200919	0.0705340276538656	0.00572411950061279	0.0162783057270433	0.0239834283756915
mix_28	0.0101251609914477	0.0183855927801355	0.0028340838955643	0.0358392307370505	0.0454147398126809	0.00621186135647562	0.0691083362675382	0.267697039288732	0.114498699639683	0.148917064838269	0.00534796446334828	0.0111248710601912	0.0145574207016535	0.0160358339687304	0.00983020386274846	0.0280305362735271	0.0537693622673478	0.0357604059799215	0.068195420485804	0.00171835482939753	0.0129870323007503	0.0236107841990029
mix_29	0.0090187587611499	0.0158697464937762	0.00884000200762852	0.0430922491672386	0.0455298299836985	0.00903959317075896	0.0541289220434271	0.208714195623691	0.116392253913814	0.179174227297386	0.00647132032625398	0.0107565494450425	0.0259133483095265	0.0343975656767629	0.0199713131562999	0.0189919578230687	0.0447386924996293	0.0282252227846783	0.0737848600297226	0.00608142787561151	0.0167052600780271	0.0241627035328072
mix_30	0.00875474640361569	0.018416800885514	0.0056454033433819	0.0393657064138756	0.0461595785457375	0.00777405335609174	0.0689513105653462	0.28130701873089	0.104769810402158	0.143401563588404	0.00610015631535502	0.0102447399893469	0.0154117658755866	0.0165226183846331	0.0103597471813299	0.0204873508540145	0.0536568070675854	0.0335065236438208	0.0670630692087436	0.00334837090583452	0.0145233305322444	0.0242295278064902
mix_31	0.00772090361879441	0.015283229828454	0.00921281219320508	0.03417658575856	0.0426188414309356	0.0104088341493701	0.0707573843646251	0.270985867203672	0.095556141085737	0.125279372199916	0.00799117857345355	0.0126081320251061	0.0276091195706646	0.0305725458719097	0.0203116098212737	0.0168731981557007	0.0500556252323887	0.0373807606532181	0.0609049630335377	0.00667524088423601	0.0195863570872417	0.0274312972580009
mix_32	0.0114061386396821	0.0204579758015801	0.0129239326946586	0.0343703040494354	0.0430024083848489	0.0107051060571889	0.0696966017222612	0.26841244575102	0.107599996884815	0.12059346631569	0.00603188221934528	0.00889822049598337	0.025887041906666	0.0273098638698422	0.0209259490265515	0.0235427201734824	0.0498286327578217	0.0382610609317996	0.0491867116453968	0.00817664565283237	0.0166488903318184	0.0261340046872815
mix_33	0.00779723964394577	0.0159380668412519	0.0177912839351535	0.0284731093035549	0.0346613499671001	0.0132772102123703	0.0838335468462471	0.293949755496264	0.0914853636509782	0.0874774756562492	0.0108056275710125	0.0162308222779075	0.0356825513724979	0.0118536814386041	0.00756384967762095	0.0149161939587425	0.0553304740253729	0.0464133384146936	0.0598340600139758	0.0100123296085848	0.0267582608135469	0.0299144092743256
mix_34	0.015151069439932	0.0250763570090492	0.0202624764433453	0.0174387078489582	0.0152793898242035	0.0178197074021333	0.0802489989716518	0.286859900044307	0.0340897339863395	0.0358199079745017	0.0146997529252646	0.0210774886575184	0.0521133268136427	0.0708070805015981	0.0423901615574556	0.0298287540333121	0.0503026960018782	0.0431987686042318	0.0379425153983958	0.0109694346393208	0.0322615857982618	0.0463621861246988
mix_35	0.00573561215194892	0.0123535344814047	0.00601847606561218	0.0382670829424823	0.0473670088208375	0.00873125236253302	0.0662691752380365	0.261092463271803	0.1080902965108	0.149125392047813	0.00738313886751715	0.0111343006630566	0.0183192560448636	0.0314201019069245	0.0194453807880119	0.0147289792893057	0.0505924537893408	0.032162042941133	0.0678755827546443	0.00479352092051777	0.0160506451567191	0.0230443029846953
mix_36	0.00949612234807297	0.0154278653313429	0.0104934585086793	0.0362767318685142	0.0417539848208996	0.0109836652336808	0.0628557802106326	0.248548672071074	0.108694486756588	0.134317318264242	0.0105420747897681	0.0123484383109584	0.0239546475066879	0.0327701883864908	0.0222587946072355	0.0198090001539725	0.047122657989009	0.0334977137923145	0.0670383334625099	0.00662240576485735	0.0185995544846255	0.0265881053378444
mix_37	0.0120646471539876	0.0207639262667319	0.00775808735691019	0.0349632528174435	0.0356001027531322	0.00995008863256232	0.0744539795746489	0.256864095635925	0.0695585262885055	0.123535864516358	0.0128194080066796	0.0175907365892332	0.0267661653185733	0.0310556318836533	0.0188113173935451	0.0305411405469927	0.0516760978981998	0.0355541905082515	0.0665599945173294	0.0062299205323941	0.0241633981480422	0.0327194276609014
mix_38	0.0109686137176608	0.0192675723974861	0.0101139069886679	0.0400377666526738	0.0409793247754708	0.0115914083861291	0.0654234916306528	0.217747560894492	0.101490208650248	0.148928124973627	0.0128092055015941	0.0159718627846806	0.0319310895010153	0.0242247085866755	0.0149496653002693	0.028329574161188	0.0467804558367657	0.0311635108080533	0.0700247328208184	0.00758923822744066	0.0211640970022203	0.0285138804021703
mix_39	0.0105702947485701	0.0186693318416449	0.00359162014000706	0.0405260257655897	0.0456774400469134	0.00644689587686906	0.0664323254649073	0.254460220604483	0.107432625032126	0.156684658279145	0.00483827716191668	0.00970149110070439	0.0133140588200875	0.025374808533504	0.0153915002311859	0.025779175607793	0.0519765203775489	0.030062133354553	0.0712575057282917	0.00216940497296969	0.0150798526087897	0.0245638337023994
mix_40	0.00907584700897554	0.0137612946652639	0.0105241885470479	0.0332913755210658	0.0421097734757307	0.0109519708617133	0.066774980296216	0.271543412762638	0.0994739030984739	0.116638339363771	0.0103810562078158	0.0126855820975576	0.0260810510550117	0.0326825924361631	0.0242759911155494	0.0160622124783272	0.0515761444211238	0.0383455906534403	0.0638458408323106	0.00848795973224678	0.0171187017795746	0.0243121915899838
mix_41	0.0133219250154177	0.018693119671255	0.01707642270478	0.0233304527024352	0.0273549153507037	0.0159336562453809	0.0825868025304258	0.282240531369368	0.0773198359408485	0.0627908505148315	0.0158441886685127	0.0192093366074272	0.0440327660062889	0.0361353577490686	0.0228659639313129	0.0231946714266152	0.0514485582067053	0.0397356957875724	0.0539445209932367	0.0114653142645942	0.0262856999240406	0.0351894143891791
mix_42	0.0134209710239922	0.0257042840501173	0.00640868750387016	0.0270788917070723	0.0318154608452179	0.00797998363250195	0.0773316535859486	0.317587634882639	0.0988448990871967	0.0731139585682912	0.00320509577363191	0.00844050617820783	0.017382258747841	0.0316056688609107	0.0243674076432455	0.0296996150104504	0.06012023559347	0.0424814248330737	0.0551911395842352	0.00412595658472614	0.0164182061843175	0.0276760601190429
mix_43	0.0144777176118543	0.0269379029484607	0.0163340171573298	0.0191511967274815	0.0209409242976688	0.0156657675127759	0.0798096079261414	0.302409748171575	0.0523330026138392	0.0401374036393231	0.0142161822546615	0.018731493525961	0.0442841322022407	0.0377190185784148	0.0282680635578876	0.0382609985080249	0.0575887551496661	0.0470659208277753	0.0455483474360262	0.01120200425774	0.0305698338805834	0.0383479612145691
mix_44	0.0125659695524636	0.0229134344810116	0.0110566896395269	0.040503168260866	0.0405210683971267	0.00883164739676009	0.0643074783141888	0.236349267560185	0.105757371827747	0.145759873624017	0.00608117089514991	0.00939457282789574	0.0256880955858253	0.0242234929014776	0.0142986013479016	0.0295382002599458	0.0491421580277787	0.0325225436478622	0.0674133632037568	0.00590193150774722	0.0192261712011611	0.0280037295396042
mix_45	0.0106580584986381	0.0160862757537454	0.00429655677164046	0.0362915284240036	0.0430933963135774	0.00761461567065865	0.0570756930874062	0.245367527479641	0.102051432462187	0.150983151029611	0.00815621594971969	0.0124510760234093	0.0205636520274121	0.0409851265272821	0.0244868438030404	0.025327266882006	0.0500767897451372	0.0317687671568994	0.0686289549579017	0.00290674151796692	0.0166282375155367	0.0245020924025795
mix_46	0.00734232815970153	0.0127405576865498	0.0185937380463281	0.0309633375126652	0.0369183161715137	0.0157331973486114	0.0780566167667754	0.285704278030485	0.0583281720249877	0.100257260531079	0.012480372787936	0.017873516092436	0.037533564467206	0.029572200820482	0.0217483044340377	0.0105150427759625	0.0505558690010702	0.0435167996112935	0.066715025780249	0.0104799462469959	0.0238575444245403	0.0305140112790941
mix_47	0.0244098857787793	0.0443747216957116	0.0100607686545981	0.020576910935	0.0242707139473547	0.014916851498649	0.0781242345032236	0.186507291336704	0.0875187783772748	0.0437732337933288	0.0250206793813445	0.0297480898232385	0.0507247137099427	0.0339609406641564	0.0213034773041225	0.0902589097763102	0.0343269419327461	0.0204630459568585	0.0566232540709915	0.0047630180866183	0.0462503022471028	0.0520232365259437
mix_48	0.0149382946494487	0.0260397242242668	0.0135126221018123	0.0250568800247566	0.025437885956022	0.0116889216445831	0.0787977316078924	0.30206493971447	0.0796309945649015	0.0660861194979334	0.00667481533196493	0.0119193340463328	0.0328364018471271	0.0357116121140935	0.0245833375706582	0.032308710771438	0.0542259856477505	0.0438282659885419	0.0501729368158103	0.00833486198059837	0.020737306868019	0.0354123170315784
mix_49	0.00993219929568253	0.0197110852907215	0.0202877578808735	0.0388657082010118	0.04361005870833	0.0140883811411881	0.0644129868126918	0.217369272131215	0.0999347648437808	0.135952658981324	0.0109909870008352	0.0122952840874347	0.0285020313333623	0.0363350804676762	0.0321371564449396	0.0166634947484925	0.0442574771824586	0.0381920953915598	0.0605243555833844	0.0121194147319705	0.0188227971777025	0.0249949525633645
mix_50	0.00909791642958555	0.015556061928654	0.00449879162980269	0.0394967571984743	0.0479160913549988	0.00670407486674893	0.0630221211645123	0.247705307230397	0.106017676706743	0.159236764882119	0.00608217427741897	0.0100673167595969	0.0157855845080363	0.0276471633073616	0.0206931073305373	0.0211210152435927	0.052152230478211	0.0320202691307646	0.0771943241528641	0.00216089158831656	0.0132171368114924	0.0226072230197718
mix_51	0.0154700159325925	0.0248594528992272	0.0162942166179125	0.0178118911266444	0.0179433818466677	0.0157411766667208	0.0878316007193831	0.28925533756399	0.0571100394393822	0.0372782642064998	0.0184445889156762	0.0233908931850419	0.0446800999117742	0.0394059786090735	0.0274462453777676	0.0389216726067081	0.0565316863605446	0.0405476335013369	0.0488380254207229	0.0103795428732307	0.032552122491188	0.039266133727915
mix_52	0.013226879669463	0.0220253901953237	0.015358781555236	0.0273987579216931	0.0297100441912518	0.015174435643881	0.078004079371799	0.278121255710781	0.0568502294908772	0.0752043554766853	0.0136152405353442	0.0195288001350291	0.042154360412843	0.0339811046866552	0.0261962186675157	0.0300157057393697	0.0533557261667893	0.0423165107761345	0.0549810237067558	0.0102191508018535	0.0274987128577206	0.0350632362869985
mix_53	0.0178359481635524	0.0318809317723087	0.0175757403752393	0.0218261121868695	0.0268638029373876	0.0136934910216327	0.0731399881631692	0.254846222563441	0.0908742239702131	0.0723203373948643	0.0128708457480452	0.0158320566073271	0.0362765180416783	0.0374927049043977	0.0249562387323821	0.0494905754720812	0.0473583213310373	0.036978987974359	0.0505896939711168	0.00645245851098786	0.0215768586782417	0.0392679414796677
mix_54	0.0107518589540048	0.020453900438398	0.00987601852422636	0.0328727046686789	0.0393602994416242	0.00963800926827698	0.0730065864601104	0.285132482530154	0.101736268166768	0.118951603892035	0.00988399217603213	0.0129947670140219	0.0240788743381924	0.0133704110795162	0.00813657879728084	0.025581953083861	0.0533068987193998	0.0382549385154337	0.0611575624890627	0.00593292289590759	0.0190400897620733	0.0264812787849423
mix_55	0.00930813551631619	0.016241122634782	0.00930825582982048	0.0202318451422692	0.029097226237936	0.0112940173761644	0.0949372774318401	0.3489670750925	0.0632694485187961	0.0503446150612978	0.0101208422215869	0.0174145075308949	0.0318187505210973	0.0307498059871933	0.0176977212960637	0.0158730811884757	0.0572008268561648	0.0515900663803884	0.0465812143863649	0.00680323560929623	0.0271962065114875	0.0339547226692646
mix_56	0.00637598082026238	0.0110086149997008	0.0102404113473607	0.0361162014621421	0.0412409109282642	0.0098678819495649	0.0747588840769596	0.286292601712201	0.118712394558201	0.12815850076102	0.0079512264622208	0.0125608574225123	0.0218622256983415	0.01320686631303	0.00905765394170548	0.0112147208031722	0.0525585997411379	0.0389865058785159	0.0609231939264556	0.00789943004401511	0.0185780788893452	0.0224282582638721
mix_57	0.00989123267070423	0.0171538432797308	0.00532026927677337	0.0384063724417469	0.0477425653862035	0.00711271573367204	0.0650474897258463	0.258900530049358	0.118433904141836	0.160791205373534	0.00668212651314846	0.00853511768904089	0.0136729166835695	0.0197873306303391	0.0136752948984599	0.0210859233264525	0.049499232647675	0.0289185104141861	0.0697930197710213	0.00450252092232594	0.0133039224907285	0.0217439559336476
mix_58	0.00698421907310193	0.0140934968444807	0.00456268411727867	0.0355438539369154	0.0457331819724703	0.00826927184355608	0.0694096288113501	0.262274363464331	0.100911669599869	0.155708913816821	0.00895867670567666	0.0132255684839077	0.0193781860975959	0.0160863202621672	0.00937859743913875	0.0192697130140862	0.0546289474203878	0.0352684198686446	0.0753977066661329	0.00352232926106683	0.0175006219215968	0.0238936293794244
mix_59	0.0187367609957542	0.027735146645694	0.0185554406239397	0.0219696497882491	0.0264615789470502	0.0158768878953081	0.0652058583617862	0.239414840653746	0.0817450884494838	0.0724874358612312	0.0155308413599057	0.018661767253327	0.0442122617339152	0.0504127020448827	0.0346318516108695	0.0408026640012163	0.0484036443317068	0.0371453350211109	0.0463026572269167	0.0105116491912408	0.0270839611262421	0.0381119768764239
mix_60	0.0102985698912742	0.0187478925593066	0.0120980680329396	0.0276267097944011	0.0355524563538927	0.0115705877063672	0.0813551270870846	0.308179008460482	0.0794777335571688	0.0869593798259791	0.00983686124209965	0.0156020232767266	0.0327731617584973	0.0133961123679402	0.00978209435977034	0.0265222561182681	0.058585715850184	0.0430287613686825	0.0576372627940244	0.00727449750963405	0.0231541333411633	0.030541586744114
mix_61	0.0113684226371137	0.0176021551876717	0.0073207818684255	0.0358661820151266	0.0397387894405448	0.0102026295684994	0.0640324551984186	0.261387083156165	0.0996403262737812	0.134723633392554	0.0109326178907091	0.0129176179557492	0.0217173936781771	0.0244717191799064	0.0177760330017689	0.025364310842636	0.0523100961752895	0.0336934989835703	0.0699592892936027	0.00600911614259047	0.0175463260420321	0.0254195220756681
mix_62	0.0101600911464961	0.0170848668860095	0.0143622276500198	0.0342555638162506	0.0388301997603652	0.0151519787021765	0.0698739942514593	0.243735238371479	0.0784540741407	0.125601182838152	0.0150944279270918	0.0192694466491572	0.0375916918528328	0.0241719697908577	0.0168619485234804	0.0240904643574528	0.0518243845768013	0.0370755386732742	0.061739896647725	0.00956442260116976	0.0245099082113399	0.0306964826257086
mix_63	0.00741878094653502	0.0134556083767193	0.00620934254198508	0.0383920366436541	0.0464735957852564	0.00804648058413366	0.0732223827916295	0.265059667228508	0.105853246167993	0.147153642913633	0.00876444193126985	0.0127212826420027	0.0212450909460397	0.0137497095500974	0.00852266391129052	0.0170076523895772	0.0557673122187551	0.0344178849918075	0.0702126322718186	0.00446471644785217	0.0180476352835826	0.0237941934358595
mix_64	0.0289434685133241	0.0486884965700826	0.0111136975763889	0.0193262411411747	0.0179831855517719	0.0120192763940497	0.0840567687048232	0.166066814843893	0.0829541497783345	0.04758453909778	0.0185003013705328	0.0263791497283025	0.0391812921258821	0.0686795551696095	0.0327827798018536	0.0925981848392286	0.0365608483425433	0.020673290864431	0.0607982602849131	0.00303841787292552	0.0372186368248141	0.0448526446033411
mix_65	0.013627059285277	0.0212027591261534	0.0182457028250929	0.0252874808878245	0.032888021863121	0.0164083547562608	0.0814341933119885	0.228692789170778	0.0711461403070619	0.0882933355544936	0.0145516259759571	0.0188744781004958	0.0468981443188015	0.0389303924345186	0.024491406163919	0.0295604101994153	0.0532926054229706	0.0424174555180555	0.0556770860098821	0.0111208858485962	0.0296723166678663	0.0372873562514702
mix_66	0.0144059470732046	0.0271187236402025	0.016976874905609	0.0380870189266791	0.0290135537141889	0.013153769066137	0.0610412586951819	0.195635544746154	0.105906101313877	0.120860536300945	0.0087759528539636	0.0133221400300626	0.03812303041049	0.0497220494109646	0.0305113222072621	0.0355677448522745	0.04517358437426	0.0269796587081105	0.0661446933090078	0.00884945755890246	0.0208723284169248	0.0337587094855978
mix_67	0.0124187015132071	0.0203314748949737	0.0123945774143945	0.0436128670018408	0.0423097993146143	0.010883892657537	0.0576245481428266	0.208912630933055	0.102009468090907	0.185049885493158	0.0111981345535294	0.0131177270278963	0.0285095652694267	0.0151627754761935	0.00951258803319312	0.0309764457859961	0.0453931667159855	0.0262936937514365	0.0733231757199765	0.00759753126010093	0.0180653490396489	0.0253020019101015
mix_68	0.0101754093172804	0.0202381063459583	0.00534740135841699	0.0294405951369837	0.0364529503907828	0.00898353884395321	0.0731825754808332	0.278511509853365	0.0975855635374839	0.107412167770686	0.0100179139152139	0.0154307138567966	0.0259966127021927	0.0288402660820734	0.0209539419402154	0.0287388166154715	0.0470449720533085	0.0361907407724027	0.0652142758426674	0.00309712009723008	0.020168187217679	0.0309766208690058
mix_69	0.0134137997939957	0.0246478406730788	0.00302276757396116	0.0403353031220728	0.0392940048759345	0.00522900026076496	0.0726013743123433	0.300479961667741	0.0908503453111347	0.120462387455185	0.00601222765649357	0.00912739920180264	0.00998173062862253	0.0224545723646584	0.0123223239013233	0.0337076681847233	0.0525918572568858	0.0325046174725423	0.0704724657151931	0.00103801164894321	0.0151031309997382	0.0243472099228616
mix_70	0.008863102115931	0.0134422779878988	0.00964157432361344	0.0249195587482148	0.0229056607648022	0.0136111018139058	0.0897343352397125	0.308878637301988	0.0714631337894343	0.06336773676056	0.0154113447959689	0.021785969225498	0.0366344407648304	0.0340533459576058	0.0202062664825897	0.0164585329371138	0.0602026425575328	0.0433218856946277	0.0557204815496658	0.00672942269811945	0.0280583916424697	0.0345901568479174
mix_71	0.0112740878198422	0.0195991678951239	0.009681307294701	0.0355673025433356	0.0407036806776025	0.0108628080111792	0.0688479216119583	0.248536509513326	0.090386348808991	0.13134878103472	0.0107283168478848	0.0159328721634783	0.0308996400928431	0.0249052592927505	0.0142374051343262	0.0292527514482163	0.050399597021123	0.0341929662345358	0.0661963187912433	0.00638332438018196	0.0215485797838586	0.0285150535987782
mix_72	0.0134739177799503	0.0236384307410087	0.0146746926975981	0.0307307878222576	0.0371557799352717	0.0137891690285367	0.0699746690397525	0.223766747696233	0.0833977249736417	0.135469424900169	0.0166046025227333	0.0184096001794787	0.0373234026786195	0.0157044376246616	0.0105194867561064	0.0285768895615466	0.0521473830386069	0.0334252964258134	0.0737469587697019	0.00973161915361227	0.0244886071827422	0.0332503714919587
mix_73	0.0122974708214623	0.0207104098016409	0.00630676528099064	0.0279369039998596	0.0314042494641616	0.0104123826001887	0.0806784843504824	0.305638890852337	0.103109005722384	0.070065251555821	0.0150650543034336	0.0184151911578597	0.0230542449519836	0.0125891547755483	0.00602624816643976	0.0336435383588722	0.0568909696767815	0.0436084083391219	0.0631186954250233	0.00577030610089313	0.0241818533851365	0.0290765209095778
mix_74	0.00894901286101253	0.0154117797803341	0.00734218920751141	0.0397963014960013	0.0466235658888407	0.00721874442230377	0.0726149868421112	0.271931065196811	0.110857047784608	0.13991078855906	0.00343283301265606	0.00735488567439476	0.0171269114264114	0.012971216248264	0.00944128868364849	0.0192426855037028	0.0563150971458571	0.0379960275990874	0.0681620415146126	0.00542563838621331	0.0179985568229743	0.0238773359435839
mix_75	0.0136770314834544	0.0248175754139383	0.0120994034993203	0.024028457352939	0.0325081545336097	0.0109935689597552	0.0784838171948394	0.308817925122278	0.0776680030457595	0.0814529187701942	0.0108303569520759	0.0142762588421072	0.0301063943173504	0.02479424308352	0.0159134268266354	0.0316151577803919	0.0561597235328855	0.0406971668080247	0.0507130850005423	0.00737407703708978	0.0233350381924839	0.0296382162508054
mix_76	0.00956524842265389	0.0163444908499822	0.0112850275044333	0.0414213309992334	0.0431193856158265	0.011808679939355	0.0539135547913624	0.201775044213489	0.112205963750049	0.178909372979722	0.0126736259697005	0.0149126306414412	0.0270579910415759	0.0267042277202146	0.0186497690556056	0.0226814328719204	0.0463050404284587	0.0256816550883536	0.0749825942004523	0.00689058447909084	0.0181103118026799	0.0250020376343995
mix_77	0.0121794459392605	0.0210847757137665	0.00747667262885076	0.0340423219434137	0.0432494332997284	0.00860367289287926	0.0664465730206969	0.259078914694539	0.10649509421261	0.131557005883523	0.00765302081513994	0.0101927651645945	0.0217956876945683	0.0269507354625908	0.0174264119406406	0.0272026026568304	0.0568293567244743	0.0350049403355697	0.0594108038482613	0.00561068165813817	0.0167147013783755	0.0249943820915476
mix_78	0.0116349157012496	0.0208768907740532	0.00829268135846083	0.033316201409207	0.0363489938215692	0.00808056477681988	0.074493304049936	0.290506107685637	0.0963383799476032	0.102319084643782	0.0117914603738162	0.0166192480847363	0.0256415001515756	0.0139279319867126	0.00797521432410483	0.0279377769742484	0.0564804514698194	0.0427194780853152	0.0600523746841595	0.00531759471034849	0.0220439392594094	0.0272859057274354
mix_79	0.0239265539054308	0.0437862874042024	0.0233681888856153	0.0213706361565214	0.0238368911174248	0.0174035527007712	0.0715261920392743	0.190345459966571	0.0791081170864037	0.0652525598881334	0.0245424152519848	0.0229669771595079	0.0508384704368509	0.0233557518861363	0.0169187684745699	0.0598948937980782	0.0502877605702988	0.0465870641333034	0.0568065088071966	0.0127434025925076	0.0339188559759431	0.041214691763274
mix_80	0.0198596525067139	0.0330060299405927	0.019816880499219	0.0226593446482657	0.0223802338929217	0.015715796067475	0.0798675315386803	0.271144647499198	0.0702703869044183	0.06253202321284	0.0127772906816899	0.0168753522239476	0.0388284429744041	0.0295381329981826	0.0209669022192652	0.0445805660553035	0.0570425060366037	0.041412985104979	0.0499094659634219	0.0106001449552574	0.0232163011925237	0.0369993828840968
mix_81	0.0185127868523527	0.0315007301915349	0.0286929736619919	0.0242156387839743	0.031501487118361	0.0190458409356371	0.0644268990126826	0.222118369736266	0.0727750910878166	0.0666168534844217	0.0147518082137474	0.0199205340646735	0.0603686983794972	0.0328092964266107	0.0217687569740595	0.0452818262851759	0.0417619557608043	0.0339430618031912	0.0611474634991836	0.0147667534380584	0.0317866400394284	0.0422865342505315
mix_82	0.0151260897069596	0.0200516735294078	0.0202517784633414	0.0229306383142575	0.0259920205249263	0.0197481401047386	0.0813282383990519	0.163941068405621	0.0437118562681243	0.0620884348526937	0.0259129727727306	0.0335368252803423	0.0558081872491401	0.0991091635339993	0.0571662252325861	0.0350689177804104	0.04187650290852	0.0249024311308533	0.0594092654066451	0.00485678145155439	0.0378906760898382	0.0492921125942576
mix_83	0.00803840908097361	0.0139622457838241	0.00213698179986181	0.0239125283148956	0.0305776651301683	0.00782335677233515	0.0896409727291541	0.336578901628435	0.0804497601116321	0.0568410588279817	0.0103542778594445	0.0160384980402751	0.0163218973701936	0.04571527214889	0.0265428935735961	0.0185199653023854	0.0665378683068479	0.0421066006394094	0.0565139885912538	0.00184594308128631	0.0227748055781943	0.0267661093289622
mix_84	0.00971304483908721	0.0158291414883592	0.00541910605345116	0.038475043648011	0.0426512705859435	0.0098004485300178	0.0623479535624261	0.237480021918407	0.103509205823982	0.1459578153058	0.0102820848156108	0.0140164873433491	0.0250841726389296	0.0344754629008867	0.0215652941501855	0.0243659846999246	0.051238971655894	0.0294933526856759	0.0678714236315089	0.00515591571825139	0.0188502270241253	0.0264175709801726
mix_85	0.0130663137868114	0.0192647723116773	0.014952145343666	0.0303086556079386	0.0315902825307272	0.0144595773537247	0.0703673255619731	0.217197946087365	0.0994941954393684	0.103322869516821	0.0149206763146118	0.0195726416793458	0.0440945708109131	0.0513545510180671	0.0305855509760429	0.0235187013122376	0.045298000506337	0.0310854169469338	0.05331921636841	0.0101940386413241	0.0260858469266258	0.0359467049590784
mix_86	0.0110898415157901	0.0199666257113131	0.00578032617696155	0.0378265125727376	0.0442797047912015	0.00735262157105278	0.0698821838601413	0.275379687039042	0.105560575219814	0.139055851137824	0.00965751282247691	0.012517529197063	0.014850594769743	0.0118644324886321	0.00817485129870648	0.0283136220357075	0.0548904973252935	0.0322389270435446	0.0657415238410914	0.00338494917284608	0.0174225241688517	0.0247691062401665
mix_87	0.00853552986340073	0.0170479409966541	0.0106436363491958	0.0445911860857705	0.0486818643841271	0.00778030474930115	0.05952477936039	0.24422113950128	0.132807542185407	0.162274505276131	0.00435686707130254	0.00738275944828356	0.0184855035044598	0.0111853936939674	0.00871819758149739	0.0183870437928509	0.0469983425204795	0.032367773450799	0.0732071487614474	0.00743883867742069	0.0130399307474895	0.0223237719983458
mix_88	0.00863821066501149	0.015918660388119	0.0105245451825986	0.0383401823483004	0.0441508528264826	0.0100107683618703	0.0646443073959763	0.254269173977355	0.105522270061355	0.14396394414222	0.00735838379474208	0.0113981967179086	0.027818933911882	0.0222588438141934	0.0140959084039141	0.0170943870538887	0.0511564595315632	0.0370283115858299	0.0668159321579948	0.00679588871722848	0.0169005619279807	0.0252952770335858
mix_89	0.0277551495381895	0.0476609001523448	0.0267748508195152	0.0197712740875207	0.0127885076561128	0.0193119344517268	0.0780602346994829	0.216714843587084	0.0579524994956303	0.0300428080185505	0.0203955110534765	0.0228254805791232	0.0658941705343381	0.019258516700116	0.0127199172011646	0.0813088195795426	0.0435261007967039	0.0398015053671621	0.0512570186250165	0.0152261647554533	0.0399865614115016	0.0509672308902437
mix_90	0.00501836097889179	0.00985397902241967	0.00408737822444819	0.0463392845420903	0.0512228068708854	0.00685037462061201	0.0634284634659348	0.234177709397535	0.130019257372664	0.180433721523064	0.00401402306496434	0.00697259858542589	0.0152310052371469	0.0187204591716625	0.0159494110467189	0.0119498051794467	0.0515209071379688	0.0358776240216956	0.0739566358244473	0.00345077871750677	0.0127092659358022	0.018216150058669
mix_91	0.00551832219708331	0.00998673527806942	0.00603492755601988	0.0382683973727776	0.0456319013765903	0.0092524669280056	0.065281600591569	0.244137686451889	0.116428093747515	0.152589430908063	0.0082018356192165	0.0116107901617146	0.0219153909773339	0.0305014067835226	0.0220438746619413	0.0118583803185747	0.0519851153407569	0.0353463263829902	0.069853445748956	0.00508198743796556	0.0162857322437354	0.0221861519157096
mix_92	0.00938691917724293	0.0197654751904416	0.00493875767629158	0.0350361651541031	0.0407994183335147	0.0073069512161555	0.0727036168809922	0.281916921069025	0.0980876330886857	0.121638842035817	0.00590867320668663	0.0110251317575361	0.0194453884413977	0.0285458811087983	0.01580915936061	0.0268808595975903	0.0553345534281376	0.0376878759846481	0.0642549627928163	0.00279537438075942	0.0174387679499241	0.0232926721688259
mix_93	0.0196183057345334	0.0343737551781844	0.0081503398249935	0.0279781249059615	0.0304134283746444	0.0133011396066276	0.0760417437515351	0.261081121839014	0.0780340417651928	0.0619187096069592	0.0220815026678977	0.0264134463872582	0.0205437184947298	0.0191374556692918	0.0107275041500631	0.0560868802867448	0.0594414013127155	0.0323561674185948	0.0657480412156674	0.00281284641162804	0.0334460991584315	0.0402942262393313
