B_cells	Blood_CD34._cells	Dendritic_cells	Eosinophils	Fibroblasts	Keratinocytes	Lymphatic_endothelial_cells	Macrophages	Monocytes	NK_cells	Neutrophils	Plasma_cells_CD138.	Platelets	Reticulocytes	Subcutaneous_Adipose	T_cells_CD3.	T_cells_CD4.	T_cells_CD8.	T_cells_Gamma_Delta	T_cells_Regulatory	Vascular_Endothelial_Cells
mix_1	0.0262633658562258	0.0179203311519743	0.0325906171866265	0.0302043357320734	0.0366790632252006	0.00729656773483097	0.0538951624416691	0.0462261854808119	0.0405288962574228	0.0700017748472181	0.0309506485058465	0.0135415903639905	0.0111628621389829	0.0108641043747799	0.0412109746422402	0.10612652514632	0.118777730971575	0.128102604211444	0.0531112803981839	0.0579572655670123	0.0665881137655713
mix_2	0.0399270050002084	0.0264990520260313	0.0126062858263727	0.029252459304489	0.0424134423393633	0.00826162097881121	0.0746223652470122	0.0138903221185773	0.0138698249172404	0.0561397951405723	0.0195819558276171	0.0433815187992652	0.0137054099743839	0.0135624802808332	0.0439631364336106	0.103675511391129	0.119572424463341	0.114771721874454	0.05127251812484	0.0596396100589781	0.0993915398728692
mix_3	0.0338541803159837	0.0225004233059303	0.0447749879727316	0.0330269682350019	0.0847223453353056	0.00909607157819752	0.0667639534828384	0.0603269379131774	0.0492275282656168	0.0390812615002665	0.0368834990256153	0.0315503991386428	0.0150654081766151	0.012542124854717	0.0730731452866586	0.0833834588263306	0.0583020449472818	0.0658655655902617	0.0398684334572699	0.0536655084243803	0.0864257543671772
mix_4	0.0349620135006263	0.0187474732000878	0.0127755597888473	0.0265770986980868	0.0553778714523622	0.00791438530937886	0.0290973653867382	0.0191296483889206	0.0102589673041225	0.0684700650942601	0.0197431654786055	0.0354758151696394	0.00945922262319471	0.0115092721840628	0.0450260794758947	0.165715356418057	0.116447252043318	0.129103608322702	0.057108420378136	0.0904028651773173	0.0366984946056413
mix_5	0.0346397562085523	0.0203012084641924	0.0254691378981024	0.0296377919749973	0.0769413192696032	0.00829404478248334	0.0305655368478948	0.0345977083468351	0.0223070835789807	0.0622997858742396	0.0262217091196646	0.039788708510104	0.0113821105548619	0.0119835923713188	0.0572963112229318	0.131264119065319	0.0936787509888989	0.11635666477994	0.0513064836982375	0.0762223559331399	0.0394458205097025
mix_6	0.0344804894415542	0.0153377143313039	0.0104271039745532	0.0227984040851287	0.0584371720954739	0.00793476745554727	0.0403148213876184	0.0152438384148673	0.00830067597596699	0.0692558466708846	0.0177940904309122	0.0365732687749319	0.0102001728626695	0.0120082466823511	0.0492166259342292	0.148774484680992	0.116519967454906	0.135529011832497	0.0554148334889016	0.0850304972932771	0.0504079667314335
mix_7	0.0355533730520609	0.0232960888271514	0.0262310954987891	0.0310104302660255	0.0861216503390527	0.00897812689942003	0.0448831435894778	0.0366331569646081	0.0216859254285165	0.0524843992662759	0.0271708739288898	0.040043676068727	0.0122662298639076	0.0124924706732458	0.068349526133457	0.117295734959016	0.0920785589823657	0.09775449255621	0.0433792154314099	0.0649886567886738	0.0573031744827191
mix_8	0.0291160357280862	0.0217753207787785	0.0177886985078686	0.0297795620975066	0.0736888186678418	0.00807683252903695	0.0686836212375979	0.024065646922469	0.0160578952519116	0.0565455746984172	0.0226778526359471	0.0254074044032673	0.0123390542130653	0.0127862001996837	0.0636434157895481	0.107644725743792	0.10664118156997	0.109173871098507	0.0464872468152273	0.0576232068460453	0.0899978342654322
mix_9	0.0350548240063402	0.0140989304570951	0.0180174571535066	0.0239490107923734	0.0407887272440912	0.00690728558668493	0.0273855024218053	0.0199983782320693	0.016143034934744	0.0732646417503809	0.0202149169177981	0.034176985983621	0.00855263801992688	0.0104399610844387	0.0369141574758818	0.155089674569829	0.129366676645623	0.146769558130844	0.0582736448459508	0.0889843330656657	0.0356096606813304
mix_10	0.0400959917772307	0.0207828432662412	0.0413161312040918	0.0330170016231592	0.0437724533047724	0.00752070677212015	0.0423109879146561	0.0531523071194398	0.0444201670137286	0.0414516869171274	0.0323218774366832	0.0407828551489879	0.0113241142384198	0.0112594971065174	0.0410990642494641	0.129409824375587	0.110050507866388	0.0759580650666112	0.0444206768521774	0.081544563832074	0.053988676914523
mix_11	0.0431269644057641	0.0192943707808356	0.0370591404105324	0.0337559515107958	0.0143375489277806	0.00657385384953366	0.0430182386433958	0.0428521309356557	0.0419891333653394	0.0702706509888881	0.0300299160954272	0.0355584968582515	0.0115331068535381	0.0106864100071252	0.017148243960318	0.0989377868632988	0.124259428518364	0.136600300053334	0.0571551176784755	0.067136975659404	0.0586762336339421
mix_12	0.0251239842030894	0.0172113848494278	0.0263113803961907	0.0271767043419567	0.073724435910494	0.00793084022177817	0.0375393821495675	0.0337077374751884	0.0217633074950709	0.0629165583057274	0.0261135863550975	0.0149363591980804	0.010911801527206	0.0119159985579083	0.0571290658116364	0.1482448136852	0.109241902924095	0.113861195754035	0.0492751666838021	0.0790595333711145	0.0459048607833343
mix_13	0.0223159679079833	0.0131171006553431	0.0230785434594351	0.0274725735125989	0.038325707279064	0.00756658217808773	0.0558449208179643	0.0278032822098009	0.0248435862032997	0.0581001823096378	0.0236073191474359	0.0143948222465991	0.0102943565688193	0.0117086655118468	0.0418753209240074	0.155511437204791	0.142839387418033	0.0949451108591857	0.0413307840594034	0.0914252444379553	0.0735991050887084
mix_14	0.0395234411178638	0.0170979005390305	0.0360558519915413	0.030966281391922	0.0296776956810459	0.00704208355522434	0.0267754147482562	0.0451476224940751	0.0376768091735664	0.0611794006259255	0.0290786759501158	0.0315730680968104	0.00926606905635407	0.0103484725700319	0.0288999139275864	0.139181992894614	0.123670038169964	0.12366220122712	0.052499269003045	0.0854045295262731	0.0352732682596346
mix_15	0.0305831897323724	0.0182740064945959	0.0198465006771905	0.0252119325712339	0.0689342968974969	0.00796695580904166	0.05441364775876	0.0262237478774596	0.0194299252712632	0.0583530199670138	0.023549525480811	0.0340239028698096	0.0122695170139135	0.0116225235360511	0.0588576106951431	0.121646699268567	0.110061420184701	0.109652203880056	0.049821038946852	0.068062375702452	0.0711959593652164
mix_16	0.0353115886378072	0.0197897729750299	0.0272192362132797	0.0272718450989977	0.100936294144291	0.00964606778802811	0.0752180813239274	0.0319281888001394	0.0247572662519936	0.032491183483556	0.0281832533807709	0.0528468006769219	0.0152227800791012	0.0140762286955273	0.0850122612870826	0.0948159445309635	0.0742051528420175	0.0583354503667638	0.0394688569414824	0.0532581503413268	0.100005596140992
mix_17	0.035245999267357	0.0230729886366975	0.0160057638069616	0.0288597685636389	0.106809731546209	0.0106521456457924	0.0796212331430803	0.0264101214665337	0.013599131817711	0.0279391865166493	0.026414384105186	0.0428278147232083	0.0155266347099761	0.0146667738354825	0.0896799206002778	0.104570530102583	0.0755865797924024	0.0541241122731482	0.0398029593988621	0.0623116875406959	0.106272532507547
mix_18	0.0375188575317592	0.0216910720083363	0.0354688178239703	0.0364327147854579	0.0297226821213519	0.00793400357030897	0.0610005863098155	0.0461130426932361	0.0432130721506438	0.0278195078512919	0.0327457572216745	0.0299637521376966	0.0131889814689571	0.0124641873909453	0.0358615303347884	0.133728924997653	0.126146787997124	0.0563832107910772	0.0435664958818347	0.0892709185777687	0.0797650963543092
mix_19	0.0220987203146733	0.020498849576642	0.0386149517304779	0.0316583597622445	0.0818113418267711	0.00881698172140724	0.0744005386408471	0.0532214598817241	0.0429286790443104	0.0383517537551647	0.0340514086631191	0.0146230902751883	0.0144221093235133	0.0128640558031408	0.0709166347527279	0.090271091554005	0.0832986410690796	0.0775677395262264	0.0378537133050025	0.0542192331115448	0.0975106463621901
mix_20	0.0358520575747879	0.0150112482147829	0.00907098016473454	0.0226356234023623	0.0375459772047193	0.00758830523150015	0.0573398413436372	0.012900693713776	0.00930688593048984	0.0589136306684891	0.0172646526360809	0.0414514710717529	0.0106883001724379	0.0121872957223664	0.0371663501031032	0.146909730393258	0.13742506606185	0.118230470646693	0.0553992495851885	0.0814712794695635	0.0756408906884265
mix_21	0.0269044579584938	0.0174520848587481	0.0202060930351238	0.0253342185328839	0.0854260095552747	0.0091472294261282	0.0686982535015801	0.0281511163328043	0.0178452017949252	0.0334271357448537	0.0248968627300756	0.0247257274351715	0.0132184612993219	0.0132342691662005	0.0738573679714774	0.14052867106342	0.107666365692158	0.0616453931785996	0.0401276280528955	0.0796514492004481	0.087856003469416
mix_22	0.0339664914050894	0.0215636498940866	0.0414375243937042	0.0344815936122797	0.0393089382468622	0.00693306808575277	0.024873739805938	0.0555790243113455	0.0441411658259001	0.068154240400725	0.032723923007498	0.0228943249048596	0.0103189247250766	0.0107068494154391	0.0381667881110711	0.126557518357691	0.115693159941484	0.108291794183746	0.0531201279217508	0.0783101137374879	0.0327770397122123
mix_23	0.0374817512081387	0.0176024764167772	0.0305352467202605	0.0294395571487719	0.0222832823437551	0.00677190877760121	0.0460383553472497	0.0340684720640857	0.030562609499393	0.0644472935674854	0.0260504639558568	0.0316830129845728	0.0107144264832981	0.0109279365953682	0.0261862612936447	0.133341507752517	0.132682646223352	0.118609871096281	0.0514535124333255	0.0776431255786939	0.0614762825095712
mix_24	0.030650391451484	0.0166070868224974	0.0150078082759596	0.0242935090571709	0.0802281356024319	0.00888321040679694	0.0459361151120983	0.0213428262020903	0.011840613497961	0.0595434999172898	0.0214670813491875	0.0360232131160138	0.0114237507952608	0.0125681237255887	0.0637317807819697	0.141605770197846	0.102953998475934	0.106146475949678	0.0498700604626607	0.0806373844482368	0.0592391643518444
mix_25	0.0372249410287536	0.0124658164080646	0.0156159210083514	0.0235119176872996	0.0342179424454838	0.00676627727670992	0.0395512616637025	0.0216771115428795	0.0151642741157248	0.0696925327145985	0.0200742062355406	0.0360018027654082	0.00933433004065241	0.011426215870812	0.0342830577920289	0.14854958223061	0.136199656752006	0.131504599311525	0.057298381706953	0.0902721341930689	0.0491680372098265
mix_26	0.0243857641131339	0.0176866463540866	0.0382422583094226	0.0290807085439121	0.0783455772902106	0.00919593073015168	0.0669383315481683	0.0496390002995649	0.0416287484020663	0.0266943284902859	0.033913753750203	0.0182500982350725	0.0127524651697671	0.0128567718288729	0.0689300484565105	0.12780983784118	0.0992777778728573	0.0504530785936086	0.0359212549554232	0.0735131489821458	0.0844844702333564
mix_27	0.0353957034725389	0.0157208336645519	0.0300589868168062	0.0293494183171809	0.0306385118229257	0.00661308574453454	0.0425766514562947	0.034118256795967	0.032019060435788	0.0687432880826092	0.0266237774406685	0.0302736987423296	0.01052067806576	0.00978758597960214	0.0322633729257206	0.125326908901045	0.125951909493744	0.134921354059701	0.0540896380256644	0.0695177931447944	0.0554894866117726
mix_28	0.0327258992596395	0.016087528519756	0.0121239450748558	0.0238933991658879	0.0542089364991356	0.00790425291979376	0.0487197005481649	0.0214673755155569	0.012815356328484	0.0617148251049978	0.0205232849952868	0.038980137885721	0.01038551289989	0.0118312483359865	0.0485619741372581	0.143528977099303	0.119739869212184	0.119153723404496	0.0533019586757019	0.0822781114142654	0.0600539830036358
mix_29	0.0343212228131069	0.0209022867787644	0.0318375796166086	0.0326011146764858	0.0361545956094033	0.0066932691422701	0.0452240461339548	0.0413851462372228	0.0335552158267236	0.0672675399875007	0.0284114704205052	0.0249562984270469	0.010995417336935	0.0109585748551802	0.0370425644975153	0.110477907805877	0.117808680921658	0.131382886861607	0.0533046767316812	0.0647741951758607	0.0599453101440918
mix_30	0.0318927173768189	0.0159730068344098	0.0194842054517448	0.0261500136614248	0.046546083055243	0.0071443844086373	0.0353057842449219	0.0263516599478248	0.0187044545473616	0.0662407936815402	0.0240330474781452	0.0285659300050446	0.00985589367696097	0.011160583097093	0.0396515563149744	0.150189925988189	0.130441219384054	0.127971670627244	0.0523629025524218	0.0864747686656555	0.0454993990002904
mix_31	0.0291386397259268	0.018936694964083	0.031552990104066	0.0308722927593331	0.0440400719688007	0.00740795098469916	0.0480979902204882	0.0401917565339746	0.0330022944753068	0.0562056441166751	0.0293609012897672	0.0212257995226687	0.0112559375924873	0.0112432089310065	0.0411919827403825	0.129949633954828	0.11990829265076	0.108878522209315	0.0474274789129233	0.0781270151761395	0.0619849011663685
mix_32	0.0426913743411379	0.0180102271055946	0.0446050869653496	0.0366438319588081	0.018851106388048	0.00667058567647324	0.0190836967773771	0.0529982740719425	0.0453622357658052	0.0655407211100938	0.0324151607306714	0.0326620429051747	0.00884641898613141	0.0105280219577978	0.0203111199065656	0.143486854093628	0.101311405471954	0.125714352348837	0.0544500055845488	0.0950705718306628	0.0247469060233982
mix_33	0.0262940316594916	0.0128918940378829	0.0404097148950494	0.0280328441621972	0.0478100701216048	0.00782935718071615	0.0547471322262897	0.0500480740316244	0.0464618753021769	0.0439640425593835	0.0330189827927851	0.0179285513213102	0.0114097080568815	0.0114469846945059	0.0445628882290387	0.132923969310111	0.119468960489779	0.0785723605416418	0.0418449506297602	0.080497540607503	0.0698360671502669
mix_34	0.0356967125217033	0.0260361931534306	0.0450181888902211	0.0376323420648171	0.0545338796383395	0.00820175132163744	0.0722790884498651	0.0575069157779914	0.0498740335907966	0.0229159853462529	0.0376490092364322	0.0283912536617099	0.0147653213963308	0.0128152756037785	0.0553512556804389	0.0946420575526439	0.101239707967483	0.0520190388110442	0.0365865459472609	0.0642864679166993	0.0925589754711236
mix_35	0.0257131128523315	0.0183620280192811	0.0258849199061695	0.0302152123536256	0.058078538332413	0.00771169711574062	0.0365747263053372	0.0351686000219051	0.0255935202775605	0.0648855171505081	0.0268406634757037	0.0203423864070407	0.0104497857289769	0.0112601692949695	0.046854753960489	0.142068718601676	0.11666083453083	0.123964290333856	0.0506920862189683	0.0786194597147087	0.04405897939791
mix_36	0.0328718525671848	0.0193764786331201	0.0356501196176548	0.0327886558117837	0.0600208781262715	0.00714061036153205	0.0355139606000539	0.0469497244385326	0.0363232061934339	0.0588038536618646	0.031124763781898	0.0277793163176768	0.0109583842690265	0.0112095056981496	0.0481325540626642	0.127712211245699	0.0965583148276041	0.115081542067577	0.0477615359221209	0.0755106635583838	0.0427318682377682
mix_37	0.0289994424167492	0.0197985201612632	0.0261566880018842	0.0274704963677316	0.0888831279492133	0.00909806413821426	0.0673470714493261	0.0339010229720397	0.0230033795156372	0.0421099386520552	0.0271285920496053	0.0319487487068191	0.0130297025713245	0.0131680335689875	0.0747353231391402	0.112192272036948	0.0927060549884386	0.0820385451515493	0.0371971711095748	0.0633476684186375	0.0857401366348613
mix_38	0.0324747836286486	0.017830083012068	0.0350942013149984	0.0279385327019268	0.0742283941788859	0.00803611024498747	0.0549571860331656	0.0443001666897761	0.0350886172830701	0.0514772269077314	0.0300168273651183	0.0327110065958218	0.0123207275402032	0.0116206642594807	0.0622096941924965	0.106525643870979	0.0939615858423042	0.0954259049327847	0.0443060471663948	0.0584056244949391	0.0710709717442192
mix_39	0.0341383741812356	0.0186240834739021	0.0127570220365883	0.027546981600906	0.0506150721195056	0.00784748849490356	0.0478661359485217	0.0161342872494011	0.010811038925021	0.0647115828262949	0.019900441039796	0.0354259271386072	0.0108782689754418	0.011756643575754	0.0459722605864565	0.142005935911048	0.121461387489139	0.126020694005964	0.0539210818095669	0.0785349251820233	0.0630703674299228
mix_40	0.0324922180539741	0.0193639930083812	0.0402740219849063	0.033981844596171	0.0580107870966353	0.00824335828888284	0.0315755479840032	0.0517960883942717	0.0398569685467687	0.0576721686241915	0.0325871485586627	0.0215840060562226	0.0107180187551602	0.011061872330278	0.0469307900979436	0.14107023519827	0.0919505848709508	0.104880419206732	0.0470396757644244	0.0809803793207387	0.0379298732624305
mix_41	0.0316747789126894	0.0216165848913681	0.0447979578571026	0.0316858599677917	0.064700744848289	0.00850066270779937	0.0593865046075651	0.0564616276468042	0.0485168479380352	0.0341759885742541	0.0352486768037275	0.0251062806649604	0.013223273051757	0.0117922291362998	0.0612333888670675	0.118779204305246	0.0808830142986851	0.0623750093900172	0.0425887406386343	0.0681436942148815	0.079108930677025
mix_42	0.0453133955921348	0.0203638373119369	0.019568794282187	0.0337043965336133	0.0201968640330589	0.00780756852891572	0.0338873629592866	0.024196736199292	0.0185537903652187	0.0527387002949694	0.0233619815435946	0.0404837659015794	0.01022081580359	0.0116849806822986	0.0216139976350115	0.168112280358305	0.142116980479885	0.104822660338787	0.0539942976184583	0.105096678900196	0.0421601146376814
mix_43	0.0367445724245437	0.0223723567224519	0.0447757991085422	0.0340670693324683	0.0591767760002136	0.00810340187604093	0.0564344709409334	0.0545702270141652	0.0434444784369548	0.0321601928487174	0.0348789153084868	0.0359705331387302	0.0132890674619374	0.0118232098570647	0.055295682727447	0.11671623105449	0.098728101902483	0.0538939256686335	0.0400437401732135	0.0742018486790205	0.0733093993234617
mix_44	0.0405513211074823	0.0183179771845408	0.0268278613221579	0.031803013701005	0.0220738870883568	0.00668234069496776	0.0497157679816098	0.0336242926878517	0.0308958633479173	0.0612220472326266	0.025356281708144	0.0388802115725688	0.0114337663934372	0.0108932757996804	0.0258149534288174	0.126983157651132	0.123142596139243	0.12015890579734	0.0530798868925881	0.0756296610627746	0.0669129312057579
mix_45	0.0355907247818682	0.0228969421326144	0.0199483284346372	0.0310460606159535	0.0636993084725508	0.00846917364217123	0.0401661755642898	0.0310223125250772	0.0194354555892825	0.061925487065774	0.0252953834629919	0.0378940706584939	0.0122183590181462	0.0121253054465458	0.0523221952587193	0.11813891489336	0.111241510595522	0.118329480521135	0.0524767672422252	0.0715421723787033	0.0542158716999381
mix_46	0.0257961655917056	0.0173073336319869	0.0470457557003571	0.033004726792937	0.0574907509700069	0.00727017340584998	0.0452840996163903	0.0670543739635348	0.0576884497197828	0.0451027113652728	0.0376180409516821	0.012165653310559	0.0113540343116102	0.0113553661708209	0.0544597116597155	0.121476347415296	0.0949511079183501	0.0822190495616012	0.0416250453720166	0.0713050181505946	0.0584260844199299
mix_47	0.0323964747528833	0.0234438459747651	0.0189866534866762	0.0268486512728577	0.124626396819516	0.011462234852222	0.129283680334795	0.0219383423990943	0.0109684495266867	0.0155974139840665	0.0250703848837423	0.0583283963754129	0.0199834479947242	0.0175524010089733	0.115376863751772	0.0345496291579738	0.0426627685197039	0.0315698329000424	0.0296459298287727	0.038018721834808	0.171689480340513
mix_48	0.0432275973564746	0.020939334342175	0.0360671034381044	0.0351905803124209	0.0267809593647739	0.00731225056773283	0.0408998279589107	0.0471763885451451	0.0399397171195002	0.0421501518043224	0.03081012164502	0.0358980744363874	0.0113988402292993	0.0113542144715057	0.0312383276085893	0.131394068844227	0.129263629366447	0.0857590830817666	0.0484887198595011	0.0896735020585547	0.0550375075891417
mix_49	0.0384227953538701	0.0173246723013403	0.0580585999013285	0.0391553873939654	0.0313824943772901	0.00742324561026813	0.01602537650782	0.0774272562614644	0.0659279420666675	0.0631539673347942	0.0398428634620207	0.0205771749338347	0.00947987630729248	0.0103474116010656	0.0268906049220692	0.115211375896573	0.0978920011727715	0.11736969247744	0.0519863771647293	0.0777768987004481	0.0183239862529467
mix_50	0.0327550993018118	0.0203777760190538	0.0149301653537222	0.0290982897857912	0.0536065778590634	0.00768690744782802	0.0393789471062081	0.0234613845448408	0.0155356229861566	0.06881434003788	0.0219165243501857	0.0299813469677613	0.0103267440020357	0.0116542395670909	0.0463114897103089	0.14276529406931	0.116422720883491	0.129693716678524	0.0557139629757144	0.0793313025187444	0.0502375478344792
mix_51	0.0334690791673458	0.0218404692884838	0.039728326841381	0.0315644904779881	0.085871927191586	0.0092878709603764	0.0652564607456349	0.0509067496836745	0.0396608684018105	0.0229819954479178	0.0331244112025139	0.0350736223953055	0.0145584124116552	0.0133019554274132	0.0733930467683335	0.113310256337388	0.0854538125951037	0.0425834221268348	0.034619062317428	0.0695583628348507	0.0844553973769744
mix_52	0.0336682613379794	0.0207722362637461	0.0419449101711258	0.032267470619041	0.0648960085027697	0.0085922152739146	0.0615663434962619	0.0511334745100238	0.0442797408777118	0.0370932991108288	0.0344634829218607	0.0323072472391683	0.0136027345732794	0.011689889590933	0.0590954474008184	0.111790229369471	0.0921149944240521	0.0648296963996255	0.0378951436276394	0.0675751071430494	0.0784220671466997
mix_53	0.0470666591324707	0.0247533579331143	0.0339583602967504	0.0354840747129128	0.0365553728996724	0.0077558128671801	0.0587746646941213	0.0493798523418704	0.0440012218037547	0.0358237400036727	0.0339525403704164	0.0526074955498443	0.0141129228352942	0.0121379895919556	0.0392972699941975	0.106809233248143	0.103036351126471	0.0653133141125722	0.0454649144707204	0.0738861430210632	0.0798287089938016
mix_54	0.0339310341337549	0.0151588642280919	0.0307416387021273	0.0259141450832872	0.055517315153009	0.00755890691971033	0.0428862731286679	0.0359690883822361	0.0310853874380044	0.0522456468559204	0.0279015284140281	0.0327922776215644	0.0109331597606247	0.0112230998725943	0.0496600513296334	0.135376074968762	0.110863702689552	0.104692230031803	0.0483298765930032	0.0806006497625416	0.0566190489310839
mix_55	0.0273301550073038	0.0181580677896945	0.0278217021574763	0.0288367941146627	0.0612011314149523	0.00847571719629393	0.0673323696831376	0.0353153207045479	0.0272242083106091	0.0348554759039257	0.0280348673299272	0.0163511105482026	0.0130580761193091	0.0127936802160095	0.0590465791934203	0.143580018132981	0.117365181550027	0.0587229112893791	0.0416815916959245	0.0847264438217135	0.0880885978205015
mix_56	0.0255071999720222	0.0129434645870392	0.0367248420953651	0.0274682339087913	0.0424079339860929	0.00723829791256625	0.0377101442359724	0.045400152849528	0.0371069265390361	0.059279777923712	0.0299855637650954	0.0140831138100171	0.00948210042488146	0.0109557534327767	0.0405582337806125	0.153156869141112	0.117412521812305	0.108654892852899	0.0538235800070837	0.0841645145413657	0.0459358824217269
mix_57	0.0372985339527655	0.0180923705724844	0.0243939726369839	0.028757849725909	0.042785442485812	0.00695105288175127	0.0242882660274319	0.0318195394674392	0.0214872731506036	0.0724424629911099	0.0243352044284782	0.0345710910592602	0.00975123376075389	0.0109078641073042	0.0379333818073032	0.145559367402046	0.115123035812226	0.145459009510179	0.0562617143328544	0.081635394902435	0.0301459389848694
mix_58	0.0256957474141781	0.0144116493821604	0.019963168554107	0.0246192627036266	0.0682114947144183	0.00798091116101304	0.0529236115057172	0.0288789036537514	0.0200843801186376	0.0593964105714643	0.0243854875217594	0.0249196084064163	0.0108933958028795	0.011913658057803	0.0586073361872601	0.134875053917372	0.111231333845054	0.111452655095641	0.0478472210792457	0.0740167841148157	0.0676919261926793
mix_59	0.0424803188253584	0.0245922092572328	0.0464057769438053	0.03477209985743	0.0656978028881363	0.00867361897989924	0.0534049426948353	0.059605469611905	0.0499656702535668	0.0318977783018967	0.0362164750687348	0.0460791275879659	0.0139539068385139	0.0118679465684621	0.058911716136708	0.0989740204579048	0.0787930881909758	0.065577923924488	0.0371833048465448	0.0648397793854977	0.0701070233801384
mix_60	0.0310881941733941	0.014714127818121	0.0329090367585769	0.0279658671873856	0.0500195876869817	0.00749276869957841	0.0556221343941985	0.042351982720255	0.036029016338981	0.0439820873433735	0.0296980716519514	0.0279939811782231	0.0112502290003619	0.0115401032886563	0.0476193897061402	0.136210521777545	0.114391890694145	0.0819769433589884	0.0451040712638511	0.0796162300159464	0.0724237649433464
mix_61	0.0357806009606215	0.0187684713102829	0.0323823350068924	0.0287216867957844	0.0702772867259954	0.00773361143779284	0.030256686394762	0.0420048226148876	0.0303808370167621	0.0556438770362961	0.0295409709577446	0.0359559641497117	0.0108882985432861	0.0114058422287222	0.0537846300570889	0.131616377880929	0.0984286300680811	0.112507566797822	0.0493182298410189	0.076437267359801	0.0381660068157181
mix_62	0.0289445984357432	0.0174909848339526	0.0404856474621777	0.0283427545985335	0.0780817857340713	0.00866913562887102	0.0566464357408969	0.0558555632054159	0.0431961280121416	0.0416944289398116	0.0359670915938641	0.0264069382475455	0.0126847068119299	0.0122229263028665	0.0645525675364039	0.104242109894881	0.0916462172502122	0.0745778176546997	0.0418168177452915	0.0636123419384881	0.0728630024322024
mix_63	0.0255376517278829	0.013808537338733	0.023402903709769	0.0243168520882539	0.0671890830789913	0.00785474311419223	0.0439467657259449	0.0309294614900021	0.0223323812133961	0.0606506507562153	0.0249229881406347	0.0222864163088259	0.0106732497022278	0.0115234931892344	0.0562040248763717	0.142706809717254	0.110343670840542	0.11517222784269	0.0505713846871817	0.0790438490128705	0.056582855438786
mix_64	0.0419470964462643	0.0319283473294318	0.015891473792933	0.0305896180279911	0.111093740618055	0.0109606220320909	0.113922660068573	0.0251376848204882	0.0179116831852308	0.0157693997833508	0.0248364148886163	0.0707144678873575	0.0182612711711723	0.0165480038415179	0.0993366001630351	0.0506253637124484	0.0450101035232488	0.0381325192595948	0.0321281328196617	0.0426692017823793	0.146585594846559
mix_65	0.0338317888646643	0.0213384786881586	0.0437002015731214	0.0313762183088649	0.0679015430923486	0.00785466123450791	0.0652868444602666	0.0540403943610954	0.0488480993666874	0.036567261862038	0.0358350462360676	0.0273011236458431	0.0126856195209518	0.0119955094614424	0.0590213554065738	0.103080721730953	0.0919034867731009	0.0637722682314051	0.039393066166663	0.0610478261668884	0.0832184848483573
mix_66	0.0419137164167684	0.0264916210379477	0.0407091322457745	0.0373808424574178	0.0412141519229294	0.00765674053336541	0.0578344193874583	0.0497906346843895	0.0452414022058301	0.0484780137462304	0.0338412479696397	0.0436605709145087	0.014043402087526	0.0118883171188036	0.0447347815433058	0.0980274809363682	0.0885217737320022	0.0883326419676167	0.0427463361260245	0.060538495434589	0.076954277531504
mix_67	0.0386549598357685	0.0162409774220468	0.0386502031680393	0.0281222083433528	0.048810069824951	0.00715504626998095	0.0436255320363504	0.0491360418124897	0.0415077258565735	0.0599080142883611	0.0309526715531248	0.039811651064536	0.0110571763284072	0.010215927537625	0.0458462315316348	0.108219893170844	0.10186431470477	0.1147894975096	0.0482411534350986	0.0615073786140119	0.0556833256924338
mix_68	0.0296250136696139	0.0204184063121085	0.0183020760730183	0.0298321530171599	0.0751549607983849	0.00871762409086568	0.0614805887858744	0.0308163014261279	0.0191849709842996	0.0454672727028428	0.0250884289267112	0.0325197109290562	0.0125914728876929	0.0131395079053198	0.0649815661077626	0.128742359799469	0.0994970934272064	0.0873480093835883	0.0433933641106517	0.0743082946456781	0.0793908240165675
mix_69	0.0383800435583813	0.0188760860871046	0.00951741163786645	0.0259797092006648	0.0569364898739981	0.00767172991698539	0.0459098852706469	0.0138393707474824	0.0069180011239312	0.0597090657786961	0.0181446944756546	0.0459939539869688	0.011322255198349	0.0131926109012142	0.0487995576367549	0.149575940935978	0.120829083015198	0.117041472363585	0.046602195953346	0.085917571594434	0.0588428707427606
mix_70	0.0225339792530503	0.0181377389915468	0.0285406025029956	0.0284232643381636	0.0908165434030282	0.00906099595940786	0.067144395911509	0.0433358878032526	0.0304163269669906	0.0328913895960958	0.0304957678194905	0.0168580849487265	0.0134658368005468	0.0130705162740603	0.0760005595922791	0.122902402153465	0.0966428161473809	0.0631839309469647	0.0383619301847865	0.0707417297105777	0.0869753006956816
mix_71	0.0306370744648832	0.0185368919855681	0.0308060862303555	0.0276036772781747	0.0707180533708143	0.00819301935388484	0.0625474524526447	0.0397965349886119	0.0326874867182985	0.0480118357566099	0.0287037616962541	0.0325000059570883	0.0121879673649707	0.0120244526742821	0.0609105542764057	0.109046993915088	0.101278660099184	0.0885964847920544	0.0425473124433018	0.0608996192305014	0.0817660749510241
mix_72	0.0328302592202507	0.0159731714228184	0.0415838223724003	0.0279428283984021	0.0822679125859191	0.00861473726276445	0.0518870404764712	0.0508876840616308	0.0439482230298744	0.0432629811692921	0.0331773141008893	0.032038646466939	0.0126908787474212	0.0114400245433158	0.066106799961622	0.10418549921037	0.0866403045955303	0.0831381822410786	0.0430576410262333	0.0601372487136262	0.0681888003931513
mix_73	0.0294817608831125	0.0153686138637097	0.0264801451896055	0.0247754805603607	0.109132608304098	0.00966794644238212	0.0483965044348763	0.0340591859882185	0.0220306895104219	0.0380677980167461	0.0276478242483058	0.0381733166159591	0.0129911495651235	0.0135425782823227	0.0802135982575319	0.140120199951209	0.0835154913086543	0.0623862255337529	0.0440621931484062	0.0787821798871792	0.0611045100080241
mix_74	0.0341211522071938	0.0142060134993651	0.0218695216212247	0.0278240248395842	0.0158401629153062	0.00663258447505492	0.0394611555638127	0.0237293962141962	0.0244506129078255	0.0678905797506998	0.0213356040600013	0.0255993974301851	0.00957417438780025	0.0106777149746128	0.0177622908156097	0.1478636032056	0.150926004042567	0.141732430050928	0.058403882692447	0.0892070364943386	0.0508926578516467
mix_75	0.0368604111489785	0.0190021282748293	0.0330785802735544	0.0286400112651407	0.0490219290876865	0.00762614580831904	0.0483166136542091	0.0395070955346154	0.0340220403075896	0.0401162185306442	0.028919688974748	0.0382104236709413	0.0115573090418449	0.0113363628789981	0.046922143809503	0.142273135431322	0.108631366876814	0.0885473971618225	0.0453095698020774	0.0817238208921925	0.0603776075741702
mix_76	0.0333280854520691	0.0190391417920902	0.0392836170301687	0.0318542698060656	0.0779008294617548	0.00819849421384205	0.0367859744568242	0.0570369411667005	0.0438057195748376	0.0594855421333801	0.0336976293624516	0.0327082341118224	0.0119548861463608	0.0119141371316998	0.0588839576316859	0.104870826255486	0.0678498875263348	0.119062254658345	0.0485708001930984	0.0602088364617397	0.0435599354332427
mix_77	0.0383752427172557	0.0192646288586853	0.0273798764062637	0.0296767586421306	0.0471336948742811	0.00744814824427946	0.0369596605212462	0.0347908812905745	0.0263547444369733	0.0574286951607485	0.0257600303841799	0.0370378862437244	0.0106464654762024	0.0113243722848886	0.0426819614405057	0.135009262328882	0.11557200778744	0.11713644510042	0.0502708875663995	0.0819643323409784	0.0477840178939409
mix_78	0.0310346470143018	0.01402041796131	0.0252629071050972	0.024252562660895	0.0709761033210791	0.00865999757669597	0.0635364994595804	0.0346786285579498	0.0252031322906866	0.0441400628489931	0.0261353594045338	0.0320516444165848	0.0122360127234752	0.0120981182990871	0.0620623692730059	0.127278926720982	0.10366401690566	0.0846732270833011	0.0431225782955046	0.0729541935339487	0.0819585945473276
mix_79	0.0460409357205989	0.0184914607569574	0.0490323118038278	0.0314049907198584	0.0861667470112153	0.00888295302963614	0.0549868204478609	0.064718666992182	0.0559060859932404	0.0288214739319332	0.0371154658392027	0.0585836567487949	0.0131620300193437	0.012069664051135	0.0655796292610467	0.095715626478753	0.063106155626062	0.0474355553593287	0.0359809148940375	0.0607040857752409	0.0660947695397446
mix_80	0.0494047112634097	0.0212116991121528	0.04641541397098	0.0341244833007021	0.0388142169378773	0.0081262944864486	0.0465397252643306	0.0618716252459665	0.0520504415630575	0.0326108791570075	0.0381066796211861	0.0477215161139283	0.0127763018961764	0.0121828352076628	0.0384155676838124	0.124220480380474	0.0955104090108354	0.0630085165896802	0.0419708297113882	0.0739635428440708	0.0609538306388533
mix_81	0.0412545592672924	0.0225610713859698	0.0555811185723094	0.0347878736764509	0.0373248773699308	0.00813454290859788	0.073365006871873	0.0688282171522679	0.0683806144801216	0.0344859288308482	0.0389604185020006	0.0396255077194073	0.0142375932917949	0.0112921020546102	0.0441855571134122	0.0780351822122952	0.0829937725662783	0.060928209664075	0.0356006617845641	0.0490877853982673	0.100349399177633
mix_82	0.0264536947869371	0.0287568838625865	0.0251956277935938	0.0367990226627193	0.139742044437266	0.0120808453985206	0.0941793836876086	0.0504631704325982	0.0375428548912703	0.0186111883920771	0.0359219828005791	0.0288052593096028	0.0182251254500537	0.0162419510204107	0.11249126606465	0.0554442867142158	0.0397853086019556	0.0310985558696318	0.0304244983041697	0.0411822535862932	0.12055479593326
mix_83	0.0228324224877068	0.0219210238924606	0.0116833942245624	0.0295079158487794	0.102761927386591	0.0101580536127128	0.0452496271794266	0.0217289769038453	0.00827625618422761	0.0378864826816103	0.0227302486972631	0.0209984552368535	0.0124919381853599	0.0144394061405511	0.0769295083914025	0.166598782133273	0.0990109104120223	0.0779386065620556	0.0445416602825888	0.0926394507642587	0.059674952792449
mix_84	0.0293908479445657	0.0207308085225086	0.0272818749153742	0.0298649719197186	0.0740645717015894	0.00815237514900253	0.05051910357736	0.0369730135268234	0.02473389546298	0.0544561113969726	0.0275163137957043	0.0293398110347953	0.0121882169503754	0.0121680142252579	0.0621484277719476	0.118245449966444	0.0970648843349071	0.107215977063271	0.0470403430948583	0.0658040645653005	0.0651009230802431
mix_85	0.032685021881748	0.0234161040763031	0.0426124881604048	0.0347434031650046	0.0780861031066359	0.00867837235229102	0.0664421528898669	0.0559122125874698	0.0459303014273998	0.0387472353853032	0.0357882500823312	0.0240847486331438	0.0136717911328334	0.0124996350067333	0.0681510090095961	0.0915961194183429	0.07877690172839	0.067074071774385	0.0401066211693401	0.0557881256118207	0.0852093314006563
mix_86	0.0338913742212474	0.0150550876843195	0.0214503508455342	0.0241438715336469	0.0714828193610881	0.00827926835518556	0.040793626443486	0.0309409745708277	0.019554377052718	0.0579474881933102	0.0250919889378646	0.0372700229731004	0.0110599186751845	0.0118543093545331	0.0563846774148911	0.146659812999887	0.105003571293379	0.105852052879914	0.0486514766885481	0.0786141149944839	0.0500188155268505
mix_87	0.0393366381418703	0.0122336144681653	0.035958198571187	0.0308384434554172	0.0142076930570546	0.00627484029667417	0.0140743492961893	0.0451075167820106	0.037536098612934	0.0866426738339614	0.0264091596394445	0.0275623283188194	0.00803080331599769	0.00971894866936288	0.0136761250915253	0.144425798260239	0.1083929125183	0.167252175358307	0.0644768243851696	0.092005685872681	0.0158391720546904
mix_88	0.0310282475147956	0.0158066299951552	0.0333504828716498	0.0305398613458421	0.0361681161540312	0.00679055913144745	0.0387687378560417	0.0440540422284852	0.0388409664100112	0.0632088256573343	0.0300416064173943	0.0211520421228198	0.0103571274641826	0.0104367661781527	0.0343760164555515	0.133326586920839	0.127681265764179	0.119505861800489	0.0485517552387099	0.0760128994108031	0.0500016030620855
mix_89	0.0496362184982194	0.0203197041083092	0.0567711010762134	0.0319594076239659	0.057984503544525	0.00934225314118744	0.0763947412863193	0.064009957518726	0.0575543451107395	0.0187628128473667	0.0381156990059286	0.0678598039247382	0.0142278986931371	0.0130664551016439	0.0599433919270823	0.0738220947791522	0.068605271724276	0.0291409563319635	0.0332976985528117	0.0555057789171579	0.103679906286537
mix_90	0.0272041804417819	0.0160991293791748	0.0204358443942047	0.0290904273277511	0.0317689432808004	0.00657224955562212	0.0287229854586319	0.0287938887076279	0.0206915399051793	0.0831560394473282	0.0229926936860139	0.0156191542590028	0.00873429457588256	0.0105983134217608	0.0297097673656189	0.148123517030742	0.135006649782829	0.153079514737492	0.0600775293782029	0.0885838085162226	0.0349395293481294
mix_91	0.0259083524959624	0.0190228444356631	0.0287678778149241	0.0309747565441083	0.0575138927362645	0.00724802725829632	0.0347880119171213	0.0394435386064167	0.028672530131269	0.0643938205866631	0.0284928194569767	0.0158859814283679	0.010488628832337	0.010966503180098	0.0475575420049665	0.135101705397227	0.115006455696168	0.123983255196951	0.0529305394500948	0.0791217505134454	0.0437311663166785
mix_92	0.0324577583797267	0.0183569984042146	0.0167616376510896	0.0272205798606938	0.0439057176448685	0.00751215026400594	0.0519771390639685	0.0251020181120961	0.0175221374574412	0.0557333069233823	0.0230701562588047	0.0318756605822974	0.0110231987458227	0.0116823195840298	0.0433879739194441	0.143583282756822	0.130729304533792	0.108320353959798	0.0504811446555367	0.0813429072240169	0.0679542540181483
mix_93	0.0346059710281831	0.0175727793999435	0.0183711075930835	0.0247012852951368	0.144706957241077	0.0114712097772006	0.0561863580889265	0.0291609566272054	0.0172871050697952	0.0290584207840577	0.02763922570522	0.0586221351800225	0.0161026420707655	0.01597085974845	0.103287428241316	0.113789661032573	0.0566552402053482	0.0481775996522826	0.0363406534353612	0.0692295454869546	0.0710628583370965
mix_94	0.0325254921863866	0.0160033863622635	0.0238328393688231	0.0293549954202419	0.0410963496843667	0.00694207534475439	0.0258315184080064	0.0332188597202122	0.021866338542525	0.0712251191059641	0.0238403274485825	0.0242464018795666	0.00956243997469401	0.0108129447980138	0.0359764223596591	0.155484148858089	0.117558962422273	0.141925350380473	0.0558202525125383	0.0904540460477846	0.0324217291747813
mix_95	0.0241893133581956	0.0159639752707208	0.0188504398870938	0.0271792917490086	0.0463599785131435	0.00794605072759721	0.0483380751526924	0.0246636615644243	0.0182828130125789	0.0603033679242259	0.0225984131266913	0.0130122999194027	0.0108619160101271	0.0120244980990885	0.0459784731262044	0.159868119658852	0.133510726429953	0.106711301842906	0.0508615946853649	0.0894182937617223	0.0630773961800064
mix_96	0.0365768297561636	0.020396669904126	0.0368702545979212	0.0333221748276722	0.0366732072470864	0.00690493079205187	0.0512928421853692	0.0469221729616081	0.041649364048555	0.0492418256352853	0.0310415169023947	0.0297967862546474	0.0120331922076627	0.0110050007015991	0.0367669354420629	0.11604989198117	0.118616796932776	0.100826925859109	0.0470611421766335	0.0679787013783766	0.0689728382077297
mix_97	0.0392286695797948	0.0189873062265004	0.0374915717566816	0.0371874255766543	0.0275300068797361	0.00663661466236303	0.014553901115793	0.0469802117898954	0.0356429229050216	0.0665440085904521	0.0312436413911763	0.0253757150602678	0.00931541026298495	0.0116298863092394	0.0237189697472845	0.156239846074851	0.0986291231900511	0.143329684961817	0.056151503048722	0.0956645480643111	0.0179190328064026
mix_98	0.0312493734120735	0.0187965149016755	0.0386374362004991	0.033686802500901	0.0485809002388203	0.00737610652002025	0.030700554176729	0.0519834264054694	0.0411386957280528	0.0489109592421802	0.0325580987099613	0.0167489794855557	0.0100660681017973	0.0111067592080299	0.0417448084195251	0.145267350331313	0.114668731913651	0.100397158159776	0.0477252226005929	0.0905136160675224	0.0381424376758544
