naive_B_cell	memory_B_cell	CD14_positive_monocyte	CD16_positive_monocyte	CD56dim_natural_killer_cell	CD56bright_natural_killer_cell	neutrophil	CD4_positive_alpha_beta_T_cell	CD8_positive_alpha_beta_T_cell	macrophage_m0	macrophage_m1	macrophage_m2	MAST_cell	basophil	eosinophil	gamma_delta_T_cell	hematopoietic_progenitor	myeloid_dendritic_cell	plasma_cell	plasmacytoid_dendritic_cell
mix_1	0.0100536685169783	0.0134341009447426	0.0332631508387871	0.0315228846511886	0.0659283284854133	0.0851157442768426	0.018025983049144	0.104030865309212	0.159261426747216	0.0766417201667927	0.0317137534691696	0.0335818366682789	0.0215421783991115	0.0268633097716884	0.0311241563250925	0.144863995184992	0.0177300637530988	0.0568161853816018	0.0266400374266643	0.011846610633985
mix_2	0.0186606052547032	0.056439227928229	0.0259806223698799	0.0312790473708392	0.0757577843391392	0.0774608257183663	0.0164414986558207	0.0874385024542285	0.129472681290221	0.0357103854580867	0.0200739496196074	0.0180402048999764	0.0445932391956634	0.0421752615952283	0.037254083170372	0.133087480404274	0.0195671959720669	0.0510144158698968	0.0617276627554932	0.0178253256779076
mix_3	0.0146594533629448	0.0368639355730432	0.0427120402226164	0.0432783512212775	0.0580360938971224	0.0472960708879447	0.0247105807887472	0.0774673541676024	0.0629228424811275	0.111022559970163	0.0487774201984283	0.0450074495169944	0.0403791287137257	0.0382602909845912	0.0315714396439071	0.117662966886656	0.0249938545595453	0.0738448378744533	0.0456224294147583	0.014910899634352
mix_4	0.0165034983873905	0.0432154205022045	0.0233293219363108	0.0188742987537408	0.066447192038805	0.0651619143293291	0.01309344835377	0.175793472674158	0.134407810193308	0.0245398686376512	0.0168724729156497	0.0159470511505028	0.0248275877281228	0.0277003152216187	0.0315738373738964	0.19981123857213	0.0133418705709286	0.0341521749074907	0.0446817182534395	0.00972548749955185
mix_5	0.0137736768737606	0.0473216993625231	0.0322811802297432	0.027683338624508	0.0642898237631347	0.0615574327660619	0.0152155711607499	0.126815291676871	0.125539389909892	0.0469002841829089	0.0259479962406749	0.0286661669510254	0.0308041053666563	0.0299588665904857	0.0333692703546712	0.162545804521595	0.0182629916688168	0.0489948215744184	0.0498158242871949	0.010256463894308
mix_6	0.0165210196088631	0.0458796471241845	0.0252952009181008	0.0205491711821327	0.0705095808823786	0.0713147901621669	0.0153332205417255	0.166195451626499	0.148114706203137	0.0177066847699581	0.017526756641215	0.0138058708930507	0.0211070934494734	0.0221134019289618	0.032996728803848	0.190383099244516	0.0129040221713635	0.0331936602803276	0.0469589160871036	0.0115909774809937
mix_7	0.0155098249573006	0.0497679543898454	0.0315778173987426	0.0297886643294162	0.0653718886848066	0.0580917935922159	0.0188842226426537	0.103335448554948	0.106931562097019	0.0618521818844113	0.0314756000745645	0.0311217525836337	0.0394407890525815	0.037592841640105	0.0337591853487624	0.144967933995011	0.0203080483533196	0.054890919174317	0.0514232804187073	0.0139082908276382
mix_8	0.0126458770469883	0.0296571057729663	0.0317927240023019	0.0286153669405409	0.0690056832817711	0.0729413213303855	0.0199900255779673	0.0941366359072656	0.134816267430759	0.0592034997985506	0.0309919795913517	0.0240601368837478	0.0393061905954986	0.0405183639875161	0.0329495700884789	0.142512094104849	0.0211924891174427	0.0592377090698185	0.0411505732222162	0.0152763862495846
mix_9	0.0157622206650209	0.0431098325352738	0.0260185764152279	0.0201318183147773	0.0634406190803387	0.0745173578219768	0.0130024408296946	0.174989517073688	0.149163425186029	0.0300719611657401	0.0153201253071138	0.0185018633732519	0.0145518077245824	0.0169442243922946	0.02828617013918	0.199902791194956	0.0101760380345699	0.0344456024800378	0.0422969458861934	0.00936666238005246
mix_10	0.016160909496872	0.0449645695786373	0.036355425493892	0.0363347087718645	0.0472883041218167	0.0268514415641747	0.0177008132476719	0.162274101670459	0.0670312957009566	0.0711937465698806	0.0322447999358261	0.0370307673091416	0.0300143807761129	0.0298926201043989	0.0301165258259839	0.166952493800449	0.0193848713256895	0.0669070157941946	0.0489380192154602	0.0123631896965184
mix_11	0.0153617123303588	0.0327695768330103	0.0236349872618734	0.0313157193095377	0.0606641325686353	0.0769844521822041	0.0141867996514866	0.116442214003246	0.143571014111565	0.0537031084228787	0.025589828653405	0.0313196673425578	0.0239346593938522	0.0252263522129761	0.032816233007528	0.148636383188734	0.0135480120786267	0.0737400167791746	0.0468271165425649	0.00972801412578523
mix_12	0.0116948496733903	0.0243859561049266	0.0266999045237762	0.0267257352754483	0.0639156045382778	0.0610478314799565	0.0182809350828602	0.159145313644471	0.127452742902063	0.0509731042225512	0.0262263346237478	0.0268369244888545	0.0261009335334191	0.028261603728058	0.0263102314463742	0.188846037747834	0.0177250022756481	0.0484156510578942	0.0297515307644158	0.011203772886033
mix_13	0.0083297524653996	0.0166416144363517	0.0247737479314821	0.028748259729603	0.0535434576645385	0.0476430166194866	0.0171034814052549	0.217257710119805	0.105911841849956	0.0503891416439402	0.0232347359393692	0.0256389364249917	0.0168561054309746	0.023208446557812	0.0283857446901147	0.20198251159432	0.011204904911021	0.0614186849973146	0.0278671580473367	0.0098607475409276
mix_14	0.0156233229196121	0.0366980216275137	0.0264853686935183	0.0291616695362154	0.0574630416684207	0.0490349468991223	0.0154576673202136	0.178002295662047	0.114001611706749	0.050289607849586	0.024004687848623	0.0294458133134991	0.0199916729449928	0.0211915461887439	0.0267382827649016	0.185577061852378	0.0132645536990101	0.056471495920246	0.0417539293508868	0.0093434022337201
mix_15	0.0137608921736643	0.0394392308979264	0.0318310034038248	0.0286508699691072	0.0652980880247226	0.065105700870249	0.0174719290497022	0.129826146060165	0.128344787470079	0.0562298829585103	0.0283655453135296	0.0247322332910257	0.0257095331347026	0.0273356987975215	0.0329863633111482	0.165377200745224	0.0171882825542775	0.0425290429124207	0.0470935156345611	0.012724053427637
mix_16	0.0184868805822356	0.0679992752086099	0.0431722984634351	0.0383138256406057	0.0689367612838504	0.0336343240468061	0.0238397290333146	0.0879289456932204	0.0662571801556128	0.0942448160361497	0.0434911070835517	0.0363972285432195	0.0363454039048241	0.0331603286882063	0.0393459027411989	0.104941496971584	0.0168076934363228	0.0536366029361385	0.0751177043211582	0.0179424952299553
mix_17	0.0220998215069046	0.0640169435844479	0.0354020753275715	0.0370894306621137	0.054585098105615	0.0187759201830616	0.0268595632027553	0.122841186539632	0.0613119632956006	0.0498586785453794	0.0430619941883546	0.0267116374650823	0.0449487066754446	0.046139900022674	0.0416745569576911	0.144849157551967	0.0252625031621763	0.0462414362388684	0.0690103856649718	0.0192590411196882
mix_18	0.0141628777802445	0.0359148007873555	0.0287331054334309	0.0366633453374093	0.0431553061143542	0.00825802262595986	0.0192962207942096	0.202781721317125	0.0371109695491296	0.0742029934853169	0.0308975595127746	0.0331882154711091	0.0301277119497673	0.034679254626362	0.0330350480127068	0.187441790218444	0.019189139931174	0.0804404423813156	0.0370072834841164	0.0137141911876945
mix_19	0.00808307355906844	0.00848841442209913	0.0425719215573953	0.0449996874228344	0.0583368921014638	0.0419786128389415	0.0248034625349383	0.0922426665193704	0.0808422378973354	0.119623598198979	0.0492577866880146	0.0458500472933034	0.0365223245801222	0.0398329358576133	0.0335381565509799	0.129242988860295	0.023605414810338	0.0716723162444362	0.0313242664046094	0.0171831956578619
mix_20	0.0184025452815915	0.0457040702364376	0.0236193251042872	0.0236464786016332	0.0644758604219904	0.0645432829103699	0.0167447065753907	0.175169981200202	0.136272286985762	0.0235847785421482	0.0165584290392061	0.0146406587622099	0.0175365035302366	0.0205147773856189	0.0343827494781958	0.192701039557526	0.0104230366315912	0.0331923932407988	0.0566869173361773	0.0112001791786264
mix_21	0.0141677380785949	0.0422324441908983	0.0350862904543224	0.0290664498323606	0.0550658941375934	0.0171442328081239	0.0226836900644602	0.190177463768037	0.067559356951974	0.0666624265492351	0.0354419011456718	0.028084835968943	0.0254396555302556	0.0309696543241988	0.030293370660635	0.188544245663304	0.0185190080275981	0.0492759801366631	0.0390344591861981	0.0145509025209327
mix_22	0.0110327379135173	0.0269390478810192	0.0296630354122485	0.0281841870438293	0.056757770886968	0.0731290837760171	0.0146920937893326	0.143830865930875	0.127834019430923	0.059335102782578	0.0267797830602406	0.0335147416471701	0.0267689883010139	0.0281789283249945	0.0257976925547857	0.172072228560926	0.0161304037464397	0.0597890623083675	0.0297424078996722	0.0098278187490814
mix_23	0.016053033072502	0.0363090752197368	0.0245848095476399	0.0289510714612744	0.061411859575309	0.0646059268914164	0.0148226706871331	0.161285437112783	0.12567651583641	0.0492381314988089	0.0234992096310978	0.0256913428781085	0.0176008730365828	0.023275674322637	0.0243175194130761	0.180608566346755	0.0131225091140003	0.0591881606863512	0.0396287731988089	0.01012884046957
mix_24	0.015111312648432	0.0518272489860729	0.0304549109260869	0.0232427281319758	0.0638571267834539	0.0571218322383897	0.0184464888231409	0.159932532323925	0.119397388777639	0.0386681280948886	0.0249049416192565	0.0204325664611342	0.0245459697700855	0.0250537604805057	0.0327954704700493	0.17976615798593	0.0140133764414376	0.0383725384269739	0.0489876222873047	0.013067898323319
mix_25	0.0170933741081212	0.0388269520028823	0.0184470634839006	0.0219388323357104	0.0681671383408494	0.0685364012723642	0.0141939606475474	0.187322650531642	0.136710783726168	0.0348181158368575	0.0180089151576724	0.0207999355496666	0.0110950654827843	0.0143285000669903	0.0314173781765806	0.199852417360458	0.00909253592698248	0.0313044530178598	0.0462648479339902	0.0117806790409721
mix_26	0.00950730787640846	0.0274982161210801	0.0414403614392193	0.0408389332341167	0.0493410432254098	0.0127029788233017	0.0260972946634916	0.163802083063463	0.0463703663021181	0.101425538202228	0.0431719538313134	0.0418121448577864	0.0307646573644861	0.033136412610444	0.0304982642076035	0.166194742676644	0.0216743952958313	0.0688818780068395	0.0304975786774579	0.0143438495207571
mix_27	0.0128499177880933	0.0333025858085449	0.0294318530066824	0.0270851627758254	0.0667862509115876	0.0773920050894977	0.0132266072813797	0.132836356845059	0.147677643514232	0.0570107778073005	0.024430413055922	0.0294483890041226	0.0169653910000626	0.0211970975665848	0.0314298436718504	0.167948891567988	0.0108703923445576	0.0485855765540461	0.0402142160811127	0.0113106283255504
mix_28	0.0155683722676803	0.0472443074349036	0.0253028888519901	0.0213518903789522	0.0644930604400904	0.0626355706653277	0.0164130578474536	0.165193335231811	0.132243544554995	0.0393113809730759	0.0225815633688608	0.0214762421860564	0.0182256605793828	0.0239014027483898	0.0316676561264222	0.193037871019129	0.0130517458046868	0.0259935287438569	0.0498871825619362	0.0104197382150001
mix_29	0.0116517922069737	0.0284978819396214	0.0264762408991919	0.0293866494002114	0.0623810508226391	0.0759810639684809	0.0167127239141742	0.114089899292869	0.141809979364173	0.0642810383905446	0.0272799066640736	0.0307262942203395	0.0270122826240659	0.0307529111486141	0.0315584302425811	0.153376558817409	0.0166271109584602	0.0639265464949784	0.0368875477212615	0.0105840909093381
mix_30	0.0133999948223749	0.0393582270850415	0.0260017383056677	0.0234259900610243	0.0587876218269216	0.0616449470237363	0.0167637956735447	0.182358554485425	0.128814614467947	0.0410313759978229	0.0202196015840709	0.022002249017009	0.0196987061066223	0.0214523102891216	0.0310144304693743	0.193653667737279	0.0133896148517291	0.03860958491747	0.0393863609139319	0.00898661436388655
mix_31	0.0113912934138082	0.0260063592571443	0.0286116785652794	0.0312560345774935	0.054883537527358	0.0489286829480237	0.0178730741189122	0.162526169505317	0.107268178692523	0.0658377928448577	0.0273536162236618	0.0314679947928212	0.0275014784683773	0.0308245926371416	0.0297145240657153	0.180677496031432	0.0173033925243489	0.0594339965685432	0.0303238534693952	0.0108162537678471
mix_32	0.0148308367366961	0.0382044090299856	0.0264691780862577	0.0285851680643329	0.0511025039711756	0.0539700395259574	0.0131176613508851	0.177432887641535	0.108251935125152	0.0470176699773798	0.0222790245376762	0.0302149142264236	0.0231918735223513	0.0249303022114039	0.0314309333890439	0.184975960340065	0.01477823118588	0.0633400582998567	0.0378461057162922	0.00803030706164919
mix_33	0.0117291037782792	0.0310049867273347	0.0385731408950323	0.0367594636977283	0.049236749836131	0.0321856432525805	0.0220640580804902	0.183056591252207	0.0832384444445611	0.0816408158525778	0.0358232682171113	0.0379176530073168	0.018500504178344	0.0181389615808425	0.0224377518094878	0.187710195683124	0.0121433595652092	0.0568370307809909	0.0275125140943908	0.0134897632662605
mix_34	0.0124167468217443	0.0297112503552444	0.0394567605665586	0.0437995637072966	0.0434081661774001	0.0105130781889385	0.0242212839438316	0.116983520302138	0.0334580811066354	0.112426695464635	0.0442925813250552	0.0431466642904856	0.0467039710436831	0.045771357028777	0.0392469212178394	0.139651373362419	0.0249431796185755	0.0917960739167737	0.0417892896516676	0.0162634419103018
mix_35	0.0102657778593426	0.0285770842965131	0.028402139211945	0.0264312377922426	0.0611898317835946	0.0596552794580482	0.0163521334991185	0.152232752925003	0.129102542337109	0.0510173131586059	0.0244294222520858	0.0271218026919899	0.0300535239913154	0.0316732702121397	0.0307461096098827	0.18380389788871	0.0172626413958143	0.0510260868587745	0.0304386823732075	0.0102184704045576
mix_36	0.0116253995342117	0.0326524872443327	0.0337075172920035	0.0316678024407628	0.0577088594588952	0.0540795941956725	0.0189593569790134	0.13589037074566	0.110532707409614	0.063187558216504	0.0294118361276801	0.0334637433233197	0.0302615224454516	0.0318385186513013	0.0332583781502453	0.165584182241844	0.0190472058824449	0.0574259837222082	0.0382683320518859	0.0114286438869496
mix_37	0.0127883999728658	0.0412722885710283	0.0347889056228322	0.0357984392428392	0.0607661045742777	0.0373660881362141	0.0211372670207296	0.109494302419667	0.0932721858588921	0.0824477982114617	0.0385856954335415	0.0345576038738883	0.0315074976756053	0.0353674244984247	0.0326081199890426	0.15434082002911	0.0191388832587536	0.0614972906503091	0.0469872605526697	0.016277624407847
mix_38	0.0148817428598791	0.0405232721169455	0.0386396841840003	0.0362327605699311	0.0609249443843475	0.0610036943401195	0.0217461099078935	0.0972636705134767	0.108172665386693	0.0862752527168798	0.0383373214356477	0.0368213050720124	0.0264442705596581	0.0277274748238835	0.0319857298478725	0.142906837587651	0.0162886470538643	0.0548639638149709	0.0453423741721911	0.0136182786520823
mix_39	0.0141667961012789	0.0425028342885257	0.0264301167646346	0.0228865232602601	0.0663657767056338	0.0646970774436371	0.0161253268984511	0.154407343602505	0.139198826623203	0.0287857015256662	0.0191647338565476	0.0161066467615205	0.0283042432288867	0.0307334129819315	0.0313055699040928	0.18499633477372	0.0155836149826022	0.038952482853632	0.0481448085441393	0.011141828899132
mix_40	0.0130803946249671	0.0213524972034021	0.0347197759688404	0.0321153543603059	0.054112454777366	0.0514124923423957	0.0167640483385599	0.156411043497679	0.100554691963363	0.0635228470277806	0.0264869919973113	0.0340350384576977	0.0325845121283024	0.0313004487239732	0.0308786335012555	0.183570143996855	0.0176987941816976	0.0589419898314972	0.0302068280417325	0.0102510190350186
mix_41	0.015731259107698	0.0283898426142169	0.043029232057172	0.0429928737045016	0.0520955337179024	0.0212613864315634	0.0247244266315651	0.13033776947076	0.0571767173747333	0.104380569647561	0.0437490721001152	0.0417509521904809	0.0341435698458782	0.0334373014959748	0.0268123006357304	0.154093380562056	0.0230265825118382	0.0733312347721579	0.0377874543240926	0.0117485408040012
mix_42	0.0167105190981326	0.0465823205925854	0.0195940304758416	0.0223951103396834	0.0460164371238152	0.0358443098789653	0.0120102566289483	0.231497339678423	0.085342555753493	0.0256642875312508	0.0153174631431509	0.0193354514223119	0.0291227415636976	0.0310586401771953	0.0336949965241653	0.205539044334241	0.0163145907793001	0.0502513145304375	0.0486570483657756	0.00905154205858697
mix_43	0.0140580649164849	0.0439700418646156	0.0363805473824247	0.0384904329147639	0.0419018997282099	0.0204701798520372	0.022332046397446	0.156445607112337	0.0424211533783123	0.0892563050844953	0.0381844219647834	0.0400888820568368	0.0312594969753222	0.0336270799676498	0.0338179035841393	0.158584104131343	0.0213232720525665	0.0763596918495612	0.0460581619685957	0.0149707068180752
mix_44	0.0154493444540912	0.0441022908806731	0.0239045276340527	0.0300924548905589	0.0626058439541099	0.0585697817937905	0.0142960257080366	0.135015026536517	0.125476065287744	0.0535332573753895	0.0232729502792198	0.0274546046485047	0.020604001185833	0.0255216347664751	0.0330306687523234	0.174674335168921	0.0127548606627573	0.056451598607211	0.0516998236179731	0.0114909037958178
mix_45	0.0129397252551495	0.0440956947945544	0.028003402812451	0.0251102005047605	0.0661447750628208	0.0630393060793154	0.0151425242000257	0.112272947225085	0.125994135876984	0.052460697836568	0.0246900424930656	0.0289533828731654	0.0436192388778007	0.0391818195411371	0.030726015788609	0.161470043121971	0.0182163009159913	0.0466908432024634	0.0491060937364413	0.0121428098016409
mix_46	0.00827870508158001	0.0205387434425279	0.0393303757616922	0.043419109571871	0.0531194243504017	0.0343747512186115	0.0217952015122132	0.145887678779271	0.0809727954193334	0.100814424772598	0.0424040422408142	0.0436134422979087	0.0259911543387438	0.0294513677551246	0.0237574064826963	0.163846361775379	0.0178845615820541	0.0684122758711508	0.0250650333713085	0.0110431443747202
mix_47	0.0253721232319393	0.089717347340162	0.0520412841257782	0.0451637111310754	0.0762053692442439	0.0202263451904877	0.0355556728676109	0.0200979945070931	0.0274609661033861	0.0762278339643313	0.0551964933644182	0.0330519825416642	0.0486087786909786	0.0535739274072882	0.0531042401275445	0.0585128895804421	0.0282664085535962	0.0741186298556765	0.0975786806129507	0.0299193215593331
mix_48	0.0163727670443648	0.0384406888850224	0.025521622728763	0.0331192564573671	0.0490497020962271	0.0291173481056458	0.0166187440205217	0.193683144221623	0.0680960960582037	0.0619516916542261	0.0265214530538413	0.0302193950065322	0.0284114044635101	0.0303278606521577	0.0305404109617386	0.179124861414827	0.018046573309866	0.0672583187214076	0.045908886939872	0.0116697742042825
mix_49	0.0119706863047399	0.0142435983211894	0.0371515108178944	0.035116172489462	0.0573699406324519	0.0552549274768154	0.0173888975047873	0.137330627816121	0.119959430723098	0.0719274597434427	0.0252030320006103	0.0395295724868627	0.0307757536868372	0.0330938577051487	0.0290470205605687	0.15438354824834	0.0190007356251211	0.0743579960549414	0.029723462978318	0.00717176882325022
mix_50	0.0147582992292169	0.0378936310087269	0.025275600079421	0.0238064919681982	0.0625113131140422	0.0655015088041064	0.0142750210957249	0.163782698877139	0.135072371084527	0.0390125675392436	0.0186949670948293	0.019024159362961	0.0309994660521645	0.0344733409684129	0.0279462387545167	0.181417739078731	0.0173839860443378	0.0405213910015831	0.0379777050896155	0.00967150375250275
mix_51	0.0152517047566559	0.0426608032916367	0.0435291988268918	0.0435951339647487	0.0492907347918075	0.0072180214656366	0.0228319099599047	0.136427673119071	0.0346552058070352	0.101377424975689	0.0451449075972376	0.0430791591846507	0.0379555554848603	0.0376629586975436	0.0332969700169585	0.145629830539776	0.0206430019220834	0.0748285862128053	0.0489493162534852	0.0159719031315217
mix_52	0.0117029434184115	0.0421859653578368	0.0393980777271976	0.0393944518296872	0.0528580822561986	0.0284223290536355	0.0222088682638267	0.128836444989128	0.0639805950338633	0.0937468772086352	0.0401320558212475	0.0402731596555496	0.0332127906378927	0.0348244778869383	0.0310840332715888	0.150340109434	0.0209083081422963	0.0709343732732361	0.0419999280591746	0.0135561286796558
mix_53	0.0166797592816897	0.0500072205327883	0.0322378501398664	0.0403328479168516	0.0441601591070706	0.0268157623349579	0.0204433401344872	0.120253513370603	0.0657988278784053	0.0831616966899706	0.0356127675855116	0.0387535625133232	0.0328762229981294	0.0368179156853631	0.0381530261236082	0.144422833523378	0.0195519673001957	0.0705667880423152	0.0684700180855373	0.0148839207559475
mix_54	0.0156781532906615	0.0408618050715929	0.0327166087220085	0.0291205807295235	0.0566602211111981	0.0460019123540756	0.0193784454701034	0.169133021171182	0.102777332194993	0.0622706500379777	0.0291154260462397	0.0302158594143547	0.0179556674876888	0.0181848760999946	0.0317511052599281	0.181432373179608	0.013425339179332	0.0475759501001534	0.0436024079609593	0.012142265118425
mix_55	0.0126843827570499	0.0329019958567488	0.0317615079975858	0.0341482835419123	0.0450278087175327	0.0231709982938998	0.0190337177211282	0.201193817661246	0.0577102431033779	0.0776374299257982	0.0339989508907157	0.032210786351531	0.028457567001293	0.0320907222458284	0.0222340845450178	0.194236938246262	0.0181341306114289	0.0587471186423767	0.0292062124355176	0.0154133034537491
mix_56	0.0105053406799622	0.0243437278294031	0.0303997622698386	0.0312824418037107	0.0503501649941269	0.05356696122419	0.0178478822816002	0.17953638336356	0.121733359573794	0.0608211789786276	0.0274512005841208	0.0333217035499376	0.015466807372526	0.0182707504940536	0.0231891391171708	0.201300651679844	0.0126166218815204	0.0538939032432755	0.0235577101013086	0.0105443089774295
mix_57	0.0154337795544629	0.0385769271410034	0.0242417149224747	0.0227862946723993	0.0632539975833849	0.0727411083009423	0.0123315901407746	0.160093268380166	0.141628350492097	0.0354957029303803	0.018840546261902	0.0228592535378633	0.0204934023582704	0.0248618512635236	0.0298387167879057	0.180519309166694	0.014633913457064	0.047974819841422	0.0438784646897827	0.00951698851748709
mix_58	0.0132564213374919	0.0345144214709094	0.0314037575196523	0.0273425614976783	0.0656389653051306	0.058641653583829	0.0180901067078635	0.156050863560204	0.129480450570038	0.0544217438313788	0.0294522509240232	0.0265891849884332	0.0210173281577227	0.02294012712623	0.0308129984333602	0.181361980260528	0.014024296338863	0.0363973912408744	0.0362720862538925	0.0122914108918972
mix_59	0.0164791443976042	0.0543421799950233	0.041399620339753	0.0423590463366011	0.0427779486805336	0.0199247584036008	0.0231309539397499	0.110870896715267	0.056316779750874	0.097320741346163	0.0400054268039993	0.0440104554925456	0.039099265429497	0.0378311878777591	0.0310079799682482	0.129532799397502	0.0224292683921202	0.0785343470034308	0.0573844607208964	0.0152427390088317
mix_60	0.0131355161551857	0.0358705470025271	0.0335373903573622	0.0358869775898681	0.0534065539766818	0.0308003332468496	0.0184252895201882	0.180973054371451	0.0823140491756025	0.0743915294884115	0.0332396181768443	0.0354714196568933	0.0177173901385318	0.0211684920369855	0.0280523889873563	0.184924908388074	0.0135458856441695	0.0563766408686351	0.0399807218342761	0.0107812933841065
mix_61	0.0153317767489626	0.0377722689483545	0.0333540974156411	0.0288774668706568	0.0573340719405289	0.0518501907365898	0.0183978922212521	0.144139374590999	0.112204153067492	0.0562568641806991	0.0264752716170564	0.0316840353237229	0.0267858797115374	0.028439862196912	0.0334328308299588	0.168318020015781	0.0185632026929829	0.0521449441468707	0.0467062806915141	0.0119315160524875
mix_62	0.0123013109899004	0.0314233664847387	0.0419141151471435	0.0414851610481041	0.046625016566434	0.0394741533201168	0.0234010590772395	0.119681212954752	0.0868244084863971	0.100821305287151	0.0422630192963173	0.0440195760559119	0.0280699725475468	0.0273039750717786	0.0315598591166615	0.154741033703257	0.0168740149833686	0.0573628280553974	0.0391198485165829	0.0147347632912016
mix_63	0.0122903636996476	0.0294075459159306	0.0296804040805286	0.02698874419744	0.0600064142083991	0.0591712885921867	0.0172143448626045	0.165274958934615	0.126540001007291	0.0546084789503981	0.0288404651118586	0.0278673678618566	0.0216925363754549	0.0202840626852708	0.0285567148221874	0.191320276307811	0.0136944405890841	0.0407663661298728	0.0343133044853528	0.0114819211822103
mix_64	0.0239058966424949	0.0918268547709782	0.0469501922192481	0.0448634635171054	0.0653469116392736	0.0146005832385467	0.0269488730105171	0.0343865872392925	0.0302243565520074	0.0965934373067788	0.0462469186211609	0.0304430559797527	0.0592577323874	0.0625865382516163	0.0484774677762227	0.0613159134551634	0.0350053751778951	0.0523734578373637	0.102987004427006	0.0256593799501761
mix_65	0.016035255715333	0.0230201136575379	0.0390903553582443	0.0446565903604171	0.0575407351064115	0.0291936963186796	0.0249740948353831	0.118309519002946	0.0674159047817185	0.108168543388696	0.0453439355691018	0.0454436557792587	0.0360246121008195	0.0347140688897225	0.0312487975429498	0.139394421625	0.0202257868441276	0.0657039547534366	0.0393495871260521	0.0141463712441634
mix_66	0.0140688665490727	0.0409349384866669	0.0344881059274816	0.0401771366623271	0.0618109971366502	0.046998072042691	0.0182252783617721	0.0971809977464305	0.0854329287928019	0.0838561403887507	0.0337457681403574	0.0381871147241337	0.0396690575342225	0.0412797250441684	0.0349803639723182	0.120884255874315	0.0216292428129737	0.0792819333185699	0.0541858360752062	0.0129832404090903
mix_67	0.0154412947747606	0.0396210313568578	0.034479667635573	0.0322426757467093	0.0606347344231682	0.0731197402616066	0.018727992247505	0.107906719983026	0.135561036027731	0.0754947679354615	0.0330185040033107	0.0390357331611058	0.0184781542261585	0.0186622300274702	0.0306207609642409	0.142328868659992	0.0121222564002199	0.048227260651594	0.0518369378213068	0.0124396336922023
mix_68	0.0122136390951332	0.0482338862998087	0.0289558477892303	0.0304842515575687	0.0587357346124085	0.0389690849866016	0.0196327589224568	0.154037370950939	0.0937068975967224	0.0638046534800686	0.0317495097012707	0.0257841564955538	0.0378651508113107	0.0365949880113588	0.0309572259136353	0.162636708643956	0.0206458234484896	0.0453651141936007	0.0452351810939113	0.0143920163959748
mix_69	0.0201103552756001	0.060429690309246	0.0197009892226041	0.0204031888938153	0.0716043813914434	0.0554424813218765	0.0176341391570255	0.17920109388345	0.109907875590611	0.0228084904950282	0.0168068194554069	0.0126481966542586	0.0250911885932558	0.0258191782019787	0.0360911668175183	0.192408352901602	0.0149659439695398	0.0286113317666781	0.0594701692973066	0.0108449668017543
mix_70	0.00945911045571394	0.0239731870655752	0.0405808930239602	0.0390551325736128	0.0559312188872456	0.023053574555784	0.0237629192070087	0.155556463342981	0.058790970749572	0.0940917260487348	0.0441214584903655	0.0377628513538041	0.0328513866629194	0.0358967308243753	0.0280145321349518	0.16911622760513	0.0200607977064161	0.0606955025238334	0.032906280044628	0.0143190367433874
mix_71	0.0129853703943521	0.0347410186460771	0.0354717388120982	0.0357313383305823	0.0588417144393948	0.0539350486988689	0.0207899583556312	0.121287796754985	0.0988463916216585	0.0824673154898983	0.0350410867355682	0.0340616148853037	0.0239859473414166	0.0299571097933598	0.0327532082346726	0.152281542493803	0.0188862929143162	0.060327989178291	0.044239481401416	0.013368035478307
mix_72	0.01550257000107	0.0327736105743576	0.0452099689282948	0.0421715180442555	0.0661629040987939	0.0383452747070107	0.0250385888371719	0.0902343504952176	0.0980464427910291	0.101427145499044	0.0458458218510611	0.0451036169339828	0.0251705178203791	0.021166954020325	0.0323756903018526	0.146054068797764	0.0159793811539516	0.0499290824918391	0.0463655012152207	0.0170969914373788
mix_73	0.0141320868568878	0.057541287487788	0.0375117712005672	0.0320942394367666	0.0615337908085857	0.0298813694815788	0.0215659110825818	0.149968744438473	0.0684791689087743	0.060343860933396	0.0379292410370682	0.0335066116336769	0.0282434805378912	0.0214917114779061	0.0333293286161844	0.176994210004803	0.0163020970922857	0.0530247492751863	0.0514509711796476	0.0146753685099514
mix_74	0.0152238548945378	0.0344424166247521	0.0186578176348303	0.0244268622686944	0.0604028646961521	0.0537022546627046	0.0114510690659552	0.205750165308862	0.131350144610312	0.0352857779967435	0.0157635853999389	0.0224692649595576	0.0156068215279092	0.0212004932037781	0.0321842591925887	0.201452599359565	0.0101096273992378	0.0452257477633612	0.0351344716124766	0.0101599018180436
mix_75	0.0155015434197701	0.0430868681959685	0.0315953530596559	0.0333252825577936	0.0455809809861475	0.0277140118351964	0.018681128534106	0.178711917387156	0.0781390419525935	0.0664882021295435	0.0295729856936203	0.0310281309204807	0.023607894902156	0.026156300411196	0.0288864616365279	0.184095665565276	0.0180878289386119	0.0603538684977296	0.0471381618845092	0.0122483714919605
mix_76	0.012576671952796	0.0287919267701374	0.0385499894197807	0.0360190706674504	0.0634336285304312	0.0682605301737015	0.0190695046256112	0.0857738924375515	0.128166658718133	0.0792342850434276	0.0351090132413112	0.0417325155194015	0.0344521655163652	0.029070382067302	0.0320411330726995	0.136195656083398	0.0189995518063052	0.0584366380991664	0.0418557053731495	0.0122310808818816
mix_77	0.0153774372187699	0.0435230453523365	0.0264211858786196	0.0251941407145772	0.0532432682651675	0.0542222428789202	0.0162651399429213	0.161982713986385	0.113567416662437	0.0541363411312494	0.0234950297190274	0.0283769487172675	0.0258845548704016	0.0273717526273204	0.0301314225261051	0.177938655444498	0.0163988933173932	0.0481815410415727	0.0475350836564779	0.0107531860485523
mix_78	0.0159272581390806	0.040416615492018	0.0344631729663343	0.0324283127563314	0.0610308854509935	0.0294602556188385	0.0206576881349782	0.15411489301571	0.0921504086548267	0.0776956080929649	0.0357928334204674	0.0320509876123475	0.0224273857742769	0.0212812837612386	0.0296324248538587	0.175300171338315	0.0132948367474185	0.0511169679987335	0.0451038222647904	0.0156541879064767
mix_79	0.022477174249697	0.0601071283819508	0.044948339379402	0.0460384428221355	0.0532092904119754	0.0201178853315352	0.0240105801149826	0.100556588067992	0.0465161536910514	0.10929630995551	0.047747758959637	0.0500685494741136	0.0258929114699006	0.0231766854188627	0.029165300351884	0.126098313902154	0.0179238635259719	0.064125332337394	0.073309851228747	0.0152135409251036
mix_80	0.0210143234765874	0.0481093808569191	0.040511463974728	0.0393811179810232	0.0510848679259894	0.013282959305194	0.0229021437364522	0.152461172744429	0.0594147484656075	0.0824673619003077	0.0346481953769821	0.0396361705936998	0.0280567738251593	0.0293099557503342	0.0303730780801417	0.148234534774797	0.0196416318243855	0.0697534026421927	0.0575551220635369	0.0121615947015337
mix_81	0.0158888383187614	0.0355535741045014	0.0419469141613049	0.0508795371541627	0.0530710748017069	0.0325757519548513	0.0253105993746782	0.0945635835782431	0.0498299408714822	0.1199858942403	0.0490475536835585	0.0497432206340956	0.0263262650376997	0.0335988702646224	0.0359021294014779	0.107309762941025	0.0220402206663886	0.0872994826753023	0.0526016348155139	0.0165251513203232
mix_82	0.0110757903793839	0.0382053181741017	0.0543975978622205	0.0539018519472004	0.0628935091122367	0.0154019498059241	0.0287157980341106	0.0313983537214964	0.0321234208143629	0.127920084128714	0.0610858053659073	0.0492488839777842	0.0686702965596204	0.0636155719885149	0.0455388155209625	0.0727156388206536	0.0378820159486073	0.0721754342379419	0.0489809512090191	0.0240529123912377
mix_83	0.012848231983292	0.0388204304927163	0.0330132299035363	0.0216348439923764	0.0575142572930232	0.0197093350991478	0.0198990646885873	0.208824671215787	0.0649218476466925	0.0309976350544512	0.0279631225465644	0.0199574831226064	0.0431011798665519	0.0420932303742404	0.036525419551415	0.205744430679811	0.0255260686615721	0.041871971961699	0.0355759937175809	0.0134575521483492
mix_84	0.011014981530366	0.0383010800836428	0.0330600058707806	0.030846067836158	0.0595454573078504	0.0564628137004187	0.0177107216436092	0.115680675691748	0.113703519865109	0.0676827499074712	0.0318498780346828	0.0310813224263669	0.0363325618631717	0.035054177535029	0.0320400352959733	0.158122401079631	0.0199076811960019	0.0571641035847758	0.0419122365624582	0.0125275289847553
mix_85	0.0119377628333658	0.0372574970027886	0.0428444167245658	0.0428231829992259	0.0507006447347081	0.0326221881676541	0.0240217068369097	0.0894039096270649	0.0760778428093537	0.1084709602408	0.0448766867123638	0.0427853738586744	0.0407945490284261	0.0407038899561241	0.0347184162798137	0.125537510597876	0.024231125847747	0.0755778682264528	0.0400914441864391	0.0145230233296466
mix_86	0.0144978595368303	0.0473826274138869	0.0279216621998917	0.0274074413965091	0.0604736862321642	0.0559137078022866	0.0182362616262095	0.158054187262285	0.121978630272826	0.0478700350990794	0.0265469264723094	0.0258813477315309	0.0211159141558019	0.020347153259668	0.0335038506411275	0.182707050553477	0.0126747221326426	0.036350217322949	0.0500392295598741	0.0110974893286506
mix_87	0.0151550991455953	0.0312667797279541	0.0227351836686031	0.0239763704736419	0.0627112008918716	0.0861275505357573	0.00945987848609035	0.182714272126223	0.150265854825328	0.0358493611345782	0.016937626450813	0.0280137619290594	0.0123747961541447	0.015427432308096	0.0280199620727688	0.188428375141344	0.00975747835951379	0.0422827618831965	0.0313337838350311	0.00716247085038944
mix_88	0.010509580448091	0.0272957316496655	0.029888643979669	0.0304575156831171	0.0589331508821372	0.057473776218314	0.0185173548966541	0.157939294050052	0.119875666813423	0.0645505677348813	0.0272931818117626	0.0311470481521927	0.0196620768886128	0.0232308051559754	0.0293373114724468	0.180620404594895	0.0142860387415269	0.0578007204272891	0.0316573208613192	0.00952380953797553
mix_89	0.0228833647697274	0.0600823292456741	0.0470031513027824	0.0455032119343251	0.0512905197206933	0.00899150994759887	0.0260498268138039	0.0760423703864309	0.0285289304724303	0.128611009949759	0.0523615677789819	0.0550782010900325	0.0211740026656255	0.0266085264133615	0.0370087456137015	0.104063398529972	0.0170425411741367	0.0864689699968342	0.0856637030071146	0.0195441191870148
mix_90	0.00992132235149632	0.020810833817169	0.0215559920382775	0.0209204769060053	0.0661907216882417	0.0826549210578648	0.0123085593392011	0.172734556640929	0.153968082820488	0.0361714568203015	0.0160036249981298	0.0217914687992213	0.0259845077693487	0.0262928195210452	0.0289936558104137	0.194001012977861	0.0131869695185031	0.0420650065095805	0.0250474272751026	0.00939658334081922
mix_91	0.0103149423604352	0.0143276809143783	0.0286639821655915	0.0280569177777574	0.0581254639642709	0.0647071820583712	0.0174062833176665	0.155217032701752	0.130498522526346	0.0556575777309801	0.0259237049852714	0.0298102646180362	0.0293717587848228	0.0308072092432074	0.030850252551004	0.182292913903772	0.0185597208011543	0.0527128356433791	0.0269608421172165	0.00973491183458669
mix_92	0.0145470390553135	0.0382159061116598	0.0254883617822577	0.0249728226981439	0.060242949002318	0.0443334502210534	0.0158996414302255	0.181067181798871	0.112862175478929	0.0474651224913854	0.0220952525354916	0.022695255376369	0.0255207598091689	0.0295260125396076	0.0331395813216115	0.186700012179555	0.0152452587620456	0.0454146463900377	0.0425418102902872	0.0120267607256678
mix_93	0.0197926660143286	0.0699672936068465	0.0446471519385804	0.035478713356872	0.0710065822497586	0.0246585159132786	0.0279545107612253	0.121957507281193	0.0521019405211045	0.0623175946594952	0.0439699252970578	0.0296613670001684	0.0422051377283061	0.0294486648045752	0.0435753245235277	0.141352268359942	0.0167438439344284	0.0295822706182032	0.0741343491748838	0.0194443722562255
mix_94	0.0127560557850465	0.0361507848158838	0.0246033681695388	0.0227909256357076	0.0606817315524896	0.0640414224694326	0.01115769666065	0.182422673161324	0.131361065332271	0.0367937524874027	0.0192355940504718	0.0245240506030432	0.0239800017676725	0.0244920618689938	0.0293239853501833	0.193895387263682	0.0155995108915845	0.0445053816399159	0.032775982410508	0.00890856808419891
mix_95	0.0107394032440705	0.0292216256645824	0.0254704086538889	0.0244264218366359	0.0620277694455315	0.0470231385104568	0.0149536242680129	0.202214880156233	0.113994179049868	0.0451940976338905	0.0238607693276738	0.0247903994528223	0.0248710696569217	0.0288780739525784	0.0283161989266322	0.202104361475314	0.0135973896479742	0.0446356689878133	0.0232933148906692	0.0103872052184305
mix_96	0.0157704453730762	0.0314834862602714	0.0298931829313439	0.0356111249689833	0.0553192033064986	0.0469280844321351	0.0184571082807191	0.140453321050063	0.0957520677212643	0.0751188487052953	0.032903939823469	0.0359262651233927	0.0263121224897823	0.0318083705979575	0.0293646308063036	0.157412478479047	0.0189934357474341	0.067957955973947	0.0415910139290943	0.0129429139999224
mix_97	0.0133195156409755	0.022063407647931	0.0276179659040641	0.026771451250224	0.044125438027685	0.0594087147081878	0.0136373255002654	0.175846840251231	0.117263294968352	0.0443193227553169	0.0165497697426632	0.0294387244992725	0.0328854970750222	0.0338591037101104	0.033417253001517	0.187106825856327	0.0164019549555884	0.0651799390921141	0.0328853643346873	0.00790229107846461
mix_98	0.011785177616599	0.0280563268167747	0.0312786997338997	0.0317283746757017	0.0505897607236477	0.0332973031962669	0.0175239217638523	0.189907875575057	0.0868040701301624	0.0624806660066174	0.0284596854591955	0.0331920947019883	0.0285417162754993	0.0314878900262696	0.0274904153902994	0.193262800761092	0.0176452451064064	0.0606750117609633	0.0248932211109327	0.0108997431687746
mix_99	0.0201049957325328	0.0852472612343918	0.0421577856793049	0.0433359860391901	0.0454021438271467	0.0226933277248957	0.0249784521797481	0.0338256856682893	0.0283229926561481	0.0844441811837163	0.0356180831726792	0.0463771207187135	0.0740625907991722	0.0515134475260375	0.0383392150087253	0.0996718104733464	0.0329902863628382	0.0836102563122892	0.0882283755147415	0.0190760021860932
mix_100	0.0097420226296738	0.0257978354716422	0.0315869661471496	0.0255096576748942	0.0604968612238071	0.0527478436058452	0.0181699077069801	0.173689545055177	0.117281618226295	0.0415387958541772	0.025242865563212	0.0272604555783819	0.0310734184495646	0.0306655496800681	0.0300016160778348	0.193495719339456	0.0192660056500556	0.0468715967454287	0.0280230431793538	0.0115386761410021
