B_cells	Blood_CD34._cells	Dendritic_cells	Eosinophils	Fibroblasts	Keratinocytes	Lymphatic_endothelial_cells	Macrophages	Monocytes	NK_cells	Neutrophils	Plasma_cells_CD138.	Platelets	Reticulocytes	Subcutaneous_Adipose	T_cells_CD3.	T_cells_CD4.	T_cells_CD8.	T_cells_Gamma_Delta	T_cells_Regulatory	Vascular_Endothelial_Cells
mix_1	0.0476981265394297	0.0354866028170784	0.0314316847527809	0.034829594089177	0.0372018155188667	0.0143639796180068	0.0501734721796	0.0487730314608722	0.0414630670020033	0.0735181540163806	0.0541609076041045	0.036001677547688	0.0254484445752791	0.00901548795138506	0.0321848251818468	0.0833620246611308	0.0693138580408745	0.094209591114242	0.0668803059816993	0.0612005771681408	0.0532827721794136
mix_2	0.0565043881769307	0.0421702843810985	0.0215178311759198	0.0357286831670779	0.0403396595697316	0.0154091620271646	0.0628407711375052	0.0338510156740203	0.0214496770177296	0.0660065415115896	0.048727582240212	0.0579219906522595	0.0285489123515691	0.0102671826662712	0.0326126190748437	0.0766491821989375	0.0673702301901052	0.0837285013557937	0.0674941429638406	0.0625196710752838	0.0683419713921159
mix_3	0.0483930498877973	0.0384849717794739	0.035730070644015	0.0338862415156865	0.0625327311554662	0.0160065744323027	0.0570996022864909	0.0594669705030616	0.0468826946589981	0.0525953711892618	0.0548194885336957	0.0495441824272837	0.028853791947636	0.00978059052069365	0.0485527187115867	0.061446702227826	0.0529881157325051	0.0671577912377293	0.0594530458957741	0.0558923602185696	0.0604329344941461
mix_4	0.0531869534003897	0.0361065720056933	0.0203886284431473	0.0343724879949842	0.0470469805852283	0.0148559166663849	0.0368478391655034	0.0360265709499288	0.0203407468695823	0.0731450107643198	0.0474796363799626	0.0535565817495197	0.0244303565656405	0.00959291292379843	0.0338305525726317	0.100022219665431	0.0812403502499131	0.0986813660038083	0.0689712658285083	0.0742463135757217	0.0356307376399032
mix_5	0.0509058092290005	0.0369844074440045	0.0265147478211935	0.034246219205888	0.0582108644465441	0.0153193310624361	0.0385738360306789	0.0461903153480136	0.0314121649800929	0.0677136830204384	0.0502243930834382	0.0554805569608153	0.0261689145902385	0.00968325195334055	0.0408311351031194	0.0825461869037843	0.0702619525481345	0.0898431400818608	0.0656236938311338	0.0663102841074137	0.0369551122484306
mix_6	0.0531433916146936	0.0348584128219982	0.0184401173602621	0.0326320309737121	0.0485900457511267	0.0148997168481832	0.0434432792427879	0.0327134149128034	0.0177259822087912	0.0733634712103864	0.0464326155301368	0.054194515666602	0.0250668766319235	0.00984597487002707	0.0359288620060246	0.0956273725693791	0.079000184983301	0.100669803854767	0.0685045720983756	0.0719928194040623	0.0429265394406559
mix_7	0.0509376696728512	0.0389867675468189	0.0276774231657471	0.0341281443687711	0.0627058222128593	0.0159838837883306	0.0465751819643114	0.0488546181461058	0.0313839713595793	0.0619533226577985	0.0509477962654543	0.0551716236908178	0.0274688406805253	0.0100173025522441	0.0457840257426827	0.0746237821519919	0.0647674260584551	0.08272018006369	0.061610831111701	0.0613470147927753	0.0463543720064892
mix_8	0.0491689338629027	0.0390406687717264	0.0233460295173921	0.0342766166155683	0.0570148167143174	0.0154075322024495	0.0592145340017362	0.0412040770845461	0.0253546409769805	0.0654121188280023	0.0484009785445539	0.0461005189422202	0.0279590063852711	0.0100749805831124	0.0449539306513269	0.074343361464876	0.0663318146075586	0.0845355782762881	0.0643313859729139	0.0606366198993422	0.0628918560969152
mix_9	0.0543959742317482	0.0331305512176052	0.0215738034215205	0.032685790923774	0.0383031812835771	0.0137660659025209	0.035169227802317	0.0344437994972612	0.0235570055664455	0.0779577284432046	0.0481037561079279	0.0534372206929446	0.0226570797930816	0.0091965629600355	0.0281495790199003	0.104117144375643	0.0837528016318509	0.105588841889919	0.069924504922399	0.0748081178093842	0.0352812625069395
mix_10	0.0534529029258462	0.0354381455982146	0.0341879776466049	0.0347759225289744	0.0399176446441444	0.0141487183803569	0.0437551014966775	0.0536238882895263	0.0449816728925546	0.0575103158297929	0.0550815480798571	0.0553384200791773	0.0256010431589326	0.0090474021809458	0.0319307877865197	0.0850549241653532	0.0745402948576113	0.0768759037868594	0.0620784638290813	0.0674322375954052	0.0452266842475644
mix_11	0.0576409731120746	0.0365309971167668	0.0328857247592549	0.0365569999956414	0.0209234730184264	0.0133739688770792	0.0451994048467182	0.0470937950500883	0.0433149171645804	0.0739847463473215	0.0551329516737389	0.0516590744585484	0.024817372443619	0.00886217105029527	0.0173817939067755	0.0847517561265753	0.0718429432688106	0.0943895100595665	0.0687894331301236	0.0650741942171031	0.0497937993768921
mix_12	0.0468006850621459	0.035678321870141	0.0274551230358397	0.0334295644357445	0.0566830303147816	0.0153679263077869	0.0418870977085235	0.0448996561033525	0.0287037413083632	0.0686141177562339	0.0508717860659875	0.0393300674632195	0.025662796874899	0.00975596533870949	0.0408375697934741	0.0897695908619961	0.0767685729857491	0.0922308635133886	0.0652459512827974	0.0689409067883036	0.0410666651285628
mix_13	0.0476962318630203	0.0318981693717342	0.0253056326599661	0.0340714061113105	0.0365224752719931	0.0145933179820041	0.0520496012121771	0.0381711618644375	0.0281150183376859	0.0663371571120273	0.0507098899007409	0.0379976621605608	0.0247191029981291	0.00961009509277475	0.0318737316750621	0.103742380458065	0.0876925625870434	0.0872473626745667	0.0620191502632925	0.0747032674759476	0.0549246229274612
mix_14	0.0546570434279799	0.0334417879077438	0.032241626387769	0.0347284871887201	0.0305575512535199	0.0134348363867356	0.0342537336532776	0.0479124827258954	0.0408488732641392	0.0695734824306829	0.0537694214561486	0.0489234480772414	0.022858321019222	0.00884567589863866	0.0241403292141085	0.0951746907326969	0.0826927629751901	0.0980326969345831	0.0664851126231968	0.0723418606961235	0.0350857757463869
mix_15	0.0498406249904864	0.0360169787330455	0.0242520720500101	0.0320863547762836	0.054539816097556	0.0152042310808092	0.0515495458762063	0.041049115513301	0.0266971923099375	0.0665471827835381	0.0488771488301607	0.0519471662367401	0.0266543937590098	0.00962765320795833	0.0414322052461434	0.0817737455322766	0.0704103588865326	0.0886262787039371	0.0654708875440405	0.0638620907307822	0.0535349571112449
mix_16	0.0506933259008487	0.0375803500526638	0.0267187384515636	0.0316077839587956	0.0714521320194382	0.0168718710623912	0.0629274913628249	0.0480450674813989	0.0310612639825773	0.0475185629383524	0.0503483514873238	0.0639429022582384	0.0295383645527631	0.010503896159311	0.0545785157224563	0.0613004518385232	0.0562401436769716	0.0654424535201311	0.05997815465694	0.056702150659019	0.0669480282574678
mix_17	0.0498016494835374	0.0396268499045254	0.0238463678028959	0.0331331662782496	0.0726655300315708	0.0173932331094029	0.0640290888661572	0.0432807826694691	0.0233819933180071	0.0467210665873746	0.049210431823456	0.0576990514251664	0.0305926607021382	0.0107481542987563	0.0560256646944143	0.0642123856395033	0.062727977675336	0.0656460213637135	0.060928591381155	0.0609111540912932	0.0674181788538778
mix_18	0.0539977876587705	0.0372110004658611	0.0332369617742658	0.036652565706523	0.0319860903075946	0.0144183344806716	0.0544083551016979	0.0495799347166497	0.039477906290153	0.050642456274062	0.0565777514903295	0.0468841543286762	0.0272102971950938	0.00942302550562646	0.0281254695530173	0.0849078351095063	0.0788469732204754	0.0724147651040583	0.0630823074845423	0.0717965348618729	0.0591194933705522
mix_19	0.0437790629469652	0.0378087215242231	0.0340835042855599	0.033472543748714	0.0613316983379807	0.0160466171174345	0.0620177986283792	0.0562958228920279	0.0422396464269336	0.0534711193529537	0.0537166949800655	0.0383886561096858	0.0290904267288496	0.0100442790653415	0.0492199225845801	0.0639270989139359	0.0605342432033791	0.0716005253224269	0.059242767867227	0.0570747880922199	0.0666140618711171
mix_20	0.05533341444773	0.0339136695702848	0.0179100553808056	0.0314075413475393	0.0372049882064318	0.0147131236525535	0.0538231949330218	0.0302619913296058	0.0167501137838274	0.0684476777126625	0.0461841635857976	0.0580394774405231	0.0254937368940899	0.00965143742909216	0.0297863680342325	0.0961292070142454	0.0827760665771484	0.0947047370690427	0.0689198624135226	0.0715044156551843	0.0570447575226587
mix_21	0.0479817070263971	0.0363799166352492	0.0249246984876549	0.0319139633944133	0.0625861018425202	0.016012916049568	0.0587753792219431	0.0424928265429515	0.0252307879525666	0.0521924776956753	0.0496819829661284	0.0463578838224941	0.0281559328001774	0.0101645925610755	0.0486939926867757	0.0792629407453775	0.0751671973238326	0.0735932047660267	0.0612622173449664	0.0679040686390788	0.0612652114951279
mix_22	0.0505077430623698	0.0362780264795345	0.0352086649075031	0.0361375403311026	0.0370480739798373	0.0137314772699199	0.0335065346078969	0.0552197836158834	0.0474446563336765	0.071868205678978	0.055821384979723	0.0429979016904895	0.0239564085020647	0.00910378870662919	0.0296238970656286	0.0884432035399968	0.0759408855187911	0.0907170256039963	0.0657649191386078	0.0678225027680322	0.0328573762193385
mix_23	0.0550291182701453	0.0352102469263781	0.0288562463594243	0.03449005144531	0.0268966434213982	0.0134576564965007	0.0468039723383531	0.0415811552946043	0.0339441283156851	0.0703349624602523	0.0520882260939034	0.048860770871952	0.0241182009948815	0.00887683192609787	0.0229621576166821	0.0949167549718039	0.0811706950886809	0.0929185383396871	0.0666605105229137	0.0701354486609243	0.0506876835844216
mix_24	0.0498636374803156	0.0354440911439725	0.0212699876369851	0.0318088566016263	0.0597573862786503	0.0157093245238619	0.0467169610551197	0.0389061960105248	0.0209419810695201	0.0663477488677326	0.0475930775378141	0.0545016303949086	0.0263700894663187	0.00998972599137175	0.0433321905189729	0.0860469158127815	0.074676199546144	0.0892852730775874	0.0656768944923554	0.0687890975049614	0.0469727349884753
mix_25	0.054567874189605	0.0309497882223107	0.0214690821706696	0.0317297241416013	0.035016751975518	0.0135949551791631	0.0420932227546272	0.0342518490194252	0.021382457169143	0.073913986581504	0.047877387265782	0.0539299061953819	0.0235662497997708	0.0091342893579739	0.0272992390086339	0.102038030618045	0.0872532977445539	0.102324718371115	0.0691953866407991	0.0752936120600426	0.0431181915343348
mix_26	0.0455418871263775	0.0358189943113076	0.0338566504267343	0.0329735132960417	0.0593023777567997	0.016029784689615	0.0577881288958039	0.0539110299412484	0.0397437182616064	0.0472028907299987	0.0552392133264627	0.040754986427668	0.0276195458481019	0.00998515390172614	0.0467434309042053	0.0754358225404662	0.0702257331454792	0.0674254117706641	0.0586373146231296	0.0648967875715026	0.0608676245050611
mix_27	0.0530149991194504	0.0333815388134162	0.0291880215834784	0.0340223816289705	0.0327165141647213	0.0138052354984615	0.0447033977876937	0.0423336170210067	0.0364715412300963	0.0746167813459338	0.0521476211208611	0.0476009690767997	0.0245404225428524	0.00868680282739935	0.0268013509732927	0.0911757562139274	0.0753208297343068	0.0983815815464377	0.067498503255034	0.0662559104940873	0.0473362240217727
mix_28	0.0525524842817253	0.0347649161486281	0.0203516217954557	0.0324709174922133	0.0467853010419098	0.0147777191569812	0.0478518163797332	0.0371849963816179	0.0217957219113424	0.0692800688235786	0.0480025523688751	0.0551189713147987	0.0253976400640225	0.00953478328554248	0.0360626064530672	0.0901041178679794	0.0774805529815212	0.0946024572346189	0.0669030085724714	0.0701697230255809	0.0488080234183368
mix_29	0.0526005775605595	0.0371211632999352	0.0302818820888333	0.0355540251679109	0.0356383691079778	0.0138840591496299	0.0465549368584575	0.0474335734928383	0.0382169715993598	0.0723233488334654	0.0536836190691506	0.0449736581908343	0.0251815420417996	0.00897405040809392	0.0291810968777497	0.0838214587177398	0.0718316187127172	0.093909476377797	0.0665387289274886	0.0630430669531926	0.049252776564469
mix_30	0.0515294072454332	0.0339118825333533	0.0244175322628754	0.033261286088634	0.0419421657320053	0.014205469341887	0.0401578811302653	0.0390157497357754	0.0264527379673061	0.0716349587167791	0.049931528718152	0.0491886910348589	0.0245582820287673	0.00916123583978368	0.0302572857063706	0.098317038133742	0.0832439796706183	0.0988508845501907	0.0669503503580527	0.0727233254645258	0.0402883277406241
mix_31	0.0494516140884136	0.0355768422376	0.0306352177578144	0.0348631723142145	0.0399130857054419	0.0143208917032275	0.0477111660311352	0.0468585700836982	0.0366595329776138	0.0656450884985365	0.0536557442167784	0.0419361933883658	0.0256741052686174	0.00914047557558632	0.0319889885987009	0.087485679735593	0.0766104867933984	0.0892713272691537	0.0640636804004038	0.0683268323432367	0.0502113050124701
mix_32	0.0558136563861112	0.0336204457889059	0.0353569175664358	0.0368595800594969	0.023625408003853	0.0127473623966548	0.0289457029658429	0.0512345364281113	0.0460370066817908	0.0731094219084662	0.0563623375116915	0.0479640688510966	0.0226057372815407	0.00892180240520467	0.0184469636016829	0.0979393384883397	0.0790312676823048	0.100706021592801	0.0668968341927668	0.0752410291434608	0.0285345610634417
mix_33	0.048327711916926	0.0313022267443478	0.0340825848320297	0.0324538539377128	0.0429391147846644	0.0150429390644475	0.0514091635833745	0.0513945271269438	0.0425574346477171	0.0590624652749232	0.0556126397587308	0.0394983074968688	0.0256227661763905	0.00918258737487838	0.0332690386646599	0.0823408153035504	0.0790770353409058	0.0810595229187466	0.0624257929788004	0.0684714344103566	0.0548680376630252
mix_34	0.0498102376555949	0.0397197302504003	0.0375386199202704	0.0365175218087204	0.0467172835610756	0.0153336755078769	0.0600558520885393	0.0585354780160845	0.0473134901737517	0.0447541501197057	0.0568986007905854	0.0464703845659446	0.0288399259682302	0.00977261156007975	0.0394255830149282	0.0682890573122811	0.0652500853668976	0.0639770307424243	0.0587860908811354	0.0605763999122195	0.0654181907832544
mix_35	0.0475439748336119	0.0361101464149695	0.0273385057781397	0.0353089035838726	0.0476512700761196	0.0148246210551153	0.040843379538919	0.0457917160604986	0.0315646579765427	0.0709292142697058	0.0517052667127516	0.0412456422063914	0.0251315993722773	0.00933188793904509	0.0352338181101494	0.0908121566587797	0.0784316770819713	0.0953334143115089	0.0657896608966778	0.0691019749291983	0.0399765121937545
mix_36	0.0504951435160344	0.03647867371127	0.0321501647368256	0.0349026953495321	0.0486608943235565	0.0144721470651497	0.040385199610339	0.0517745128990303	0.0413092045783035	0.0665306415310557	0.0538703086587299	0.0479202118703339	0.0254168242656871	0.00924343862804922	0.0357366484652727	0.0825944233672923	0.0710351173925462	0.0878821315787299	0.0635773798440935	0.0662006288982174	0.0393636097099513
mix_37	0.0475548195697905	0.0370884358166835	0.0270875064293792	0.0324111059005622	0.0650379221346695	0.0160141877398566	0.0582493612391412	0.0471735486208982	0.02998248526538	0.0554030815665684	0.0501544847445389	0.0503453702995259	0.0280788281278891	0.0101001240366379	0.050228923756042	0.0723052916378054	0.0659426276509035	0.0761917797294114	0.0590956312899475	0.0612230981678406	0.0603313862765286
mix_38	0.0489104633601819	0.0352621830757515	0.0305944138985959	0.0321207836891522	0.0576673441358027	0.0152461848001537	0.0521996458417044	0.051389302380485	0.0390735124964792	0.0605025283355831	0.0522775540192481	0.0504111834586178	0.0267010987802674	0.00944196428435434	0.0443820215010926	0.0730582034747187	0.0649177735468834	0.080133060124502	0.0621380565452538	0.059127683457334	0.0544450387938384
mix_39	0.0534658553560386	0.0368770285290739	0.0201600778405089	0.0340650822882652	0.04467487132786	0.0149123234198312	0.0481744288678768	0.0343946000552291	0.0202479880886935	0.071093682215991	0.0477947700799407	0.0528010884356298	0.0259431180527124	0.00956926117049673	0.0344989549045514	0.0925813223985599	0.0782770347499703	0.0928800755296402	0.0676436863018299	0.0700701927050325	0.049874557682268
mix_40	0.0492189506107533	0.0361001110468777	0.0339049248204741	0.035686350227197	0.047794643517036	0.0147327205820797	0.0378774501613389	0.054010958571117	0.0428485988282661	0.0665793061527465	0.0547235228272288	0.0425970695374896	0.0250503459408292	0.0093641908719619	0.0346015211191477	0.0863543769644914	0.072231171556444	0.0877403971469881	0.0635605101394708	0.0689294322439983	0.0360934471340641
mix_41	0.0486311237414668	0.0372765292086832	0.0360151678172915	0.0339856763170669	0.0528840251420639	0.015289613169683	0.0544342450186895	0.0573071533848927	0.0459626068335352	0.0516372388251621	0.0553359812180285	0.0447769611998257	0.0275575667642573	0.00956844214985392	0.0430622085628778	0.0729698210331235	0.0637719775434336	0.0683552485540712	0.0618730132676961	0.0617732253553099	0.0575321748929877
mix_42	0.0598004396203453	0.0366903926349803	0.0248559978788921	0.0375425188086342	0.0238342781125957	0.0136547489748942	0.0381276206518981	0.0354546312638883	0.0253321175165783	0.0675923566010066	0.0514332109291818	0.0557181485759486	0.0248948933611553	0.00928760562729149	0.0192493130913723	0.104352833057006	0.0906235000862327	0.0944930094811551	0.0680687132142906	0.0805644021237795	0.0384292683888733
mix_43	0.0514498565810356	0.0372466210428007	0.0362254048563522	0.0341298578415029	0.0489347969502739	0.0150495294126305	0.0516944383880381	0.0552427586027089	0.0438033613158419	0.0501297903104938	0.0561763999459403	0.0517880848545141	0.027508281637711	0.00937429209562644	0.0385912634844684	0.0757495680755166	0.0689912880961388	0.067454502161495	0.059939791156295	0.0650648344210116	0.0554552787696043
mix_44	0.0568033971217687	0.0358423675869694	0.0276609428568669	0.0348978087131577	0.0266220312260879	0.013638769944514	0.049292675789983	0.0415093374611866	0.0330914872895922	0.0686285143100773	0.0515578240473742	0.0544896082902312	0.0253725034116245	0.00890803345721596	0.0223092617610302	0.0893518444182797	0.0773010996352217	0.093440830705955	0.0673279498932356	0.0682927001145806	0.0536610119650476
mix_45	0.0527187119064412	0.0384293121678444	0.0251494689422826	0.0355677087632397	0.05093815991369	0.0152989552848558	0.0445378796371603	0.0450483236777235	0.0285010278179683	0.0698769358510456	0.0504809838237279	0.0532376512370779	0.0270311574030337	0.00983053765025664	0.0373071950741466	0.0794331784872188	0.0702382225843139	0.0891003613056297	0.0667115816498515	0.0660062462260593	0.0445564005964328
mix_46	0.0464502886126443	0.0340666020946247	0.0390490875580442	0.0342030545176214	0.0490787046057008	0.0142996642145746	0.0455662661773592	0.0613854282218558	0.0521582150772493	0.0587035983495218	0.0576717554496538	0.0360943067074129	0.025500728163445	0.00939273940274931	0.0386940384528059	0.0789355629544817	0.0683966763531144	0.0776411124519272	0.0609731926987982	0.0633069742301792	0.0484320037062362
mix_47	0.0499493155645303	0.0427177945639874	0.0243475942061958	0.0305857774697456	0.0818747763808736	0.0182068668944579	0.0864337196737738	0.0423983241105233	0.0201571144689423	0.0376533357459	0.0467062053404739	0.065627561967215	0.0341892646505318	0.0120064208539153	0.0673932950651082	0.041913100186585	0.044759668860672	0.052822474026223	0.0564075542599197	0.0507237106088506	0.0931261251015755
mix_48	0.0570428246180159	0.0360310418128872	0.032954168798674	0.0366563179594732	0.0299751056162533	0.0140720551313527	0.0438126871466109	0.0489074434416219	0.0407894640881709	0.0589030786623394	0.0557774294677788	0.0526682183862175	0.0256408065306626	0.00904830840151133	0.025313331653489	0.0859194827308403	0.0802224149632887	0.0828501964149638	0.0651818699720906	0.0717156545293519	0.0465180996744059
mix_49	0.0517125946773802	0.0345942318626759	0.0424951562340889	0.0385474891992228	0.0314529972814877	0.013717729304303	0.026427202235666	0.0670755284482585	0.0640235090883422	0.0708153237542496	0.0595512744444128	0.0408642396256574	0.0230911432794627	0.00877427927157927	0.022544687988224	0.0883107172375522	0.0706196714426021	0.0888479246183135	0.0656263543984839	0.0659390528652252	0.0249688927428123
mix_50	0.0513882603836452	0.0374337025774147	0.022288096669644	0.034950173630561	0.0451605491604677	0.0148350971791347	0.0425652000020084	0.0391552765670509	0.0251492871693476	0.0730755561452018	0.0491624390496624	0.0484384067126325	0.0253574540767067	0.00957292291820619	0.0336211488716866	0.0917748443113098	0.0788577586934808	0.0973678424919666	0.0680847709957258	0.0694903397780585	0.0422708726160882
mix_51	0.0494991841838641	0.0376312227419554	0.0333378065305292	0.0335926108207921	0.0625286389195942	0.0161323993289216	0.0570620927094631	0.0554249488675069	0.0401033801419455	0.0451352382219762	0.0538760650450653	0.052264838361741	0.0288633599292832	0.00993474732326861	0.0489708136100284	0.069283220576186	0.0640921179002171	0.0627004064869928	0.0576470884509896	0.0619406135734589	0.0599792062762207
mix_52	0.0493829468193302	0.0367159275666144	0.0346628863145323	0.0337010497771993	0.0519716110318893	0.0153388139298844	0.0548691208482996	0.054379299322186	0.0433196056949915	0.0531889945662413	0.0551156537908532	0.0495642570101277	0.027820876124041	0.00949302236236313	0.0410200833789866	0.0735605505362853	0.0655748157198965	0.07084637845264	0.0589185069044557	0.0623078992137621	0.0582477006354207
mix_53	0.0564069563049715	0.0374113864848442	0.0326362282743151	0.0359666951136266	0.0359447767745804	0.0146338934641384	0.0536624155404372	0.0523481714734899	0.043106847622	0.0526705301147751	0.0555256245095326	0.062836920740751	0.0274775401994652	0.00924108857204267	0.0306503643132775	0.0741313817054955	0.0682642174930717	0.071555907313623	0.062536476022989	0.0641521335042524	0.0588404444583209
mix_54	0.0514830185499932	0.0326024045261833	0.0287987650406043	0.0319192286531396	0.0477499043662139	0.0147362731607474	0.0445740200633636	0.0446418166906056	0.0336768909366494	0.0631786731025499	0.0521473447412092	0.0519355416008311	0.0250828554641883	0.00921466270167945	0.0357610129514849	0.0876271955746571	0.0771399618975957	0.0877924032656859	0.0649712629001643	0.0685886755009986	0.0463780883114553
mix_55	0.0484314223553795	0.0355005444004935	0.0292058895863664	0.0332935523059229	0.0507798338685898	0.0155642854879198	0.0572010411654743	0.044930471190465	0.0308131829622498	0.052582984511762	0.0522194391710669	0.039904554432399	0.0276685050107545	0.00981280769095755	0.0415034023505393	0.0859732979640148	0.0780601544135177	0.0733572971471623	0.0617145227795673	0.0694850104661563	0.0619978007392411
mix_56	0.0474604545148586	0.0311383699961665	0.0315004544336891	0.0329141961899185	0.0391227839009404	0.013979560486404	0.0413317124380166	0.0482168580747955	0.0390121404511353	0.0675866614232066	0.0541369689236185	0.0370256548334861	0.0236748765117689	0.0090701103483943	0.0307417264938678	0.097068743858042	0.0817461502779082	0.0942601000197605	0.0675538306233092	0.071462721173695	0.0409959250270185
mix_57	0.0533337106222399	0.0351537803191341	0.0252199487676766	0.0347236929356941	0.0399459577489567	0.013723271370354	0.0327735756703632	0.041554394734666	0.030200648111788	0.0748775423552632	0.0503937126650877	0.0535133040042257	0.0235536108426296	0.00922762206705615	0.0294172122705692	0.0975989870198854	0.0803312964107694	0.102416172983686	0.0679257989804912	0.071607856026765	0.0325079040926993
mix_58	0.0473514281601085	0.0336591510848083	0.0244368883210013	0.0316804784206779	0.0546506910260143	0.0152336596926318	0.0504976930356027	0.0420942359925502	0.0271640417274547	0.0670485127766859	0.0494703606320235	0.045359287835845	0.0257394556982389	0.00955480308472269	0.0416086681358152	0.0871265827596628	0.0742940351767366	0.0897030326941311	0.0645497680252691	0.0664645565439832	0.0523126691760362
mix_59	0.0524341128168269	0.0379887329316518	0.0365268112971265	0.0347655512073947	0.0519939637597782	0.015478578080948	0.0508476213908591	0.0600440146343866	0.0490042964198594	0.0502159748324538	0.0560218560424121	0.0577371503057905	0.0279819193980401	0.00946287367129177	0.040623294906221	0.0676051894758378	0.0619187390647085	0.0677820321257393	0.0582831942606315	0.0598000831523756	0.0534840102256668
mix_60	0.0503145668881078	0.0326060746170605	0.0300536301525069	0.0322954288563972	0.0439486381870492	0.014527851699145	0.051730461109788	0.0477425661181588	0.0373080627671851	0.0584973101207776	0.0534467381876785	0.0465718005873733	0.0256680608059892	0.00920901405899837	0.0352105621978549	0.0868901991592562	0.0751594390952755	0.0824469871311191	0.0630642277971805	0.0683428116982243	0.0549655687648742
mix_61	0.0514915143450501	0.0357915693428808	0.0298317383032875	0.0334490086257101	0.0543985069141336	0.0148837782079059	0.038186328015754	0.0496106794886249	0.0364641499556476	0.0643590940449268	0.0526948887385885	0.0529029786495851	0.0254472222306215	0.00944177723277725	0.0379986810869088	0.0837564031646987	0.0727558561371299	0.0891096979888169	0.0642743114079331	0.0665563562689392	0.0365954598500796
mix_62	0.0466084523414302	0.0345581246200944	0.0344095676646961	0.0324413804902077	0.0589373983347624	0.0153879852458907	0.0526896404745049	0.0559621183312878	0.0436361363802826	0.0556818649642758	0.0547084791167257	0.0459680286088331	0.0268922619516182	0.00958955476511444	0.0453837894466742	0.071739475874016	0.0642358449097649	0.0748605897142936	0.0607557383095361	0.0604955509714449	0.0550580174845462
mix_63	0.0473502116041875	0.0331710584771011	0.0256505605430268	0.0319165784239483	0.0534150528277562	0.0150163922856534	0.045806987830437	0.0429348002985814	0.0288264439841692	0.0673151936728098	0.0499878393314501	0.0436129090890111	0.0253639320582737	0.00947710571116174	0.0400514806621132	0.0899577953611228	0.0766882009011617	0.0921590881431639	0.0658141863181069	0.068897680861805	0.0465865016149591
mix_64	0.0539874522884259	0.044779734815975	0.0241431731094063	0.0330579927769629	0.0735190048690483	0.0181235524103638	0.078582227480984	0.0450744920070113	0.0241304777205478	0.0382956322365098	0.0479817156029068	0.0712329636966814	0.0329820147528826	0.0114755841599993	0.0595965451087815	0.0483717819960706	0.0465462487744208	0.0555163555786551	0.0569300920957963	0.0513343099241608	0.0843386485944098
mix_65	0.049629956024732	0.0365524264464957	0.0360665688295276	0.0334508469766059	0.0533953426779986	0.0151778980000037	0.0565896853825206	0.0558460002877538	0.0466192666126883	0.0520348473571673	0.0554129108847656	0.0457545283996557	0.0279134877359587	0.00943086859314076	0.0429345016290297	0.069803489465867	0.065205081420003	0.0692495740814193	0.0591662821361591	0.0591115015349502	0.0606549355235575
mix_66	0.0539702173283817	0.0396172540209407	0.0344616230826905	0.0367368206934713	0.0385296883383389	0.0143288035995469	0.0532575098785053	0.0545777862839965	0.0466145108689485	0.0595853455774027	0.0563906425834831	0.0563892591556865	0.0276342371132784	0.00926452709570446	0.0334218797130457	0.0704710611570584	0.0629725286191514	0.0752116941623878	0.0607241208168157	0.0593130899390454	0.0565273999721202
mix_67	0.0526754621499831	0.0335301708593245	0.0317726393233504	0.0326804820928174	0.0430643235761409	0.014276670134371	0.0454631759861148	0.0512644515778521	0.0436943803524016	0.06727344431497	0.0536154598514814	0.0555742239235154	0.0250086960750553	0.00880870359376795	0.0346428312075168	0.0787348328108658	0.0678302954790955	0.0887858711400303	0.0637703814745272	0.0604972487794752	0.0470362552973434
mix_68	0.0491500152970678	0.0378616333643951	0.0253331076129493	0.0338246791579502	0.0580439932983225	0.0155820768379522	0.0549444347982507	0.0440938278128457	0.0264669093152046	0.0590697065704268	0.0504226971201843	0.0511688255914999	0.0279124788729834	0.00998098782234737	0.0444975506639983	0.076269465370465	0.0698293013500089	0.0803098137045468	0.0619870672176368	0.0657555136885574	0.0574959145324072
mix_69	0.0555443880678992	0.0366866669869744	0.0185392324543686	0.0335382907861313	0.0472985421266621	0.0149143023937253	0.0468559345575435	0.0324916747197876	0.0164960002666372	0.0668737135964549	0.0467053117664388	0.0610017068035566	0.0253742853527913	0.0100732343625394	0.0351707770562928	0.0969615249656183	0.0789632330716323	0.0943717458350917	0.0637743542011416	0.072084816919152	0.0462802637095611
mix_70	0.0444316744520822	0.0361784655852951	0.0300421892122418	0.0324790648370112	0.0656592672765422	0.0161030472556346	0.0579633342064078	0.0506834789803265	0.0338652215961171	0.0506088144807478	0.0523627638590096	0.0405929518339562	0.0284608891957375	0.0101641892598574	0.050520568122554	0.0751864154251922	0.069274810965066	0.0707704918843305	0.0598482766990511	0.0638380063234115	0.0609660785494274
mix_71	0.0489571961012999	0.0359038531346668	0.0296055441711625	0.0328185531088118	0.0556575098510707	0.0152324346414858	0.0562181332679796	0.0485943316232619	0.0339960314683317	0.0590423125648433	0.0515405518259604	0.0497949954620179	0.0269800443333752	0.00955210612225066	0.0431792848644051	0.0740464452999026	0.0669869451067033	0.0801097101777812	0.0619279386975268	0.0604782409488017	0.059377837228361
mix_72	0.0484475086582866	0.0343809215663928	0.0325125077938319	0.0315690203450549	0.0617535909827773	0.0156024478393536	0.0509745027054008	0.0557195946815535	0.0444446651777003	0.0560067081186188	0.0528792784644108	0.0493073718503024	0.0268335137272775	0.00957413633125359	0.0467488868015684	0.0708050077579365	0.0612750141635493	0.077064102047785	0.0617337634527444	0.0594236864848545	0.0529437710493471
mix_73	0.0486175842644869	0.0344628134853515	0.0270004166235545	0.0313414481094053	0.0733509643097595	0.0165738246192922	0.0488703033870616	0.0473299496518838	0.0284416368529731	0.0544600997317015	0.0500723656460384	0.0549323958731574	0.0277559595079895	0.010534684986023	0.0518561844226755	0.0772481077709861	0.0680078543110798	0.0719558573892991	0.0627062113473523	0.0662699859198645	0.0482113517900644
mix_74	0.0552863852988486	0.0333618754782226	0.0243612564658629	0.0341018479587547	0.0217355157921032	0.01322545062262	0.0430877330977654	0.0344998383486359	0.0273130675542077	0.0747102922481455	0.0500780571244739	0.0446730609055803	0.0237768803431699	0.00890115494036942	0.0177158872674538	0.104896585331727	0.0908168451048783	0.10410971282034	0.0707171888376447	0.0770562002163205	0.0455751642428757
mix_75	0.0529817958971877	0.0346816251498592	0.0312131023697915	0.0331899244586514	0.0434320161912654	0.0145516681978057	0.0474313576748873	0.0467438276246419	0.0369039801321188	0.0566382763502128	0.0531248820535458	0.0539871347963126	0.0258628238623018	0.00915604098857392	0.03443270710767	0.0869735958472492	0.0753888676619622	0.0822424834711011	0.0630341020626538	0.0686915654650374	0.0493382226371704
mix_76	0.0487717292678545	0.0360826627419451	0.033871444519956	0.0341519653536042	0.0585663307126337	0.0153018385629532	0.041199358224149	0.0572048150303889	0.0449604155534284	0.0663786065351488	0.0543402356866734	0.0496768941838391	0.026142497751611	0.00967748589872702	0.0419210260428217	0.0716170703334362	0.0605753433209197	0.0861497733162932	0.0633563608582499	0.0593901346092682	0.0406640114960989
mix_77	0.0537259310984381	0.03529195543982	0.0276490489676596	0.0346495991822496	0.0422226577409465	0.0140813527290334	0.0409720304601414	0.0440600733716813	0.0324023051809484	0.0668841072782196	0.0511014524092623	0.0533283567658091	0.0247667211783035	0.00916609998023685	0.0327033797092807	0.0899921869384441	0.0777304151993019	0.092095711572599	0.065500471841157	0.0695278233292282	0.0421483196272393
mix_78	0.0497124678105208	0.0333550686317931	0.0265638385715716	0.0309503310840843	0.0557750301404551	0.0155132422588522	0.0561553396497984	0.0458520408335377	0.0296809959901595	0.0575576587326769	0.0504190939316013	0.050246390037907	0.0267791011543985	0.00968166824160354	0.0429903549308687	0.079464180333158	0.0719430922132552	0.0803077002201307	0.0623206149791564	0.0653260746879142	0.0594057155665568
mix_79	0.0538570604908457	0.0346168003448808	0.0362155678089912	0.0325931373481938	0.0624698115176151	0.0156244112113458	0.0510767054538043	0.061003597934842	0.0509328494260923	0.0466610592248673	0.05527540962287	0.0678267295785332	0.0274725709944596	0.009622776001179	0.0459123676485755	0.0623642297203598	0.0564932832624957	0.0617433069427537	0.0578128713113793	0.0583496940006878	0.0520757601552281
mix_80	0.0577423519715937	0.0362571702533285	0.0366663541547389	0.0349597063567828	0.0370098901783781	0.0145195563333498	0.0471924132908258	0.0577935471641935	0.0496738315477663	0.0513368124522205	0.0588925717333385	0.0612216839141059	0.026456869951945	0.00940589031827711	0.0291950432488861	0.0740780410807584	0.0698934015686284	0.0733567156678917	0.0608253021027705	0.0639096884297274	0.0496131582804931
mix_81	0.0526105148409213	0.0368033743298652	0.0402681392672048	0.0346438140593646	0.0376470096559663	0.0148472530105574	0.0624864926286586	0.0621107176327985	0.0573641450146502	0.0490087722179784	0.0583311589455742	0.0524808936597901	0.0282075711005655	0.00937703465298472	0.0343315828992842	0.0611610743043013	0.0609431267375763	0.0645935161571225	0.0583006437418827	0.0545285796916922	0.0699545854512608
mix_82	0.0450974630226365	0.0434842777234037	0.0314453791293385	0.0343653874330115	0.0856285851839885	0.0185832445963158	0.0699822777656268	0.0590280942703199	0.0381146167032724	0.0404940326045917	0.0527048610906535	0.0464530478154235	0.0327070578515902	0.0113381386660735	0.0662921886800324	0.0469361284914936	0.0449305453295391	0.0528887900531062	0.0554681614647955	0.0510739839583174	0.0729837381664698
mix_83	0.0463668591598485	0.0392662491086818	0.0208754650993421	0.0348413531388122	0.0706898827690115	0.0169022223495355	0.0472505564679326	0.0406666342546744	0.0180561375995362	0.0562077160459257	0.049016128107886	0.0445043270898902	0.0282275831928026	0.010862621887025	0.0501939645550106	0.0866663566453742	0.0768612202482614	0.0800686650775495	0.0637755707053173	0.0724654358072034	0.0462350506903792
mix_84	0.0482601434213623	0.0376448497885509	0.027960603037027	0.0335500104714958	0.0575335190108922	0.0153999510293929	0.0495046369958646	0.0480783823144598	0.0322491840933563	0.0638565930303179	0.0510152843124616	0.0487475673921261	0.0270388664420984	0.0097129248839272	0.0435105000870632	0.0775856547933955	0.0670945258034144	0.0841695084283987	0.0637801957429532	0.0628835826638656	0.0504235162575763
mix_85	0.0483667915031979	0.038282603003718	0.0350066816357549	0.0344169815850979	0.0582561723316379	0.015667561207019	0.056731316931344	0.057719829425023	0.0448290599285214	0.0542489852844683	0.0549653839568786	0.0437745003650547	0.0281956938465562	0.00966137360916833	0.0463196521064044	0.067095807565266	0.0592193312703895	0.0697880296609891	0.0598411090828199	0.0571458240261403	0.0604673116745507
mix_86	0.051321563050034	0.0332316537929305	0.0243173606759036	0.0314495428766341	0.0551555140350033	0.0151704732008783	0.0434114257743081	0.0429978754342011	0.027796712964373	0.0661374578702779	0.0496824359889985	0.0554622901375707	0.0253419565528174	0.00962856874534268	0.0391906044414599	0.0879450719163822	0.0753237467205958	0.0902365051233389	0.064594403675082	0.0686321577891447	0.0429726792347232
mix_87	0.0553617890479918	0.031230991766422	0.0310551820294329	0.0353306722642507	0.0200709473756284	0.012529160695839	0.0239298203665682	0.0456284536808357	0.0414310522059369	0.0834060150010808	0.0521009695338008	0.0456631786320154	0.0206167669166617	0.00879314056072071	0.0138798554440513	0.109978303554246	0.0848236338733477	0.11295509204583	0.0722086988679668	0.0764351896800997	0.0225710864572738
mix_88	0.050585777109044	0.0331503138681833	0.0313541903240757	0.0343378879197292	0.0361536609276088	0.0138375700709829	0.0424631097215173	0.0479214355009207	0.039767274439877	0.0699363884742141	0.0544903908909492	0.0427467857736591	0.0241982639479402	0.00876814903078713	0.0281973813030313	0.0917701804630792	0.0784509275517723	0.0938409730984011	0.0649066660461017	0.0687566021462003	0.0443660713919255
mix_89	0.0563728175073449	0.0366776326021474	0.0386596730672924	0.0319861198376762	0.0491241058673106	0.01565440202021	0.0639055766614098	0.0594523148642105	0.0494004009652624	0.0406209888768391	0.0565398985105627	0.0745645153882647	0.0287069725126342	0.0100552342461301	0.041033041458649	0.0591629228069721	0.053661183001395	0.051395638244321	0.0567117105279797	0.0556217832065027	0.0706930678268854
mix_90	0.0495047264854978	0.0347405317257477	0.0252552535159954	0.0360790036412478	0.0318041653933559	0.0134520816687085	0.0359958072363298	0.0383773634591255	0.0286931463285768	0.083154309576274	0.0503749560121051	0.0378244522746513	0.0229367009201284	0.00913728076150645	0.0242774084646035	0.104395823438079	0.0859827920370244	0.107081354713485	0.0709433997704944	0.0750758543505894	0.0349135882264747
mix_91	0.0473000242491571	0.0360676819032117	0.0298395871811343	0.0349864774475844	0.0476829881915677	0.0144947269977754	0.0403765822268576	0.0482247046842437	0.0349075788009204	0.0703623781719599	0.0528819308835497	0.0385648224134925	0.0253618001198704	0.00935335178457788	0.035461060326324	0.088310109135463	0.0768187497947567	0.0938368014648887	0.0665957725981676	0.0685918465344448	0.0399810250900524
mix_92	0.0524436779204862	0.0361603098753175	0.0229141513937876	0.0338501173157346	0.0406761189022057	0.0146568060355977	0.0498455533911573	0.0386905561585246	0.0246872482024598	0.0656871531612701	0.0496647039876415	0.0499738241168758	0.0257597527137227	0.00941915054337357	0.0326049718646898	0.0919406310919892	0.0809703373027757	0.0914777834136573	0.0658488231346969	0.0703156964215998	0.0524126330524364
mix_93	0.0491012677978379	0.0371135640070415	0.0233026443858957	0.0306432022426398	0.0891304562375746	0.0178730084362435	0.0534162051965867	0.0473808449881832	0.0249900145222105	0.0473810550174088	0.0490430025313329	0.0664714164664273	0.0298324672355595	0.0114689855644874	0.061442252976576	0.0647705841467754	0.0586983477870833	0.0650809517068948	0.0591676990617535	0.0618485116960952	0.0518435179953927
mix_94	0.0522224226414525	0.0338742428132294	0.0258228153561736	0.0349719640343788	0.038110767388684	0.0137608776515298	0.0334267779585257	0.04187157924703	0.0295155387753725	0.0754338221233075	0.0506298964389115	0.0455188835914118	0.0237769395534666	0.00918205716403282	0.0283678639368431	0.10208583158403	0.0827880447841183	0.10415999742331	0.0679253839852716	0.0739852156608437	0.0325690778880764
mix_95	0.0483964205042286	0.0344163979468935	0.0238784565178039	0.0340666724627307	0.0423127893581975	0.0149410148243822	0.0481756015271328	0.0384219166143061	0.0245746598728405	0.0687904133446241	0.0497944874079614	0.0370401027678652	0.0256817645276947	0.00976876823002922	0.0350005713165818	0.0968422166541305	0.0824745149428835	0.0939562695608957	0.0675663466943272	0.0744407018868135	0.0494599130376775
mix_96	0.0526280890252151	0.0367253822353358	0.0327905019475878	0.0351615026618606	0.0362904894227642	0.0139177061889696	0.0497824913028522	0.0510180153300027	0.0423507083412474	0.0618130859867615	0.0548317793451287	0.0482135736477916	0.0259476732196061	0.00907850658630518	0.0294255504161169	0.0806608476598182	0.0739363782219323	0.08343292601395	0.0637519637362647	0.06393265454158	0.0543101741689093
mix_97	0.0534878071383918	0.0360940492772338	0.0324069582729341	0.0388508139855538	0.0289721011242521	0.0133339199984994	0.0260204634348213	0.0506264664679534	0.0423201765471623	0.0726884168047245	0.0554008850352336	0.0442500943154833	0.0232438073876613	0.0093862025196542	0.0208326043965922	0.100526537422793	0.080817316957296	0.102742617980392	0.0684438935676183	0.0754074540369867	0.0241474133287623
mix_98	0.0496563720920118	0.0347794648724942	0.0340539139716385	0.035930733124342	0.0426549797020422	0.014372982221911	0.0364994411075952	0.0533521229771198	0.0423959472035796	0.0628540736613689	0.0555743517290027	0.0389875083855341	0.0246041856186473	0.00923585364308707	0.0320350865737406	0.0922662843928783	0.0787262451226976	0.0894459658504856	0.0640037115132946	0.0718374277124234	0.0367333485241054
