B.cells.naive	B.cells.memory	Monocytes	NK.cells.resting	NK.cells.activated	Neutrophils	T.cells.CD4.naive	T.cells.CD4.memory.resting	T.cells.CD4.memory.activated	T.cells.CD8	Macrophages.M0	Macrophages.M1	Macrophages.M2	Mast.cells.resting	Mast.cells.activated	Plasma.cells	T.cells.follicular.helper	T.cells.regulatory..Tregs.	T.cells.gamma.delta	Dendritic.cells.resting	Dendritic.cells.activated	Eosinophils
mix_1	0.0204445526677078	0.00808470182187094	0.15861550713887	0.172388235000032	0.0126755179640306	7.84355072944293e-05	0.0087033963730183	0.386353157735636	0.00378203952798957	0.135877319871933	0.0407888265055047	2.56133995713226e-05	0.00694694655337885	0.000687652138994177	0.00587894982939005	0.00132017456190296	0.000738565114341657	0.00107879445685683	0.00658172418161503	0.000913218181142332	0.0269752720956681	0.00106139937325074
mix_2	0.0108347037453609	0.00593474875179043	0.20956955570619	0.0882521607264038	0.00507690524840729	5.1559312934507e-05	0.00749559053720926	0.379725723026475	0.0040101633517616	0.16634545515443	0.0577383677416929	3.67906235333264e-05	0.0101511616085747	0.001865714273031	0.00894268249241762	0.00114648942902202	0.000903670220924694	0.00101901896540616	0.00509126924370435	0.00145492656889518	0.0333141996676248	0.00103914360421107
mix_3	0.0571221785306119	0.020455723474471	0.0384571684010833	0.0953010504072798	0.00525848409100945	5.73293555086587e-05	0.0066506527752971	0.611298317390639	0.00338757288911319	0.123410793762634	0.00898842899485655	4.06686632272684e-05	0.00260067725980555	0.000576779628555034	0.000881931706381581	0.00238786087342865	0.00123159200578742	0.00220762646996343	0.00398146919405333	0.000313539414069174	0.0136445652461957	0.00174558946602865
mix_4	0.0870847213499957	0.0267016007138214	0.0781468094019739	0.102217910813272	0.00581602656768125	4.00682185724418e-05	0.00757155373204126	0.489202910944277	0.00311641277869011	0.148233291442268	0.0151479226624965	4.07054957632959e-05	0.00340525057484186	0.00109283506675891	0.00223381966027863	0.00384849015732137	0.00108259909665214	0.00144148210277649	0.00455610672872402	0.000295281814159375	0.0176745259928278	0.00104967468480749
mix_5	0.0558587770122425	0.0174118170337933	0.0563667069249363	0.148839125384034	0.010690743982277	5.38985473093427e-05	0.0102825046196782	0.428468726848733	0.00419210355668758	0.223422226399316	0.0141774232496757	3.63231499297076e-05	0.00312798272307788	0.00144644020444225	0.0018916585127284	0.00272025271874975	0.000635007050940239	0.000549779407185151	0.0048932488889597	0.000383810545614545	0.0136860920355951	0.000865351204094897
mix_6	0.0530213111357367	0.0172976754172107	0.0986222632420022	0.101058161521921	0.00677714701492823	6.25735386366665e-05	0.008759675333853	0.451104336248883	0.0038679056214987	0.200457766516482	0.0228502489700884	5.13278782479729e-05	0.00366838898935223	0.000545803201917077	0.00391528505133749	0.00244914858922917	0.000829668850108038	0.00121186627846775	0.00378002783567718	0.000588501797365976	0.0179308619351974	0.0011500550318588
mix_7	0.111199484762572	0.0327880659697498	0.0496909784172241	0.127865850357044	0.0086076333474617	5.94150388735853e-05	0.00613265443036467	0.471716769373613	0.00364533523036546	0.144207428176353	0.00955634401185606	4.68438574859979e-05	0.0031052809802026	0.000819288454024397	0.00131107424267488	0.00478101632862258	0.000885366011442898	0.000967932312306753	0.00510431975942637	0.000331165231137907	0.0161076815242642	0.00107007218293437
mix_8	0.118435185340783	0.0391289070612045	0.15026095790737	0.0141809582177804	0.000828249583993369	5.05042492441274e-05	0.00574935344204208	0.480587743864519	0.00514716938756251	0.0928175191120222	0.0377464703349155	2.7124215769458e-05	0.00676171814713136	0.00182753596393293	0.00587295859557037	0.00542687934664006	0.001246291389129	0.000910205624469027	0.00395990894254633	0.000902602132356636	0.0268045796341975	0.00132717750682077
mix_9	0.0225206312816685	0.0100391266013519	0.107311594602758	0.174741337383627	0.0133972482319666	7.02264043713072e-05	0.00747917206410693	0.441031519429905	0.0027375723534658	0.148483387317727	0.0278074812241377	2.67844556272222e-05	0.00614649564414457	0.0012736458256925	0.00408672590287122	0.00147490220572475	0.00116950607734584	0.000718045670992021	0.00601124300688256	0.000563808800010409	0.0220348923950541	0.00087465312056784
mix_10	0.132341180115548	0.0420015211145103	0.0627018692414248	0.0142654159687673	0.000414981998547172	3.29029843354632e-05	0.0101142157046157	0.480249146939532	0.00614188208969805	0.204903483811366	0.0123528947495122	4.43477641908426e-05	0.00330399135949787	0.00172319892324981	0.00246438994196725	0.005380515235454	0.000590326310779391	0.00129534779385693	0.00306913088997485	0.000397395178088938	0.0148884616555521	0.00132340022953023
mix_11	0.0297432227168234	0.0114481476676077	0.203267206665062	0.0837049847662347	0.00526491053353219	0.000106737102232595	0.00372664002019199	0.44614383970282	0.00436466100072061	0.0861092303347396	0.0536012600553258	7.56366028547216e-05	0.00911633527077503	0.00386236595802351	0.00868600898947181	0.00186940145285245	0.0020963888287545	0.00223043075886675	0.00578033627410784	0.00132568748266964	0.0369599288506702	0.000516638965663313
mix_12	0.00685290115748923	0.00421780427619115	0.137401441149121	0.0610530003938628	0.00583804715364993	4.20616640149148e-05	0.0127233635637999	0.472044366510031	0.0047103570078077	0.207226284602606	0.0378286552804844	3.08160621923128e-05	0.00631283239503763	0.00219147688751331	0.00544006159160575	0.00093476648765203	0.000751859317587493	0.000578512099311522	0.00435927018851587	0.000834793987552603	0.0278408425098325	0.000786485714139793
mix_13	0.154077418494402	0.0454937963110288	0.055278199873173	0.133877266196824	0.011491089983283	8.72832616888792e-05	0.00684893183460601	0.411000705072406	0.00678868893562589	0.123377251651213	0.015612836568779	7.02258810144661e-05	0.00339865433558403	0.00188537945374561	0.00201746512994049	0.00603173257382712	0.000821877417167394	0.000959571841989242	0.00578521524385852	0.000272332026190293	0.0135904173377796	0.00123366057587467
mix_14	0.139292237945384	0.0417814688169803	0.0562584426040025	0.0366853234096212	0.00224682920618588	5.42154327543259e-05	0.00971745081352942	0.433094423704298	0.00518743770793179	0.230732692466215	0.0125107710998905	5.52572435863893e-05	0.00295753807744537	0.00101490609873174	0.00286272191412353	0.00561619458901316	0.000628020807189724	0.000745673870788046	0.00288198877442843	0.0004708350374352	0.0142754132243222	0.000930157156142509
mix_15	0.100552856580221	0.0333768492974191	0.0280101057901176	0.20340687477981	0.0146884811851194	7.37284751412089e-05	0.0104119428452376	0.358480841232635	0.00388952162154936	0.209553533726116	0.00569489205001442	6.74027609785527e-05	0.0028096545891536	0.00097337151571617	0.000353486354967654	0.00412122015515295	0.000959045079674568	0.000687808033864734	0.00628219934897274	8.39282892568779e-05	0.0145558141127954	0.000966442176086237
mix_16	0.072469807210716	0.0237332527389291	0.06311514292426	0.0718040223279694	0.00518467718306096	4.84400084002206e-05	0.00830751105808172	0.552251220414744	0.00376755110550711	0.150439594689434	0.0141640029669573	3.92123774716168e-05	0.00301866349194587	0.000715764681675731	0.00205199030411826	0.00324768241127078	0.0011066547962025	0.00148935746029474	0.00427708658596445	0.000337863050512058	0.0169363627501721	0.00149413946231181
mix_17	0.184800833474703	0.0479594200424206	0.00695521491849485	0.0195834431895373	0.000686609494263227	2.90345142853294e-05	0.0069093830024786	0.479084868912093	0.0022582369410377	0.21915528261515	0.00272587914862315	7.43237096623336e-05	0.00233702274299299	0.00105063672554115	0.000191381807619358	0.00711297121999531	0.000273395049036953	0.00215147178977633	0.00257178938956391	0.000172051589610044	0.0125816616366496	0.00133508808646598
mix_18	0.0310295499937783	0.01207026791156	0.231599069290839	0.0452409278714673	0.0035780886721418	9.40873706248503e-05	0.0127554372472882	0.361102028790317	0.00942202474793309	0.151170579923193	0.0674937415200949	4.64662593911915e-05	0.0118176255849556	0.00229573982406262	0.0104934297091415	0.00234977982287065	0.00142472793655217	0.000872590844507935	0.00560613398258323	0.00158172125527189	0.0363591475221823	0.00159683391924421
mix_19	0.0829805344154274	0.0272212563011551	0.103345338941604	0.0686285727826368	0.00490162208238498	3.91230433315338e-05	0.00787879712480407	0.42172185232336	0.00713255583829808	0.21058459543783	0.0264270529939037	5.27313717930733e-05	0.00405285714846584	0.00074748858645047	0.00395234375100473	0.00376684005815488	0.00105065040491817	0.00100300831914387	0.0043788860673417	0.000522937568296985	0.018518686378241	0.00109226906145342
mix_20	0.0302195272973887	0.00935036463218632	0.0063630343277343	0.0886135071034529	0.00619513742986847	3.77992769371331e-05	0.0125011392618784	0.514159282217997	0.00293993977943275	0.305428989132644	0.0013788976643618	7.43487180119338e-05	0.00125050263823462	0.00136779655270895	0.00013118772635506	0.00177313017484025	0.000913656635975392	0.00103604402019092	0.0036696532075457	0.00017210948131542	0.0110456277596988	0.0013783249612415
mix_21	0.0890849738330149	0.025680588666975	0.0503910856614106	0.0536490457937104	0.00315651222754416	3.00078233095647e-05	0.0117637904307239	0.474621598076999	0.00682749688506635	0.241524555237257	0.0138229104927937	2.13136392748954e-05	0.00288203029783502	0.00108585667777155	0.00194118493382973	0.0039534034344462	0.000685881987856649	0.000798048645046935	0.004029501959175	0.000273888828630886	0.0125323860104752	0.00124393845685352
mix_22	0.101195633410314	0.0305434587914934	0.0898485034453581	0.158801350130843	0.0114832275059691	7.70007450055876e-05	0.00714912243714465	0.3638150418606	0.00302483923248787	0.175653754344705	0.0188439837734669	3.30509615680922e-05	0.00359802545901731	0.00140729572205523	0.00261604396482614	0.00444046553844508	0.00109420078950499	0.000887205153846194	0.00568866078380438	0.000560907286434362	0.0181866375968777	0.00105159106623298
mix_23	0.118198057229859	0.0398160941654943	0.106177880956275	0.0458243499431979	0.00448222352270188	4.63783921583148e-05	0.00661759685843279	0.483715154083868	0.00545844739813541	0.119578258762598	0.0270613754870993	3.37320154760492e-05	0.00494854032853248	0.00167823858164887	0.00330368465662528	0.00570488160666672	0.00109094758286857	0.00159350635748487	0.00334234952370509	0.000512200977758373	0.019195573586821	0.00162052798259241
mix_24	0.008708470488436	0.00587419901672019	0.275312200392442	0.137087327054587	0.0150210349274248	0.000138042371518814	0.00830144106141107	0.286726480627233	0.00298982232412487	0.11248930934798	0.0700301872300587	5.18115848398483e-05	0.0121750199687233	0.00265757357616438	0.00949325247952579	0.00120103686634386	0.00129983579403747	0.00189862155983588	0.00705042150889581	0.00158219035814276	0.0389332510858798	0.000978470375675347
mix_25	0.0205712200908494	0.00824905090619428	0.105751471388681	0.0159558496364586	0.00221325889281929	3.65023165876638e-05	0.0104167545639054	0.570530602804735	0.00283906522222644	0.196155656351251	0.025987094576414	3.32974162288832e-05	0.00432237612167876	0.0013208650228293	0.0031427031563903	0.0014941377100816	0.00142480775259866	0.00144407258309371	0.00333278815245484	0.00061318148020393	0.0228372548133923	0.00132798904092599
mix_26	0.0177300816960202	0.00566212008261247	0.0103819331262806	0.234902707858781	0.0168904321672824	8.79772301675835e-05	0.00874101591425724	0.516600690682805	0.00290456839257132	0.156036111806138	0.00261818714165102	2.74058868916896e-05	0.00156989701538424	0.000735775689971394	0.000242520588095541	0.0012728815190081	0.000998301142651056	0.00171263417235232	0.00619727448378454	0.00011651837388014	0.0135543378201745	0.00101662720923921
mix_27	0.159444000681571	0.0484835427758691	0.193650817390585	0.202790912180417	0.0142542843323994	0.000118847650084363	0.00257703929521261	0.203872184426253	0.00744802871601061	0.0567473545312243	0.0473194355663461	3.77090728533621e-05	0.00876424206498901	0.0018848543627569	0.00555127675505257	0.00734877038812296	0.00134077133963663	0.000384800309090987	0.00811745531780708	0.00102196152714976	0.0273763183260604	0.00146539299050823
mix_28	0.054517944248097	0.0168711165872042	0.0094841967620471	0.0975839935714794	0.00914190658560385	4.0720100509804e-05	0.0091018351014306	0.548338163118175	0.00214364502247761	0.22494263199307	0.00280354141261854	3.71479084400532e-05	0.0017731046041713	0.000539904311434331	0.000311058527201734	0.00242379701235781	0.00110052894897611	0.0019851503463281	0.00375441289103186	0.00012705056231784	0.0117163266921135	0.00126182369291437
mix_29	0.0491734178900339	0.0165340188097478	0.100245346431385	0.12549259641362	0.00768030868821898	4.63850544109518e-05	0.00965533931020801	0.462797598645369	0.00611689815906615	0.157759141468464	0.0231963856338734	4.19680119050383e-05	0.00410575368416366	0.00112673029113029	0.00334059625134606	0.00249275391888002	0.000436771357724127	0.00131789422599624	0.00596406603696366	0.000451704602205925	0.0209359211559215	0.0010884039593666
mix_30	0.0693672116718701	0.0215050959552191	0.0950413707038531	0.0941134159219321	0.00587551628604384	5.06086308744679e-05	0.00767523083240931	0.46317061801917	0.00308747374997919	0.176321748370276	0.022289440093638	3.90087594091978e-05	0.00473413150327711	0.0014364362091171	0.00344208129956476	0.00313894150016078	0.000872666503951242	0.001126757263387	0.00496894263857641	0.000505785326495173	0.0199840091478714	0.00125350961292461
mix_31	0.0500704657957059	0.0159963003561812	0.110252976701393	0.0759971933998193	0.00374800918841906	6.97834796196072e-05	0.009232492138902	0.557779015571234	0.00542759661837272	0.0983688762443192	0.0285510565646744	7.05993499051791e-05	0.00564101304217026	0.00127787056905448	0.00364638901877059	0.00220164551430049	0.000657095815176481	0.00217987406364352	0.0047168366510172	0.000714874834542109	0.0220301342467857	0.00136990083599362
mix_32	0.059933313738368	0.0186298036346758	0.0689663315695314	0.0944091727883862	0.00607254847679851	4.39149866280029e-05	0.00816658164885235	0.51247880206491	0.00431941013180032	0.174361242062638	0.0168954296501483	2.86341796678881e-05	0.00347581619808098	0.00118666432678881	0.00181980323500104	0.00264823316653121	0.000946514422150253	0.00152961677413804	0.00475422130188504	0.000557862700833037	0.0176439171646478	0.00113216577753885
mix_33	0.0873803845555321	0.0279320005903364	0.135194206814562	0.104395230544892	0.00786945146287745	7.81059236917258e-05	0.00645549184379104	0.465453377473065	0.00355750788965818	0.0778385362787789	0.0334045480563612	2.61225377553823e-05	0.00612165665771137	0.00165511792511894	0.00445091985494663	0.0040165367417021	0.00144902376907749	0.00150609848258653	0.00579776318320803	0.0007610267050395	0.0232703759903315	0.00138651671897659
mix_34	0.0107285284317832	0.00561151857665627	0.180016733990854	0.128050480538913	0.0128367888863159	2.23135019755855e-05	0.0106235176786783	0.405117923529912	0.0044965026406314	0.135696062086799	0.0476838235952233	3.00748987932567e-05	0.00863518060147998	0.00146805747498249	0.00691452871385728	0.0012693507463104	0.000914927421889473	0.00184557158704904	0.00572295332519817	0.00117278450685108	0.0301114308345209	0.00103094643132579
mix_35	0.0386768873020387	0.0141255522127948	0.113800917023139	0.0905908377564476	0.00857403519428426	3.94528312192734e-05	0.0100106384415313	0.422517749791181	0.00403193116566997	0.231377492133075	0.0286637196779495	3.48322566855257e-05	0.00485556324997492	0.000935154107485747	0.0037248817124673	0.00209878646817456	0.000737952517618919	0.00071299118955218	0.00424391192747753	0.000572065032021937	0.0187871867538764	0.000887461255334239
mix_36	0.129695036082186	0.0390604321986559	0.060300329186436	0.0623884153731621	0.00451278100020978	2.96326520724625e-05	0.00563376555976251	0.59386104365138	0.00566114228582566	0.046719666284498	0.0105274629962866	5.87094688119682e-05	0.00427129157714175	0.00157619419848364	0.00153901158973852	0.00539340052624327	0.00151940242621074	0.00201109774445793	0.00557668773532498	0.000365784879111033	0.0177390011403523	0.00155971144364939
mix_37	0.11873117684999	0.0398728906678851	0.0728027304193943	0.0369322146530996	0.00312354251420591	4.37580880268386e-05	0.0054434179475582	0.567542663169633	0.00520594490234036	0.0889685166354675	0.0204456151940134	3.12368368883978e-05	0.00365531907593533	0.00083862658066556	0.00233708934024048	0.00537054397775689	0.00101787978117721	0.00148677895064057	0.00505910471773233	0.000412116433210257	0.0192413251432132	0.00143750812092595
mix_38	0.0358373418247359	0.0131161522166157	0.0209807850516504	0.166159777967285	0.0122358792291275	8.3250884604097e-05	0.00712278742518617	0.600118974101066	0.00232014894686977	0.106135955685274	0.00534861686949808	4.02066012524722e-05	0.00232297836366724	0.000569077717128476	0.000391165448095679	0.00171793170594797	0.00120406814320517	0.00217674859613399	0.00608779100671034	0.000133185479710923	0.0147626091785579	0.00113456755767724
mix_39	0.114911259896652	0.030941775732075	0.0273968442485128	0.178229563135987	0.0120741315909591	5.76866440269921e-05	0.00815789954576053	0.381410436907633	0.00308101830200761	0.202868343329419	0.00865640050448854	5.33919490330642e-05	0.00266439432170806	0.00208743656574963	0.00081093497350374	0.00440464414738534	0.000732023598306108	0.000793416578251827	0.00587216000275317	0.000242558641449092	0.0134227172413715	0.00113096214296808
mix_40	0.0876608796848374	0.0288103952812016	0.136336194420563	0.0589679580805518	0.00333937431554918	6.05889889739189e-05	0.00438095785510924	0.545855894223929	0.00608060714430766	0.0407669364482653	0.0343054751292869	6.19065088269213e-05	0.00656334177765142	0.001662026280188	0.00396281024801512	0.00406397942059032	0.00159377123496872	0.00211290783888855	0.00514073443456796	0.00052810180768653	0.026428288593537	0.00131687028250496
mix_41	0.0250158975676908	0.00733301315535646	0.144798008622538	0.140016898909529	0.0106170288893281	5.51082610448306e-05	0.00889276750287351	0.383941090921622	0.00428619227533165	0.191064873069206	0.0359655434994047	5.59397099390747e-05	0.00658581417123091	0.00150183348708569	0.00507827836972939	0.0016574890352109	0.000776744742705267	0.000570833914658205	0.00526114326556994	0.000833654807161595	0.0247124091856962	0.000979436637087302
mix_42	0.116226543295006	0.0323142825990321	0.0139919320334405	0.0782509876611636	0.00561100494292701	5.56168366196473e-05	0.00906451568049077	0.518039760519969	0.003503946268725	0.192954861701426	0.00325406805994712	4.58537468743292e-05	0.00130108382417258	0.000876021654773797	0.000587540768434211	0.00451403369512169	0.00104193289883826	0.00167202762357922	0.00373331550158939	7.55343644744407e-05	0.011565822475384	0.0013193138480118
mix_43	0.00949238266197755	0.0046415518954107	0.0546082223629761	0.169467329566865	0.0130898723327296	8.48529034463451e-05	0.00882274383869113	0.488067113195015	0.00143764552328488	0.209504901429485	0.01002957701525	2.49134178972007e-05	0.00420404422247505	0.000668859479545506	0.00178763011961973	0.000834880889099832	0.00114008308878828	0.000702965187317957	0.00552246710192862	0.000321840437123538	0.0141452557192267	0.00140086761184691
mix_44	0.0251991866900578	0.00973939657693031	0.0568539259274373	0.164922927585564	0.0109469161088312	9.30741468776414e-05	0.00813160306174635	0.578674068303405	0.00291590115284706	0.0903662597789611	0.0147795453412113	2.67285314112574e-05	0.00405311621512166	0.00135661266696892	0.00141920867240752	0.00149821047327905	0.00142296648168144	0.00128013290398403	0.00687613863365424	0.000290400135314266	0.0182295472760324	0.000924133336276301
mix_45	0.00486724923057579	0.00308102199726646	0.0935478248478064	0.0203130765665407	0.00168376428215534	1.79715876514122e-05	0.00830591539475951	0.629702253477885	0.00342339666398709	0.174504152571251	0.0208838825891928	2.42227186195044e-05	0.00388653245855702	0.00113529747248454	0.00356662167294937	0.000760242129539013	0.000942206048871294	0.00177424604128298	0.00349371658414297	0.000569284037285602	0.0224375149444642	0.00107960668273185
mix_46	0.0488969532365263	0.0141258061960166	0.027170502683225	0.103851226160815	0.00691931645781868	6.74975958023987e-05	0.0107159705732883	0.463801110797635	0.0033017647142399	0.292504637733052	0.00523798612577872	3.84786571359071e-05	0.00168037250355906	0.00103305033021682	0.000807386439852284	0.00241359871276826	0.000903390874355218	0.000392653492619165	0.00412108418716671	0.000254308079758166	0.010719595669383	0.00104330877898793
mix_47	0.0855796947527032	0.0283395382734116	0.11560176205306	0.0403212696311643	0.0040113005048494	3.56230085744567e-05	0.00878263805833987	0.493934326866604	0.00468359751310117	0.145324069932272	0.0285814239046746	3.2323857827908e-05	0.00550113025652847	0.00128904657108393	0.00364767871018039	0.00394991206945376	0.00138953610866903	0.0015120001076834	0.00424420382377856	0.000529246152109221	0.0213336603451745	0.00137601749875595
mix_48	0.148680973809903	0.0478060700230581	0.218171030680003	0.229886649408957	0.018371371422555	0.000122676054935599	0.00332179063304603	0.174837180955167	0.0073998882800889	0.025477214262931	0.0529595503247883	8.71467996966252e-05	0.00939221685965063	0.0023396614358438	0.0078002798772221	0.00743997365173197	0.00143987808174683	0.000889285069138524	0.0093603162139291	0.000945012849611673	0.0318058071675703	0.00146602613842547
mix_49	0.0986868557396364	0.0332560463335337	0.124366692565592	0.161381116467672	0.0114385233305132	8.62919515449545e-05	0.00544671959461119	0.33137886105321	0.00543583090676259	0.150591047986998	0.0294196541660962	4.63787113242938e-05	0.0057760598559458	0.00124514592282595	0.00496197824385265	0.0043117661810974	0.000982102633904121	0.00070867770250475	0.00632748244545684	0.000702580400083518	0.02227740892758	0.00117277887925462
mix_50	0.0898754366229869	0.0268293019981538	0.032128840718764	0.0199000745807108	0.00169475813285807	2.1549882450721e-05	0.00895439682343868	0.608812934781455	0.00477980756900786	0.167470984304482	0.00892957858483869	4.35684995404002e-05	0.00267153776451646	0.000779799438396743	0.0011640577933865	0.00369240777216389	0.00116442009507622	0.00143200151984608	0.0037744616475638	0.000291623848089192	0.0141839413868938	0.00140451623538026
mix_51	0.128633685882843	0.0431718907808153	0.187181955599169	0.207958569752342	0.0158937534612519	0.000116876560694343	0.00205975719764341	0.275172140953313	0.00458848098222662	0.027726291361103	0.043799397127258	5.49105316259625e-05	0.00829995739594595	0.00213477449897669	0.00618035653494954	0.00649715867571573	0.000924448643836777	0.00185858662446581	0.00732169113265584	0.000944658373256093	0.0282813380455562	0.0011993198843562
mix_52	0.143993541319992	0.0397629123663175	0.0193427623156855	0.145424360955233	0.0086915841822509	6.95165894233973e-05	0.0066215040529041	0.477361550166428	0.00337156470456094	0.116001574250448	0.00469420807239883	5.84269203303005e-05	0.00155569584432572	0.00109993889974752	0.000969884715289565	0.00569142030724547	0.00132783225036577	0.00175138017052753	0.00606831771125095	0.000174013488666855	0.0144685604348145	0.00149945028179401
mix_53	0.11497738635932	0.0416978398311171	0.15883577752422	0.139143186143581	0.0108638740672872	0.000113992138363636	0.00553670053347573	0.337752535712438	0.0054294707008131	0.0961932973603757	0.0347348191671309	6.41763324874071e-05	0.00707274544328818	0.00252604198207058	0.00673824273242081	0.005701438617898	0.00107337377686047	0.000342704184168475	0.0067364324840306	0.000790019714230804	0.0223439195894312	0.00133202560499075
mix_54	0.0998744761617135	0.0288524580581923	0.0150984220369187	0.0348810552580123	0.00246353527704772	4.31787793072935e-05	0.0104627597223413	0.470696148538762	0.00335834495257644	0.310085264760162	0.00341262418993043	2.16067809459622e-05	0.00224731077809875	0.000580085009523877	0.000533976955141802	0.0039837063143087	0.00040658040186462	0.000415031140245693	0.00266126464833444	9.41504580593824e-05	0.00916427098794868	0.00066374879056417
mix_55	0.101763294719856	0.0340229682086632	0.141900929071448	0.125358650742988	0.00958641984423815	5.64403446275867e-05	0.00603153953621188	0.382110474010996	0.00213557771474804	0.113475763848629	0.0338848811962518	5.7953668327686e-05	0.00610275077639065	0.00099356995565332	0.00419430389455278	0.00496107992775567	0.000951590057752395	0.000591385250233269	0.00559352616041931	0.000838256035791115	0.0240273203602517	0.00136132467421582
mix_56	0.0476392879360888	0.0149718970731932	0.070561301476708	0.00985944716981258	0.000521354324224432	3.26088275028146e-05	0.00854378230762929	0.617363674615922	0.00331916456428114	0.178194402409356	0.0146060298329534	4.39512895818398e-05	0.00316149578522746	0.00117997605934135	0.00294300407051388	0.00224281014999943	0.0012148560480346	0.00177449482117355	0.0033343195052943	0.000266742618274323	0.016883790435606	0.00134160867928195
mix_57	0.00713572897506738	0.00384527294050042	0.127545582526198	0.141363094800708	0.0108442462800896	8.86338783908773e-05	0.00617040602571271	0.517641338860223	0.00236754595765099	0.102554083273922	0.0299870238089324	4.10279591724499e-05	0.00660099639896074	0.00110149235773798	0.004178611278586	0.000848322616037393	0.00138761974197433	0.00222386439268378	0.00620544809394086	0.000722651215831223	0.0258903008290131	0.00125670778866719
mix_58	0.0654282325744936	0.018804790628584	0.0564449841865769	0.156116660642268	0.0085792331890972	7.70149806130014e-05	0.00816193106404422	0.469485780906687	0.00296851833885533	0.16545956048748	0.0148328439554081	7.73473247860971e-05	0.00259484140286037	0.00138109262609558	0.00157962098504105	0.00297400687107664	0.000915150187165877	0.0016235686287931	0.0050331199622918	0.000179050941375126	0.0165977994760191	0.000684850640386684
mix_59	0.00920915448813753	0.00494716721506899	0.120498094495788	0.130876863965505	0.00886204217916478	4.62421163876168e-05	0.0109222974984206	0.401652063262186	0.00359660418053025	0.236666907982766	0.0315068402590825	2.4679700474913e-05	0.00610051757917328	0.000662584783954676	0.00486854940882074	0.000984087009462258	0.000713045659878436	0.000636009640952911	0.00516124626449174	0.000798864519246286	0.0204575871553507	0.000808550635157335
mix_60	0.115036778625853	0.0366574308134746	0.080188670727058	0.0120496320399078	0.00116853399625255	1.50678109368498e-05	0.00982532683531773	0.459830765580798	0.00481414265950917	0.222733095502962	0.0208483019621416	5.10709338132072e-05	0.00412933355373035	0.00137111970549986	0.00230559271403682	0.00493913016948366	0.000827642981680812	0.00120890716817785	0.00290101854061334	0.000466903560858442	0.0173283995133535	0.00130313460454133
mix_61	0.0883728367837076	0.0245541495620316	0.0115613167446378	0.0370289443847618	0.00317460291531782	3.15654292832911e-05	0.00695029213011488	0.672425108289999	0.00570972019363269	0.1179954394813	0.00188822131542246	4.25449618844857e-05	0.00185601326808449	0.00214439746549373	0.00025478250118129	0.00340607062197791	0.00156129413353246	0.00228052398369678	0.00398968891359088	0.000140749796217334	0.0130547050212574	0.00157703210287394
mix_62	0.0787374213180945	0.0211627277320846	0.024127222425454	0.144653310629305	0.00878388698253381	8.23375026704373e-05	0.00902965604491373	0.59089776214755	0.00430013476158402	0.0769378350260696	0.0055477775865871	3.78816723302428e-05	0.00239156728857562	0.00101702286469359	0.000794780918567366	0.00353205973289793	0.00129217852925812	0.00208888446939243	0.00524974438014014	0.000213260592193648	0.0174670829865709	0.00165546440853261
mix_63	0.0184514826093561	0.00613983782323708	0.136550819293422	0.0931391941191164	0.00418782777092566	8.08828013224336e-05	0.00840222454982208	0.477064057396163	0.00502141673815416	0.165414252947089	0.0349455274229999	2.63986379618054e-05	0.00610294349815656	0.00172917902037867	0.00548181357626023	0.00145838342107513	0.000761609345914428	0.00199044514586492	0.00474467114303091	0.000797543089040915	0.0265763936237804	0.000933096026928769
mix_64	0.100827871485564	0.0331447872365885	0.140454080058338	0.0131679890302711	0.00122283793070667	3.94165997775064e-05	0.00459527786965631	0.523005302370193	0.00506908060772962	0.0895900492670303	0.0358142814810114	3.70837239724871e-05	0.00656155643243019	0.00187116323051109	0.00506840464270516	0.00452724630714166	0.00160405077848588	0.00216584473378637	0.0039100982539198	0.000805176737665405	0.0250959921614345	0.0014224090610803
mix_65	0.0569983750105125	0.0184275732673593	0.0752599648702721	0.243594390853683	0.0168323290961265	7.47019132433284e-05	0.00676325778661098	0.400791804744941	0.0058101409375915	0.116925119650183	0.0183916323677783	2.67000768023325e-05	0.00387982512606011	0.00201915265682578	0.00239923734712244	0.00284365169059387	0.000358823928983802	0.00129990253261958	0.00747166389505855	0.000174100048645025	0.019011347624686	0.000646304574300778
mix_66	0.117374183105679	0.0372475946360266	0.170797633448723	0.188766981663272	0.0130325986623802	0.000102989736667304	0.00545399032970424	0.274913694804326	0.00412364659244378	0.0907451962805564	0.041530510321942	4.81875776345067e-05	0.00637447753204487	0.00129370920642712	0.00553962148585516	0.00535463256034221	0.000969772865140977	0.00141651097649908	0.00696070417507767	0.000906337138233116	0.0258071663989267	0.00123986050209778
mix_67	0.122137656343616	0.0338213230493579	0.0190195047510967	0.150651916736176	0.0119544123354671	5.31590617269791e-05	0.00413323290066804	0.458420714087256	0.00515112984175347	0.160083525323511	0.0055785717440917	5.52193103747331e-05	0.0019082247096558	0.00102319278764072	0.000614550598027976	0.00473371530431881	0.00111471519905308	0.00108202493537355	0.00523270716555238	0.000245459035282957	0.011724977811029	0.00126006696897023
mix_68	0.0260859534000415	0.00736260084134555	0.0283168552540443	0.176779815177452	0.0127886769223412	7.1396716082469e-05	0.00848030509707453	0.447919476259995	0.00337572668420766	0.261112101711296	0.00545479096751679	2.10596560571931e-05	0.00251357322186439	0.00105619142115197	0.000504622783039532	0.00126793028059452	0.000803065501272209	0.000596950514599453	0.00501740162165825	0.000222764502355315	0.00946566939159562	0.000783072074414423
mix_69	0.0948784155818429	0.0294561411368954	0.1426149868195	0.0345508190716348	0.00354631593728958	2.76704689498199e-05	0.00936366241190328	0.476422539943357	0.00413873974954361	0.116729422158129	0.0363256740695601	5.45083714805648e-05	0.00633072558404623	0.00100127767270128	0.00523856860885762	0.00426298124771298	0.00116792402413023	0.0020625675510801	0.00397727376619403	0.000836780329527435	0.0256095166048393	0.00140348889082536
mix_70	0.18464539883253	0.0578886908311344	0.105237958717695	0.379931999254805	0.0266613165196076	0.000143335510089881	0.0024593644305801	0.134371956671366	0.00547867823012945	0.0299642237970234	0.0230521023824586	0.000142794447545403	0.00479615681706807	0.00254893561051735	0.00433693454898147	0.00750722388280952	0.00172132730580519	0.000968828372302966	0.00814323437628785	0.000816957839424378	0.0175235280883277	0.00165905353351097
mix_71	0.167274636159134	0.053175216459072	0.206553785564937	0.0139837766134287	0.000707750988190075	2.99285202851896e-05	0.00522878115217006	0.312402365133914	0.00780217197043199	0.106512480293446	0.056487785523889	0.000106187987990819	0.00889578896733936	0.00202043431126747	0.00770165606567353	0.00785753620396165	0.00166414590959858	0.000411634002243304	0.00512849143847903	0.00129107740115323	0.0333180312548643	0.00144633807853027
mix_72	0.213704904376289	0.0590631801252163	0.0412669239598222	0.0346051243318406	0.00516155146325342	2.47063286315072e-05	0.00404928257616658	0.508965590507805	0.00716010464978282	0.0725452002154832	0.0114315576820837	9.14160118232659e-05	0.00380166465767273	0.001696925742915	0.000947037917442127	0.00843857979660053	0.00156698564493798	0.00192089187563556	0.00346227712441449	0.000211618475738898	0.0184448756157559	0.00143960092068986
mix_73	0.143159509801222	0.0453464967223239	0.0662724377730867	0.207637411080332	0.0183283770458289	0.000111120261681451	0.00642096967605842	0.299754638374227	0.00509386729317398	0.14464608358387	0.0206869230807512	8.82732513212012e-05	0.00389594045505695	0.00158367971517418	0.00260696564366878	0.00591913433683515	0.000832973469589329	0.00121669321262591	0.00768498915712078	0.000418855373007984	0.0171558509226031	0.00113880977044072
mix_74	0.115085864333977	0.0385952327127273	0.0992618336034569	0.10342059456995	0.00942851215474463	4.54350708328256e-05	0.00306198375059269	0.495804506241504	0.00682112154945062	0.0561003948957257	0.0265363535122006	6.12389376825205e-05	0.00536820786833468	0.00164410375787309	0.00440611919922305	0.00500212337713944	0.00193019223521974	0.00182144197472723	0.00629510781919087	0.000413196937819255	0.0173182175789365	0.00157821791869153
mix_75	0.129433142335519	0.0408048758282807	0.20466558696541	0.143335529810127	0.00845310738593741	0.000123194672129728	0.00357052976048985	0.314003074981092	0.00795399958850789	0.0257446312442475	0.0519869730381979	5.67377189337098e-05	0.00970410722046718	0.00152325792122101	0.00674528396181572	0.00620104837394065	0.00151049816050946	0.001954456786069	0.00748955368016722	0.00123327786271869	0.0324342559670378	0.00107287673718169
mix_76	0.0270646470084373	0.00807173968590077	0.0476045110229687	0.150806214349001	0.0115408256528393	8.79088879687421e-05	0.00867317148558054	0.493510310104701	0.00144654767802824	0.211048830802234	0.0126076348657236	2.50676861766303e-05	0.00185250673380946	0.000673001175458745	0.0018473838923618	0.00162144810023529	0.00137533318481745	0.00120909042754241	0.00467636903472527	0.000162868237731808	0.0131847657454603	0.000909824238297373
mix_77	0.0291405002873652	0.0103523714344098	0.0138132569591417	0.100159687046547	0.00659113423560774	3.86236345828577e-05	0.0114939382423805	0.577700735335218	0.00213511446495086	0.220187651787333	0.00284564898059129	2.02209737826125e-05	0.00157143249866878	0.000993354430328601	0.000443875010107099	0.0015833850366098	0.00083257548444425	0.00139611401159151	0.00397798030691233	4.68094326637823e-05	0.0133957828867916	0.00127980751997148
mix_78	0.0781621180306269	0.0242213911228482	0.131218627600709	0.119086150884707	0.00829998317710762	7.21477593068508e-05	0.00773035095939379	0.375754850549742	0.00460846576907484	0.174027809589281	0.0316836843491471	4.74471701155659e-05	0.00539629037617201	0.000845016749769013	0.00436141803568233	0.00372252392016651	0.00112570009502096	0.000321183555547443	0.00530556110360065	0.000727522401288812	0.0223108678013638	0.000970888999329001
mix_79	0.0220322321078003	0.00987682018206994	0.153059438840545	0.0652549403261235	0.00417419151527489	5.23821758239564e-05	0.00922168423664449	0.476298722893835	0.00407416371202602	0.165308620136529	0.0399166847494364	2.79675327466947e-05	0.00698840134798024	0.00189549021359762	0.00473063396152811	0.00148780018640977	0.00114800223563072	0.000979215986536102	0.00421252340248533	0.00103328078583374	0.0271206681756814	0.00110613529546173
mix_80	0.0996694669562185	0.0307398825261408	0.0596261017519504	0.00914079475570539	0.000574155822992016	2.42792090467013e-05	0.00957460012277419	0.514551196487051	0.00356458316640616	0.226058259567108	0.0141941677757683	4.74319169591772e-05	0.00333229713931919	0.000878562266992847	0.00204317554172196	0.00437982775347509	0.000856675696755365	0.000934264552653258	0.00254846851302721	0.000283862560781193	0.0155961130744717	0.00138183284268141
mix_81	0.0516177013295516	0.0150934299169894	0.0581358993372121	0.0203312035875433	0.00114728085430756	2.49407220628046e-05	0.00885099515891529	0.6219603758133	0.00470874120871355	0.175378435284778	0.0123725019508029	1.95248838051761e-05	0.00224699056862934	0.000524191569137685	0.00171863690164792	0.00224458883484505	0.00113627365593806	0.00165971245824559	0.00263927766480444	0.00026671117834734	0.0166406353789842	0.00128195174143868
mix_82	0.0900442588860821	0.0278429736247668	0.110140211005976	0.0475595025734004	0.00517596011312239	6.88778139137018e-05	0.00324820772497102	0.427698276423282	0.00355451112174598	0.214760266920625	0.0284698293914526	6.1597257155551e-05	0.00604234630782722	0.00165372368947907	0.00343110643577242	0.00366433529355748	0.0011234671058278	0.00094733885728046	0.00397438513936833	0.000608558817452948	0.0192350469878109	0.000695218509129904
mix_83	0.095276806314582	0.0290060310982335	0.18614233061473	0.129629066377817	0.00867016634776867	5.68876818371691e-05	0.00580752199665668	0.372994700502276	0.00240576647164757	0.0701101354201746	0.0424847327115596	7.66751572974888e-05	0.00714595445777427	0.00111927431628455	0.0059583852723922	0.00449761189108657	0.000535666290561298	0.00151279277601888	0.00690050393552762	0.000700531376589399	0.0271938448360929	0.00177461415309184
mix_84	0.0724972274205978	0.0224999249595862	0.072134074629167	0.0292676893743102	0.00281568480183036	2.9494812737425e-05	0.00773732341443015	0.543977959193602	0.00376515308604097	0.192883826179711	0.0173199185330812	3.97541143014975e-05	0.00403139315710943	0.00138984099031731	0.00200078826225407	0.00318864679598777	0.000848882723158183	0.00108842840917714	0.00370750442648911	0.000311579016243906	0.0171523227239722	0.00131258297589489
mix_85	0.0489270412624396	0.0163106657039352	0.0697011840634321	0.0241771852537933	0.00208651741266798	3.31564144353195e-05	0.010675378548824	0.564572288298345	0.00345282509210092	0.211585429273978	0.014176720399306	4.46893459207155e-05	0.00305280799539423	0.00160641462492604	0.00207036933732897	0.00230192409454987	0.00113452889598015	0.00136618237196803	0.00388691333981418	0.000412938887511075	0.0169965740392874	0.00142826534406232
mix_86	0.0241430220181274	0.00859678266795889	0.0336377721250915	0.11699017063965	0.00713485565704789	4.5762254190973e-05	0.00675061102566766	0.603344576899976	0.00355928161579164	0.160943009026481	0.00625223570443406	1.81215956765202e-05	0.00159710015910785	0.000843593677595709	0.00088808932878001	0.00135413779651232	0.000954151083221154	0.00184581593672945	0.00502669543409597	0.000246694393303266	0.0147110514793178	0.00111646948124266
mix_87	0.0401377854486869	0.0132878805383549	0.0957534760900585	0.0091630770819949	0.000811041754222976	2.24485236896663e-05	0.0086868078581994	0.589395812758321	0.0026674907140276	0.177689769897898	0.0232864915210762	3.02568856633731e-05	0.00448232264340552	0.00124104059156412	0.00340967829456428	0.00188175307777383	0.00125506866928681	0.0016745662096001	0.0034443229462652	0.000610917664462724	0.0198637040195853	0.00120428681129895
mix_88	0.06703867450521	0.020786726712365	0.0505925225615132	0.112251433589334	0.00853843115976416	3.66557897918706e-05	0.00792217157917406	0.508925653756249	0.00438856251027046	0.174321470312301	0.0131563907864593	3.77544350245991e-05	0.00284083514177821	0.00101360687904349	0.00156267839952857	0.00280798936065155	0.00106891886385582	0.00156132983099974	0.00471429186680615	0.000237938800179187	0.0149575574971822	0.00123840566251808
mix_89	0.0482874716340363	0.0144117351465152	0.0235371359672936	0.083980177881074	0.00668911189032351	6.77977481926618e-05	0.0113174725752405	0.539502069894283	0.00320711317954651	0.231962234339704	0.00663984542744035	5.55770873915417e-05	0.00204786651990565	0.00149209802929282	0.000661544818136929	0.00233514802970443	0.00133749562112361	0.00132840715943606	0.00416645749196697	0.000211535382376749	0.0156820005577439	0.00107970361927241
mix_90	0.0308962519944113	0.0125797305402163	0.101777383396999	0.0246429316388113	0.00106599853763748	3.01037664428903e-05	0.0110931935708721	0.530824837299262	0.0035060355222269	0.219125527265331	0.0241874014460578	2.27051158025722e-05	0.00397886205771737	0.00108932845547875	0.00407090605734987	0.00182949821073219	0.000988449922099018	0.00125500480752745	0.003886310127815	0.000613442875779235	0.0213704087278024	0.00116568866362763
