naive_B_cell	memory_B_cell	CD14_positive_monocyte	CD16_positive_monocyte	CD56dim_natural_killer_cell	CD56bright_natural_killer_cell	neutrophil	CD4_positive_alpha_beta_T_cell	CD8_positive_alpha_beta_T_cell	macrophage_m0	macrophage_m1	macrophage_m2	MAST_cell	basophil	eosinophil	gamma_delta_T_cell	hematopoietic_progenitor	myeloid_dendritic_cell	plasma_cell	plasmacytoid_dendritic_cell
S10001	0.041476756070845	0.0740163863479106	0.076232686475865	0.0579321273347891	0.0367960897404195	0.0652165171971595	0.0725898640040703	0.0731337594315496	0.0226514998980278	0.0416393043098864	0.0177549652095143	0.0395682409984344	0.0649958283932499	0.0289411751677574	0.0482308746910906	0.0371264711355958	0.0217307191223343	0.0594161273095981	0.0213295253187172	0.0992210818431852
S10006	0.0412347177697784	0.0720165381730469	0.0777329133609832	0.0546769237769093	0.0409530681346912	0.0750924936899829	0.0710464522152763	0.0738126813967659	0.0229661899802146	0.0411467832553934	0.0180084281587387	0.0390329464543722	0.0641142424860041	0.0280844659982177	0.0438285838318882	0.0362375532800545	0.0222844744024099	0.0589486605211137	0.0212537531893834	0.0975281299247756
S1001	0.0384263455673537	0.0721234857696365	0.080975372251564	0.0553471434788116	0.041065864675867	0.0774534480663851	0.0701546231463958	0.0721306527459008	0.0237840660917439	0.0406383343669326	0.017822298394075	0.0394004114336778	0.0640405472845255	0.0276289515156173	0.0450389157320212	0.0364254353407734	0.0217994082969834	0.0602133773310476	0.0211950083134441	0.0943363101972437
S10010	0.036871268543541	0.0718843094051824	0.081553370984145	0.0578378926866614	0.0399385417922071	0.0709295186613096	0.0779881303593471	0.067034958414605	0.0239805715213314	0.0411011208878758	0.0177030711851895	0.0406062439674018	0.0629949679181801	0.0288740794066371	0.047001776133277	0.0368094695226163	0.0217441821628586	0.0578416635983038	0.0212389257251578	0.0960659371241719
S10011	0.0405159039355849	0.0728587952962333	0.0808050805509417	0.0579152021865051	0.0382918306119428	0.0663961332047088	0.0713623059500635	0.0733168075307014	0.0236114338700244	0.0410492776930647	0.0181197536764187	0.0399757305088807	0.0645854637724035	0.0281556871339585	0.0437902526761281	0.0373402267016044	0.0223979367038791	0.0590140204415144	0.0215233734000471	0.0989747841553949
S10014	0.0398701381053438	0.0744530126590819	0.0774010198463722	0.0551313202727964	0.0401551655227408	0.071980722999924	0.0713348237866314	0.0705422168824966	0.0234409734150023	0.0402415134267438	0.0176907120851089	0.041154992874162	0.0642028697054228	0.0292225505517639	0.0485335961954115	0.0363925330270886	0.0214583933326654	0.0587130980937142	0.0212117914706753	0.096868555746854
S10026	0.0382456943523929	0.0705820059141065	0.0806311346758799	0.0546781934010316	0.0429605766986416	0.074371990732415	0.0748372702321499	0.0729951159106862	0.0231033523158339	0.0413894039054208	0.0168653762897622	0.0396375917689822	0.0624666333368695	0.0280482852652288	0.0454890644525157	0.0368171286036834	0.0223746478130038	0.0599733661766314	0.0209465684555662	0.0935865996991985
S10032	0.0404849961266545	0.0725384783883779	0.0822255319532661	0.0581153170268119	0.0414431529820494	0.072135907635845	0.071899189323286	0.0692445557750736	0.0227882647490339	0.0396787616180131	0.0185699820953415	0.0415273353183906	0.0617383723451392	0.0283822084157563	0.0438835999070653	0.0372434363729034	0.0220326804681496	0.0597342693434246	0.0213749754775173	0.0949589846779007
S10036	0.038133413584384	0.074756055599373	0.0784419778567016	0.0536936994876896	0.0417504330415471	0.073810154976696	0.0716412685472775	0.0749027706340879	0.0227002072584353	0.0401815837369547	0.0178068555008479	0.0393029054788928	0.0637111017597828	0.0285752999100789	0.045816054652465	0.0347114067726999	0.0218217674099971	0.0594945143883804	0.0208972060518047	0.0978513233519036
S10042	0.0398828145368823	0.0730180287229879	0.0799323570287399	0.0554194164804805	0.0412559047224269	0.075029699368031	0.0742659692045906	0.0703766178389893	0.0234245525138926	0.041623686173364	0.0174137657227465	0.0388085550378119	0.0631477523307585	0.0288090645400094	0.0448834515440166	0.0372576862610836	0.0221269996619606	0.0581992198317686	0.0210816622703789	0.0940427962090804
S10044	0.0387388300837019	0.0726217177641027	0.0782889560927519	0.0545146153801868	0.0424461411137543	0.0744108302059544	0.0746694924765355	0.0725384140852336	0.0233777013502129	0.039953938624856	0.0172007648027642	0.0401886585871277	0.0621514688974327	0.0284015578818815	0.0474890123598516	0.0370817208994521	0.0218594436801179	0.0595311334707806	0.0211209893775094	0.0934146128657924
S10049	0.0402660472211728	0.0732616566035712	0.0804087255578065	0.0546369617615756	0.0421060121907553	0.0733430198360202	0.0700193847843418	0.0722712001725807	0.0241470867352789	0.0395627069341814	0.0169202269187864	0.0396022506537343	0.0626332021763544	0.0286968082979434	0.0480873484945174	0.0376863948672158	0.0214188825099842	0.0602329619781959	0.0210714967728316	0.0936276255331522
S10057	0.0405106840401667	0.0750327514314915	0.0773019540987798	0.055538199090039	0.0392286865542528	0.0719795486698346	0.067204127084	0.0717717555637271	0.0241771634824894	0.0424732761124063	0.0180362109528589	0.0399094533347758	0.0654612583164406	0.0279982394907767	0.041833027981754	0.0377608114506969	0.0231504912465794	0.0590051945914708	0.0212421907525571	0.100384975754903
S10062	0.0395720330198002	0.0732878112288353	0.0805961549891718	0.0569415440361661	0.0402866618479676	0.0709338801037492	0.0721588199502764	0.0715512896136107	0.0242262179743679	0.0411886966620624	0.0172719504201883	0.0409647303418251	0.0635984815250982	0.028414086102668	0.0441949561937766	0.0377022127418475	0.0214593794401959	0.058351379999344	0.0214563405506511	0.0958433732583975
S10066	0.037736129283895	0.0723426269771636	0.0809881047862597	0.0573258466910165	0.0377395896526828	0.0655065540336703	0.0785614611949927	0.0706783211179333	0.0230778704218151	0.0412182658217825	0.0186444147871168	0.0410644240707164	0.0630608028740257	0.0293565140932501	0.0456279556072368	0.0373703466210223	0.0225243762812534	0.059044057209874	0.0215625878495503	0.0965697506247426
S10067	0.0402860449478871	0.0731686119745486	0.0786525257301617	0.0547089138952015	0.0430379509838994	0.076346023842523	0.0680941891606808	0.074047090208023	0.02431303076529	0.0399741170838017	0.0170107853356334	0.0399821897844026	0.0629646107394899	0.0277838343466128	0.0442267854932535	0.0364294898811871	0.0213221561592303	0.0612925529629861	0.0212822731338459	0.0950768235713416
S1007	0.0406259320519276	0.075072973587305	0.0784247760593131	0.0562471130471932	0.0393442908499356	0.0735082323845273	0.0669341334725768	0.0725258033899383	0.0226096136380786	0.0410875472273874	0.017580059493701	0.0392616125857466	0.0649525161666897	0.0287743538241037	0.043926186544836	0.0381147841979407	0.0224914217368155	0.0579273578935561	0.0214220108858122	0.0991692809626156
S10073	0.0400905801313166	0.0729015603358717	0.0787116411163395	0.0556821325461619	0.0395397675352748	0.0751722840628766	0.0715108106356068	0.0752718615418122	0.0248043530542846	0.0400487258955758	0.0178606828580542	0.0394497694891638	0.0609239093366789	0.0280608870935966	0.0455683426464724	0.0385046959634352	0.0208567046056898	0.060573713273936	0.0211814782295119	0.0932860996483408
S10077	0.0417727277155779	0.0755130863319943	0.0765588829980307	0.0592995297276932	0.0388031761330128	0.0670963091384561	0.0706806202117414	0.0690700379697158	0.0233892168848458	0.038569814258832	0.0180711423793295	0.0410472412995324	0.0650620440835704	0.0292156951002526	0.04621213941329	0.0384273004801718	0.0210982709095023	0.059585815586153	0.0212962240045326	0.0992307253737655
S10080	0.0407408031809725	0.0748966763508089	0.0820483021391258	0.0573598726082316	0.0381269261573494	0.0713785549700966	0.0707372167970958	0.0698205252535232	0.0239441616254951	0.0407458852698885	0.0174385006359188	0.0395177165771997	0.0641080718960562	0.0292423898264111	0.0457506632684912	0.0379394157285511	0.0210831202603477	0.0564369932055422	0.0214680700904996	0.097216134158395
S10082	0.0403450907621728	0.0740080792070535	0.0785739030293403	0.0561063447934704	0.0386951628606088	0.0710374309951855	0.0731850860576032	0.0720179488928107	0.0244387270684449	0.04011125689273	0.0178140046561501	0.0401943064801737	0.0635236422332914	0.0278946458218141	0.0450092587262183	0.0389002014861341	0.0215013109010617	0.0600965412777926	0.0213853641265521	0.0951616937313918
S10087	0.0424702548885066	0.0729819584352503	0.0796162286732083	0.0558825403720259	0.041252672394567	0.0711618241505994	0.0696241154724171	0.0722753432865755	0.024166929819815	0.0406193737073885	0.0171842912533416	0.0404355163834124	0.0635045655293038	0.0279758582887227	0.0469908514242955	0.0368324520834007	0.0214849386359531	0.0594849611004598	0.021283565268461	0.0947717588322958
S10089	0.0407057198202515	0.0736423620967193	0.0751542777992465	0.0564622913029745	0.0407245610616904	0.0711014282467362	0.0719857411075735	0.0705365799378485	0.0230857221470874	0.0403095494337105	0.0174580403983477	0.0399625151330086	0.0665864521847302	0.0286180901246758	0.0462577105731502	0.0373042113711659	0.0221842416683421	0.0569176383174631	0.0215311053200653	0.0994717619552126
S1009	0.0433105099936727	0.0771908322131567	0.0782024069907737	0.0554922426402952	0.0371763791655248	0.0719353476697425	0.0685714199333567	0.0716981245433998	0.0252469682064881	0.0403309396892755	0.0172120759008538	0.0398079737456589	0.0647245465633352	0.0276712355634898	0.0425829126740743	0.0392012824049102	0.022224749218817	0.0588704100794026	0.0221122728140077	0.0964373699897646
S10090	0.0389193059495201	0.0721952617180299	0.0775868217067987	0.0558761405880332	0.0379910465883918	0.0705379409684842	0.0713086009979797	0.0729217511768654	0.0241546179518256	0.0415056106692498	0.0184826448414091	0.0394069050763092	0.066871707931583	0.0284914381199116	0.0466225993995209	0.0357486199523241	0.0215890879414165	0.0567706714077813	0.0213518127391433	0.101667414275422
S10093	0.0385296522250626	0.0718379692576621	0.0825253644638085	0.05586265819673	0.0383945783227914	0.0732081061540125	0.0732184003194528	0.0687257388963836	0.0220738762800827	0.0421937961965675	0.0180449708031165	0.0382599092179707	0.0662868175547697	0.0282297996637668	0.0449670088609042	0.0359967036717873	0.0232673659778291	0.0559058580643159	0.0211974911631935	0.101273934709793
S10094	0.0387187110707791	0.0732933288541461	0.0797185890340189	0.0570893703107812	0.041356818814099	0.0722549660868016	0.0734373035242072	0.0707900969214364	0.0231030499739488	0.040109513312393	0.0174212570454995	0.0404471257266724	0.0629503352366447	0.0284990902632164	0.0445451630992845	0.0372284579865552	0.0216116960619976	0.0604122423076694	0.0214938900879629	0.0955189942818858
S1010	0.0407311384062754	0.0738431404439595	0.0796960122288723	0.0572691452774796	0.0389013888498868	0.0710922612736784	0.0704767858232909	0.0728948934272286	0.0242842223593614	0.0406447312658059	0.0181998813726985	0.0396443128705267	0.0653547821982712	0.0280546056813554	0.0422189155257819	0.0377776610115727	0.0222421567945664	0.0567694889131033	0.0215280478949814	0.0983764283813038
S10111	0.0393062154001364	0.0747376901569778	0.0799551052743056	0.0555179102347162	0.0414896456588172	0.0731533367138641	0.0702635655130721	0.0725495556671588	0.0243901856864027	0.0398793098031458	0.0173160982632334	0.0397622805827831	0.0622924271027891	0.0283264423168066	0.0469730631254796	0.0375357543009827	0.0216276108491058	0.0603508344315838	0.0212248514713523	0.0933481174472869
S10116	0.0408550745902431	0.0755157973383933	0.0759997819589794	0.0581289355927807	0.0379476321166767	0.0735511296003736	0.065235856018844	0.075185151759575	0.0248937482291723	0.0402967776708103	0.018337291851471	0.0392860330002798	0.0643343257632717	0.0278527316908507	0.0430307778899271	0.0378388060022155	0.0227693373045408	0.057846255468292	0.021423242015233	0.0996713141380699
S10119	0.0403747809377426	0.0738045342981682	0.0783906462957062	0.0551344297743684	0.0407670108296284	0.0710649203038689	0.0679853080842268	0.0731619843327684	0.0240360440553612	0.0420731126061745	0.0178734965931998	0.0398749837203778	0.065136939147037	0.0285965650615777	0.0452574392125501	0.036836571245839	0.0223018145477741	0.05841110333774	0.0212088689940127	0.0977094466218783
S10121	0.0401942432240483	0.071308003147457	0.0769216771785602	0.0569956726398381	0.0413680153957141	0.0753679000081834	0.0716413277747803	0.0703518767522413	0.0247340503567238	0.0405165109897912	0.0178569494132827	0.040056615791861	0.0643484897145794	0.028882053793458	0.0448390117673555	0.037316620870376	0.0210230572003582	0.0581556808121227	0.0214807530772449	0.0966414900920238
S10130	0.0390157689215303	0.0735011765938424	0.0778749492627154	0.0573623502200097	0.0398348186140121	0.0735447694616421	0.0714814776803267	0.0693026980496795	0.0229135099024468	0.041953983284995	0.0176388940522462	0.0407855172801136	0.0647346714375011	0.0289440538773441	0.0414727165830534	0.0368638786109466	0.0219607978738814	0.0599643643840159	0.0211692059341183	0.0996803979755794
S10140	0.0416779995760598	0.0758233627183017	0.0807991577849702	0.0564591192334374	0.0404103531511189	0.0708742368932945	0.0756241554558545	0.0656245656533976	0.0231110362469645	0.0414397056140986	0.0176975642292873	0.0400301184514857	0.0628966568492916	0.029009239132796	0.0464703988906074	0.0361345226494032	0.0215040153701956	0.0599099917293034	0.0216724729270688	0.0928313274430634
S10142	0.041600872797506	0.0743679205784736	0.0772921917932583	0.0549587245797091	0.0440257151394822	0.080133949433436	0.0666170463033379	0.069822386413921	0.0233399820074346	0.040673379739159	0.0173899399069534	0.03900532611336	0.0631506583060107	0.0277373399358906	0.046434687056593	0.0360334428291651	0.0212625428897414	0.0590444109792957	0.0210559619226034	0.096053521274669
S10150	0.0385069069540834	0.0721411130825816	0.0806739417979346	0.0566012658517087	0.0396765639532603	0.0728584138667519	0.078675714116453	0.0668579281899069	0.0220342428215745	0.0398586494969651	0.0182959381600689	0.0395490652641544	0.0643606666549954	0.0287097555977453	0.0450000583146046	0.0366122260813262	0.0222812977319562	0.0579661230774737	0.0208487524903164	0.0984913764961388
S10155	0.0397949408320321	0.0714041997090868	0.0804707645675855	0.0556481025274254	0.0399446724770943	0.0721419003037523	0.0698304561514457	0.0736047753480614	0.0237528223570677	0.0402695909966895	0.0177593316535682	0.0396561044044019	0.0641113423982798	0.0295658918537872	0.0477813271577988	0.0370591303260055	0.0214558936988149	0.0584042054806403	0.0213095657767528	0.0960349819797098
S1016	0.0387368300562678	0.0736833313892769	0.0799658607012606	0.0564160611710136	0.0415438991644684	0.073057137487538	0.0715944703832299	0.0695726361755913	0.0233830636693407	0.0403238448594434	0.0176019788709258	0.0397006112603943	0.0629274493242949	0.0286355153150327	0.0463843459677575	0.0361590338855732	0.0217942680940643	0.0592284076073871	0.0211235332865442	0.0981677213305955
S10163	0.0416532461107751	0.0766064709196427	0.0777023783900044	0.0581984671548276	0.0364986630663243	0.069166028227866	0.0719861956661765	0.0711526914922943	0.0239838683559655	0.0404117832819769	0.0179564617659228	0.0391387933200831	0.064117060085373	0.028555852624505	0.0451938992476572	0.0361109906368314	0.0218882699313442	0.0588623012815047	0.0214959685395231	0.0993206099014022
S10167	0.0392412611535272	0.0755737408081908	0.0794816678785869	0.0547704658677564	0.0407885792654401	0.0743730336499801	0.0708746173285659	0.0686283024262951	0.0248964436545885	0.0393881900696833	0.0184886468293517	0.0382688529030485	0.0650724385854979	0.0284594671447087	0.0438542104576808	0.0366932123187483	0.0221044032590359	0.0608644912109556	0.0210717453702138	0.0971062298181445
S10168	0.0406163533026533	0.0729251339109264	0.0767743298451645	0.0554607334161155	0.0430866931627914	0.0807044152238451	0.0677740714863977	0.0701888156745235	0.0242125241939289	0.039971929606678	0.0173826392991306	0.0394183870631347	0.0635827925739688	0.0292172192727984	0.0447795844525087	0.0373432908712002	0.0214262525698102	0.0583605762051445	0.0211514864686102	0.0956227714006692
S10173	0.0427794640004913	0.0744458976513736	0.076943126589523	0.0562314569085814	0.0409742584852562	0.0715396516715388	0.0713204194120989	0.0755315309868834	0.0243356637645729	0.0407184231152138	0.0172836816971765	0.0388567937480032	0.0639996300508189	0.0276381336785342	0.0442944236608214	0.0379032899298767	0.0212518060547082	0.0560165532148759	0.0214745095794625	0.0964612858001891
S10175	0.0396630142136044	0.0739334230371436	0.0777584293352755	0.0557033103179321	0.0418900406798319	0.0723900808693722	0.0713765755480629	0.0705697770936436	0.0229960929307412	0.0409594109449229	0.0176866998339136	0.0386245160666672	0.0646816715065767	0.0284489746788336	0.0478746698353069	0.0370718603076157	0.0215969063948493	0.0596307234842178	0.0210424570257605	0.0961013658957283
S10179	0.0380284000058892	0.0730469614660413	0.0790665142469469	0.0550242033531221	0.0426006832351144	0.0798457111008277	0.0696682300179236	0.0737516056687694	0.0245325159134315	0.0391569510543249	0.0176889113391541	0.0396433867005889	0.0610178852157578	0.0270652919420868	0.0449284436932801	0.0369534850337739	0.0219031231108641	0.0616890414561962	0.0212500777910022	0.093138577654905
S10186	0.0424862105517081	0.0750214654113607	0.0799611642932897	0.0557454188818626	0.0412837727479329	0.0742363887673149	0.0634087782604329	0.0723952673285812	0.0242902198786479	0.0416814093562355	0.0171912149238221	0.0407526712777106	0.0644448800453762	0.0271357692404361	0.0437622915499595	0.0363648760575881	0.0225767464762073	0.0592268960708497	0.0211178728942195	0.0969166859864645
S1019	0.0402754673981099	0.07550252663183	0.0790365483611886	0.0564937035885194	0.0399119992255495	0.0750370337417737	0.066645632904972	0.0720550830761974	0.0236376583233055	0.0402493154966236	0.017584785567986	0.0395153362622939	0.0641081948941174	0.0293278953347658	0.0463554839042177	0.0375704639735502	0.0217150843302042	0.0572676549509137	0.0213183415566751	0.0963917904772064
S10190	0.0405574505463422	0.0699283193839254	0.079140498414294	0.0553259568371866	0.0408283446429161	0.0728806956101886	0.071160584936953	0.0749130656298241	0.0243740872278966	0.0408943916848014	0.0186373272492176	0.039187241339779	0.0631897803080664	0.0278082505774036	0.0452439247556375	0.0382172247866563	0.0217885339925156	0.0614351682050288	0.0210445628771167	0.0934445909942505
S10195	0.0393085417276054	0.0723594955434851	0.0803136001155085	0.0560121102477098	0.0398615701633078	0.0710234870500604	0.074157353311803	0.0744321955383222	0.0223866861164457	0.0411941151685073	0.0174385935420859	0.0400806803213251	0.0632449660133043	0.0281829639397659	0.0428939827346344	0.0358172908876173	0.0223324132690433	0.0599292516937989	0.0213988638942596	0.0976318387214099
S10196	0.0377455073952097	0.0723382287677178	0.0805630458917476	0.0553585054149803	0.0412631186747385	0.0726361285094446	0.0709786096066952	0.0723202542481962	0.0230858421416768	0.0414912629177855	0.017598492199558	0.0387457417385292	0.0621698448497651	0.029763961343941	0.0485490422017918	0.0360951607376731	0.0223052249355347	0.0607324732395387	0.0210276767033791	0.0952318784820969
S10200	0.0378135295736252	0.0722543742844196	0.0809130229562293	0.0560896234705686	0.0423697061324126	0.0764732551311432	0.0730373256392766	0.0688766819101462	0.0227696178571318	0.0407437729989675	0.0180821076719768	0.040073938665796	0.0631832705167681	0.0280497387838229	0.0461566011670443	0.0356881395966624	0.021680282646147	0.0588781887013233	0.0213882530555869	0.0954785692409518
S10201	0.0397007198254043	0.0737289227378237	0.0776082067091211	0.0578612111123273	0.0399181194530364	0.0721502105704197	0.0785840389723396	0.0650690825853212	0.0218945998161332	0.0409742442983145	0.0181899276551825	0.0411132002875062	0.0646147654605712	0.0294247897388407	0.0460477816144428	0.034755518033091	0.0211761195673793	0.0574875013436739	0.0210870366063477	0.0986140036127237
S10202	0.0403337526587137	0.0745344355688064	0.0792600288949145	0.0568589949217277	0.0395966255342649	0.0776064216757027	0.0707749241881528	0.0684551156786287	0.0239899722701787	0.0405170080147085	0.0179396204972532	0.039859337454093	0.0631949626007177	0.0279852696955413	0.0457211693442233	0.0374142248341674	0.0208117590211296	0.0567494381847334	0.0210952987601766	0.0973016402021661
S10205	0.0416664070373029	0.0726649706756912	0.0774972467808326	0.0544476531261624	0.0430428839142198	0.0754722373622366	0.0716173324541352	0.0736784582573257	0.0229106467447074	0.0391121827617923	0.0170607272928909	0.0397136434916466	0.0609518291029092	0.0284290701153782	0.0472152854021917	0.0377453908806422	0.0218865568378068	0.0601589285873059	0.021754527995188	0.0929740211796344
S10211	0.0381778161988981	0.0746812195798798	0.07746913173957	0.0548443315524363	0.041092963103702	0.072806907055833	0.0691355562291394	0.0735623758162898	0.0235839693126394	0.0409588222755637	0.017631389041998	0.0391187263448609	0.0640242887990159	0.028460895749664	0.0443075189281146	0.0378597357699224	0.022439964951767	0.0592411611766248	0.0209507031988383	0.0996525231752429
S10221	0.0387079867390254	0.0737437687896264	0.0793757891552259	0.0554523162423921	0.0409950790634816	0.0745521360394133	0.0720892582889036	0.0719500491596984	0.0240197133040213	0.0406071128674503	0.0172344490360921	0.0392351292543057	0.0624287942841411	0.028076238128969	0.0466745154967286	0.0365188256161626	0.0232902955019672	0.0602308364598993	0.0211789266498131	0.093638779922683
S10222	0.0406356449847215	0.0765462520586808	0.078038195135392	0.0571883562063794	0.0399636147312711	0.0665371098323854	0.0725791925756201	0.0699145945223714	0.0237556029584021	0.0406903793250364	0.0180259304288636	0.0406772942365138	0.0652762337146462	0.0290449445585734	0.0452589227671662	0.036241356999051	0.0219450405805422	0.0564535495388107	0.0213435994571364	0.0998841853884364
S10226	0.0413615391925493	0.0732450127178849	0.0787226257775216	0.0566524591443787	0.0418360664599841	0.0708884275305562	0.073620289436399	0.0699274325200191	0.023967257530169	0.0410982335943411	0.0173396991357321	0.0388384333518531	0.062655264307646	0.0291436442745822	0.0457831667075274	0.0362835959752052	0.0214775359550129	0.060213818673982	0.0211869096976067	0.0957585880170493
S10227	0.0389889444123486	0.0746212881022994	0.081244628475439	0.0565953483702947	0.0398158832666314	0.0663005164603087	0.0722510610128236	0.0701403462273195	0.0233752283189623	0.0404449631543961	0.0179827004572488	0.0397766356750752	0.0637890742251968	0.0297124865041253	0.0490385694836403	0.037201923314234	0.0219891992642664	0.0586494952289146	0.0211505144423478	0.0969311936041273
S10228	0.0383740550524945	0.0732850962430562	0.0786814115104603	0.056012436770267	0.0415154859601872	0.072785645682138	0.0714391950182992	0.0726151359319349	0.0235680176990286	0.0398209712042577	0.018162658195033	0.0392453752700681	0.0635886806166571	0.0293043355652799	0.0454490265077322	0.0370994545517286	0.0218245280770664	0.05863178413305	0.0210846438818779	0.0975120621293832
S10232	0.0420864314685084	0.071888355442372	0.0759547400871968	0.0554846365375447	0.040376219369861	0.0728414070701197	0.0683421983477626	0.0764384959611926	0.0237005400939991	0.0399652664063448	0.0188470837980978	0.0383111551172743	0.0672588856667122	0.0278131718328381	0.0438437847108852	0.0359316349904563	0.0221482786780478	0.0582930074937144	0.0213420883557665	0.0991326185713058
S10248	0.0392276798945804	0.0707164484815911	0.0796649670638924	0.0524757696624576	0.04225390100894	0.0743791208248142	0.0728578530004378	0.0751641133214445	0.0234902751320089	0.0412379915338741	0.0175825704218245	0.0375642000847983	0.0618250275819245	0.0284026317811256	0.0480778176437758	0.0367972949002978	0.0209883733856225	0.0605167799548182	0.0208637088346899	0.0959134754870819
S10249	0.0380657466313382	0.0722718312919965	0.0834418977308395	0.0582555144171171	0.0385545648298893	0.0645031756714462	0.0754408903855051	0.0704806641352141	0.022334720846724	0.0420346338933431	0.0202978605504368	0.0393413326732903	0.0634286762672065	0.0300652855035383	0.047699768213649	0.0369277828048663	0.0225974926090281	0.0555462119415512	0.021949643705088	0.0967623058979324
S1025	0.040173369450262	0.07237067276237	0.0786636390711109	0.0552478682276691	0.0424161307087012	0.0786302403756111	0.0686763628917863	0.0708699548557347	0.0234061061305994	0.0396700777001963	0.0171324732121573	0.0403310394534633	0.0623526134557877	0.0286271205546327	0.0469049839172693	0.0372789869806894	0.0208080866881359	0.0605984994981941	0.0210734625155588	0.0947683115500703
S10266	0.0398737052729566	0.0714330212244942	0.0778644144794144	0.0574106571525407	0.0382819582662105	0.0683930630233891	0.0737559998852617	0.0716056649893248	0.0234777747010753	0.0414266886448416	0.0183008492079855	0.0400683452218959	0.063867748057686	0.0286443728999725	0.045497295732601	0.0372634202374518	0.0219682241896891	0.0599880681763711	0.0213530277114096	0.0995257009254285
S10269	0.0420607320034078	0.0759122766857424	0.0781928975601819	0.0566077485881491	0.0397782574583285	0.0707361970274971	0.0726260130629758	0.0701865129616794	0.0236817204156466	0.0394951133698488	0.017668275185808	0.0396826618796748	0.0631218612454152	0.0292014160970048	0.0465536437671157	0.0368314919698613	0.0206463341948016	0.0585011223764469	0.0212705880509188	0.0972451360994955
S10272	0.0376740825186556	0.0726084128234347	0.07844725795341	0.0550820487706673	0.0418996692683639	0.0726403393999166	0.0743513637486707	0.0710558767525556	0.0230036058270969	0.0415143766361358	0.0174912084592291	0.0397252296719611	0.0644785952242714	0.028789327303835	0.0455135163820745	0.0357867047662244	0.0221669152357927	0.0581039014092736	0.0214393873127636	0.0982281805356675
S10273	0.0427388768590368	0.0733393642126995	0.0783544246944152	0.0562306786885087	0.0416670191741832	0.0717050186808875	0.0738461308516865	0.0694286612294634	0.0228981370492609	0.0396634907421521	0.0177452868253813	0.0401537378970384	0.0625585717977645	0.0292245460453835	0.0456547808324813	0.036241440053877	0.0212280395802231	0.05967793652211	0.0214650437425272	0.0961788145209199
S10274	0.0390391683395194	0.0729096528319482	0.0799226452311136	0.0552662943255491	0.0417076278002171	0.0747641272715266	0.0724768643930504	0.071585778148387	0.0227348800913078	0.0416413554144259	0.0179211153026804	0.0402806863316194	0.0639734467740061	0.0276050700090491	0.0426645234868547	0.0363036208679346	0.0222763671305668	0.0597256330236489	0.020846981743455	0.0963541614831398
S1028	0.0388229169627829	0.072444537792542	0.0820743124868055	0.0537644448374341	0.0423840781665709	0.0737753965191949	0.0702503488745014	0.0734375175596087	0.0229568578019659	0.038236379114045	0.018491367763222	0.0395635058473767	0.0630655391370649	0.0292265950813045	0.0476082079884885	0.0372677027357862	0.0219437296713953	0.0592494649249427	0.0208492008023968	0.094587895932571
S10280	0.0399052667896923	0.072254243654561	0.0762957479995983	0.0577448905318966	0.0411022031054419	0.0728154406381333	0.0728661624939551	0.0711855854010882	0.0242123666568206	0.0412098433898229	0.0176105331191032	0.0394788911475067	0.0634145010199701	0.0286386996690823	0.0495354137493546	0.0374728740116116	0.02240957555927	0.0566930687827394	0.0216585104680281	0.0934961818123238
S10283	0.0403810315828845	0.0725908234227447	0.0810818691115265	0.0559731579935579	0.0419024090460231	0.0788024922247976	0.0666222877157281	0.0716817244667372	0.024824030722144	0.0398918393830825	0.0169245704308777	0.0394464072534113	0.0621014219774381	0.0273609976858731	0.0458404344269174	0.038387874016729	0.0207050043602965	0.0589355244442198	0.0217245237252808	0.0948215760097302
S1029	0.0408071880334256	0.0766853843232633	0.0792843552663469	0.05647011368422	0.0411604977899208	0.0727096657828479	0.0712679176407872	0.070101776662643	0.0235750150873984	0.040026204537609	0.0179163497419641	0.039775939728218	0.0630353834299486	0.0285686749649459	0.0443382993082721	0.036474978882695	0.0226560159891415	0.0573840663378171	0.0213356045264576	0.0964265682820778
S10292	0.041215331594034	0.0757856144258936	0.0745776042893892	0.0549684015799731	0.0403097401261825	0.0736886087326372	0.0687197214300178	0.071751396269441	0.0238036433099805	0.0412581201534135	0.017373932838662	0.0398407035693798	0.0657850577343709	0.0281711755458334	0.0439647109852063	0.037309510421868	0.022424686485247	0.0598370159967305	0.021131729761552	0.0980832947501877
S10294	0.0392842555172564	0.0754816928446782	0.0797391706679392	0.0539686284526373	0.0441529772838385	0.0748429228787585	0.0693584558155803	0.0708329492706645	0.0235650933836392	0.0391134048486844	0.0171419031381407	0.0400611808593111	0.0644915467745768	0.0277623015969079	0.0466390785188006	0.036856415308142	0.0218965713826665	0.060091654620736	0.0211075852303622	0.0936122116066796
S10302	0.0391111397246737	0.0706518547604405	0.0793624526838978	0.0544677448666512	0.0406300350736684	0.0759403518842229	0.0715953944057152	0.0728868176619705	0.0240153024403189	0.0420043336772715	0.0175006589336552	0.0391602343779426	0.0633431569949826	0.0285107405770107	0.0446150840122969	0.0377918669434462	0.0236757616049671	0.057410410372308	0.0212675354288087	0.0960591235757513
S10303	0.0406819860320404	0.075037213515158	0.0775973871502649	0.0562278293308476	0.0409462041543303	0.07451076172633	0.0714319862524347	0.0692811767416186	0.0231901382263517	0.0421803062104241	0.0174840039753264	0.0401190913829562	0.0629316362594873	0.0279776546152982	0.0439372811521063	0.0370204619442469	0.0214635122544556	0.0588077295678786	0.020959189593569	0.0982144499148753
S10323	0.040404623798555	0.0727629098337382	0.0797642616330135	0.0563475117151619	0.0397200158049413	0.0736432237690066	0.0712678194371996	0.0696205318799062	0.023905068753799	0.040269805087695	0.0172994414307189	0.0405793060851319	0.0646312581273958	0.0284255806412122	0.0464354213923886	0.0364064321986114	0.0221525828584252	0.0587928757867302	0.0215489101854629	0.0960224195809068
S10326	0.0391322721104039	0.0733711057411585	0.078875062105374	0.0558010403700654	0.0432218384228466	0.0781657377263521	0.0706398286134286	0.0686242161470056	0.0229335062357506	0.0401575373670569	0.0173645963728349	0.0400507593857921	0.0622539217282738	0.028853385932215	0.0475601226101858	0.0354262273123208	0.0213960067255791	0.0598082391216033	0.0212036931653564	0.0951609028063963
S10328	0.0400432138581074	0.0739530625359468	0.0744598506691492	0.0563845400796506	0.0417756167733384	0.0801722768358167	0.0699108469847834	0.0702659315523715	0.0250389825189714	0.0397680557277195	0.0172388150629514	0.0392611391778554	0.0626435703381346	0.0286020881365803	0.0470007132712173	0.0378781451962839	0.0202543633698659	0.0573511166962292	0.0213234151603891	0.0966742560546379
S10329	0.0413638592383723	0.0746641733993409	0.0766063588293228	0.0554593478035536	0.0414663344231137	0.078610245572319	0.0699225238264124	0.0701381313088832	0.0237449627380887	0.0405503113322999	0.016874430269522	0.0399603976656557	0.0639034432458375	0.027784434206014	0.0458773612675162	0.0376838712056834	0.0213544090214245	0.0586639128860488	0.0210121132164036	0.0943593785441879
S10336	0.0402976996523029	0.072859976205864	0.0772270818574371	0.0574937305282424	0.042115560086462	0.0771517223943883	0.0706439483190839	0.0680533483088946	0.0230035188038649	0.040666485889204	0.0174031502521045	0.0407409203447272	0.0632756084809619	0.0289888978606878	0.0449300043658127	0.0364875409497156	0.0208773542466392	0.0587275395282971	0.0215370547382995	0.0975188571870102
S10340	0.0423797757582271	0.071801569512762	0.0786253659749829	0.0551721279171802	0.04037908144737	0.0724535563312918	0.0733574283479522	0.0708230601164798	0.0243587957809791	0.0405621326701494	0.0171808987961762	0.039916362209902	0.0635608186200653	0.0288750657304348	0.0459660744533998	0.0382767366353418	0.0211089714066205	0.0572362212869295	0.0211421855995245	0.0968237714042312
S10347	0.0404877360261208	0.0750025774655714	0.0760997156990316	0.0577157364135162	0.0357493050568641	0.07286688671472	0.0695081703985436	0.0722743329307833	0.023883180607227	0.0412314075279199	0.0182775333455238	0.0400662767857623	0.0652212761171086	0.0283458451010201	0.0428936745985438	0.0376970268950989	0.022468556030022	0.0569054205390425	0.0217273405464132	0.101578001201167
S10353	0.041747709487616	0.0711953560823832	0.0786826051244548	0.0562637494079399	0.0408335179851246	0.072053363062694	0.070113133042803	0.070275303110612	0.0240214804422311	0.0407738271300621	0.0178906131758857	0.0392852046734212	0.0646898058954272	0.0286371144605552	0.0459808943672055	0.0367360304171998	0.0220810694358444	0.059975454598928	0.0209771235395176	0.0977866445600948
S10356	0.0423226462380095	0.0725035175310612	0.0773443293753293	0.0563465630502292	0.0386763176924604	0.069989717555061	0.0704011430263377	0.073328492235527	0.0230454417014238	0.0407253767761968	0.0179224530571196	0.0394216581737523	0.0647257560119833	0.0278929091590706	0.0459980671030169	0.0382617288202741	0.0219115416889369	0.0577558817270323	0.0215593867743789	0.0998670723027992
S10358	0.038401350010178	0.0728933067113645	0.0797891045239372	0.0570534935148353	0.0411631209894317	0.0721349548530236	0.0723869589346478	0.0706283691397044	0.0234774881709196	0.0398036310064664	0.0182229963913871	0.0412471003684509	0.063001882469959	0.0286851770141418	0.0457704005488838	0.0371159071815834	0.0222683756431916	0.0595617622154743	0.0212058053761868	0.0951888149362328
S10365	0.0390306792111491	0.0715634298673959	0.0799705347125916	0.0566902119803611	0.0418459333908229	0.0700831123683327	0.0732217463945826	0.0678678201788999	0.0232024824057197	0.0414204399136653	0.0179798699751561	0.0408567256607042	0.0641871057176154	0.029233202493499	0.047075725260391	0.035954753356567	0.0221393650259547	0.0595619810574535	0.0212802274614471	0.0968346535676913
S1037	0.0413017904237183	0.072954664650498	0.0771012429650166	0.05485987143522	0.0417255346219174	0.0791501428009362	0.0677600946039137	0.0736719131666385	0.0251328020466021	0.0398818584454316	0.0172151230868769	0.0390509529218102	0.0634805178230896	0.0276472202674447	0.0431320882012275	0.0384339168877498	0.0219243238436368	0.0586876355284632	0.0210570379016534	0.0958312683781556
S10373	0.0407442687780088	0.0726592229223374	0.0785242279779071	0.0557935511947491	0.0412016355036803	0.0758088280229769	0.0690840708261268	0.0729109020089405	0.0233146162508218	0.0411696011969876	0.0180396372531345	0.0396099975872783	0.0635761580981912	0.0274765391445859	0.0444897798796398	0.0374058999068741	0.0218763297670329	0.0596897310606215	0.0208296433523234	0.0957953592677817
S10374	0.0397019768422818	0.0727914981734651	0.0794830781294214	0.0545096063953256	0.0398852806897292	0.0710198475768331	0.0689554056206549	0.0741843276686495	0.0225849889863654	0.0396855164486562	0.0186062672717113	0.0386807952632219	0.0658823863692937	0.0285811822107397	0.0446295538518416	0.0363461973836275	0.0227014659548839	0.060388460448696	0.021104383645869	0.100277781068733
S10375	0.039124259055226	0.0690912683204736	0.0804189183079112	0.0569870910743663	0.0408008475569414	0.0749718720141941	0.0738393828568485	0.0728380547161159	0.0229714413890939	0.0400668221563143	0.0168334534107131	0.0395672638266121	0.0630612469078521	0.0290707458467195	0.0461626600598906	0.0371407859540017	0.0219617025976394	0.0579493858188634	0.0211738314894656	0.0959689666407573
S10377	0.0408109363228359	0.0763043521732628	0.08049629103055	0.0559715333891316	0.037279196805655	0.071027631074054	0.066800692494729	0.073806524989238	0.0235009165301662	0.0401650342819429	0.0179417560190039	0.0389940974139935	0.0652302963233126	0.0282651503694469	0.0409583564713387	0.03809757793175	0.0225428528219198	0.0597005348420668	0.0211227400017424	0.10098352871386
S10378	0.040685413905445	0.0720043342684298	0.0790147347894367	0.0546487579028444	0.0430228923427669	0.0803433017791016	0.0696965775847456	0.07175141811103	0.0240143907072431	0.0400129888224768	0.0167985763114029	0.0396552968124124	0.062412656377571	0.0284413190858891	0.0459232527646156	0.0372136588618502	0.0213728534759538	0.0589909789842635	0.0210180298468371	0.0929785672656847
S10390	0.0417194365192747	0.073888533182683	0.0747191272165509	0.0576616683172439	0.0350903033313537	0.067111362435139	0.0701410403860212	0.0727613930228716	0.023864664030288	0.040928591689444	0.0185374791068976	0.0393355650675508	0.0680312428390334	0.0290012121712417	0.044332144955268	0.0382329169897596	0.0225432397609081	0.0567461621183753	0.0217576625090435	0.103596254351052
S10391	0.0392339914022157	0.0739074731643155	0.0798661603571395	0.0560382227614427	0.0399319404028612	0.0719714666967396	0.0670231774976368	0.0727877835281473	0.0222346600093261	0.0414310947377214	0.0185869568952485	0.0406253930410669	0.065220691294704	0.0282767934514563	0.043354224230267	0.0365567675544867	0.0224113128325241	0.0618139901702377	0.0208829784745948	0.0978449214978683
S10393	0.0379056251205064	0.0735391201138416	0.0793239381168638	0.0525098855509506	0.0432931816707362	0.0816446529222945	0.0713850256184986	0.071678141193175	0.0235850236495423	0.0398618410424622	0.0168768722562997	0.0381549405346257	0.0630463504864971	0.0272673503074694	0.0454340087697809	0.0362721538814018	0.0215067547022398	0.0602093720194879	0.0207664375456376	0.0957393244976889
S10400	0.0395540737425779	0.0740693517091847	0.0815730824930684	0.0580433050390328	0.0389006793472462	0.0671897327310327	0.0719636433603165	0.0704929526524034	0.023510056021977	0.0412665546198977	0.0174457261703776	0.0417210015134829	0.0642139303338402	0.0289825611519345	0.0453796064552463	0.0366430056812813	0.0219112814403015	0.0581025105907782	0.0214559045148258	0.0975810404311945
S10401	0.0420733464066389	0.0763525070532468	0.0772789285809312	0.0580862567005531	0.0382771385797953	0.0721766188009812	0.0696650591295866	0.0696407245530926	0.023534838374663	0.0409768683228375	0.0178072279394629	0.0398320017157291	0.0649372255914667	0.0283414077388093	0.0449445208796978	0.0367281360810125	0.0224735111677002	0.0572421777787189	0.0209849470279236	0.0986465575771527
S10406	0.0387404971059821	0.0697026775949288	0.0826794409776842	0.0555957474773398	0.040245380142946	0.0677238593896662	0.0768056392993917	0.0699184681717262	0.0227677909239018	0.0418194722957965	0.017971942623582	0.0412329744078999	0.0642180271421107	0.0286519454909081	0.0446659706780303	0.0355760938590248	0.0219742400482573	0.0612334445801889	0.021341541522176	0.0971348462684588
S10408	0.0410553431103908	0.0733016867887389	0.0784761298293955	0.0578095745537285	0.0386107331106276	0.0709924705086626	0.0737376823240344	0.0710192716549085	0.0239869903794637	0.0410410804704549	0.0174699188504514	0.0395805376970323	0.0623735356454844	0.0282685655652511	0.0456336005228393	0.0370907039361281	0.0222441860133819	0.0570525409815172	0.0212945298281694	0.0989609182293394
S10409	0.0395804332966518	0.0710048105349165	0.0801244210526374	0.0538768491846402	0.0417540681676455	0.0774279143312477	0.0706018211960033	0.0746807499751924	0.0238222135168683	0.0394640839483068	0.0170364541746202	0.0387803502354392	0.0626324650265733	0.0277219548906755	0.0452249791824873	0.0367537902384789	0.0219149216841574	0.0618166815377878	0.0212292206642924	0.0945518171613782
S10418	0.0400893219668729	0.0727647655035505	0.0773109137666527	0.05746023208059	0.0376201484075981	0.0678443342791282	0.070815033829165	0.0672503067728173	0.0219624778070377	0.0421685958395996	0.0180631146399012	0.0399915103468948	0.0677892073890905	0.029461625753777	0.045241633315776	0.0352558179945186	0.0222133475920558	0.0609090197087288	0.0214857751759478	0.104302817830297
S10431	0.0380883357474561	0.0733960522187135	0.0793990682759575	0.0558190012268135	0.0407239032542353	0.0717532772141416	0.0718180838885728	0.0737636329720172	0.0226529484016001	0.04116327467421	0.0173997859858527	0.0406279435187545	0.0636612469917964	0.028728732073829	0.0463815142683387	0.0371338759467367	0.0217263741776212	0.0564436612830761	0.021375315275985	0.0979439726042923
