naive_B_cell	memory_B_cell	CD14_positive_monocyte	CD16_positive_monocyte	CD56dim_natural_killer_cell	CD56bright_natural_killer_cell	neutrophil	CD4_positive_alpha_beta_T_cell	CD8_positive_alpha_beta_T_cell	macrophage_m0	macrophage_m1	macrophage_m2	MAST_cell	basophil	eosinophil	gamma_delta_T_cell	hematopoietic_progenitor	myeloid_dendritic_cell	plasma_cell	plasmacytoid_dendritic_cell
Mix_1	0.0674055299591096	0.0277154155000009	0.0833301158956603	0.0602347504334894	0.120310913407575	0.0485335700020865	0.0341432702681582	0.0780924881451561	0.063343298461946	0.0343309643655438	0.0312867986085699	0.0765922131182425	0.0109508641165951	0.0139910948843148	0.0204261864752885	0.0617007577313759	0.0470483462104268	0.0422153571877582	0.0338137139463369	0.044534351282366
Mix_2	0.149189255892566	0.0568758183385099	0.0448790979569704	0.0486604666002019	0.126850564254684	0.0349164515289022	0.023551982522479	0.104668629491263	0.0478002843422498	0.0269210727043401	0.02272428911398	0.039266485828515	0.00986528758380361	0.01103017795201	0.0171979704721289	0.0892230027781793	0.0519689423445956	0.0273530000678534	0.0332469652249742	0.0338102550017939
Mix_3	0.0595300782862643	0.0303808052051297	0.0392881703210906	0.0406104340560643	0.151809491600917	0.0570927595221503	0.0197680980033502	0.0802332181897818	0.171898776255805	0.0290745684378614	0.0187589980764568	0.0466706322383077	0.0158855966484875	0.0120396181866477	0.0180710708600051	0.0664126312325398	0.0529257997923212	0.0305276873231861	0.0298581545063952	0.0291634112572385
Mix_4	0.0914706708613639	0.0368643780962453	0.0283731005446476	0.0360213775156285	0.146445650795666	0.0555863487623644	0.0179704782824952	0.106963176291985	0.13752930618488	0.0238412885198332	0.0155606404970794	0.0353974547141763	0.0140022172502384	0.0118433757705196	0.0155745523529726	0.0894751676244026	0.0563742076220214	0.023780368701605	0.0281332298319663	0.0287930097799094
Mix_5	0.232371600219995	0.07666715403265	0.0175839618295617	0.0322932062965736	0.162643375307102	0.0609386589890857	0.00990206137088721	0.057027127048747	0.0740757730108419	0.0215078742277296	0.00992446737619848	0.0189966377681645	0.0108101960537107	0.0106796781549603	0.0150070425151402	0.0664557466774243	0.0473098193898238	0.0115160538487225	0.029356288509404	0.0349332773732768
Mix_6	0.108051950496878	0.0364128653340485	0.0929783823081245	0.0691919113210061	0.120450095310342	0.0349245445152034	0.0375914858944428	0.0305220508387098	0.0780428182721494	0.0341032235047579	0.0332304229341947	0.0775357852819882	0.00991480601433671	0.012101989423526	0.017581005592153	0.0395862221411693	0.0443465935940962	0.0436517207024298	0.0359569787917874	0.0438251477286558
Mix_7	0.107801449271114	0.0418514850463895	0.0233202749260453	0.029575604268297	0.126785401170496	0.0400906670590233	0.0130917174728307	0.126828841944679	0.170398838237522	0.0189451250084908	0.0128022042874732	0.0252947602681192	0.0168445365903777	0.0101268688952157	0.0139708665620468	0.100562002938689	0.0601339895509429	0.0127484080025046	0.0241376522736833	0.024689306226059
Mix_8	0.129779957657841	0.0572443225018087	0.0620795555505278	0.0510360711070485	0.0713953923543084	0.00950934117192903	0.0248765036619437	0.121623308258362	0.0990048790154888	0.0285865269513765	0.0269065685285234	0.039498362535831	0.0131725451077814	0.0105676492834185	0.0125953435043872	0.0867890318608769	0.060533363956636	0.0309385008133485	0.0256582219186044	0.0382045542599587
Mix_9	0.135957987748025	0.0494298868614173	0.0435939502499166	0.0438249473499428	0.132597647615778	0.0422874964487689	0.0161842985896042	0.0851049208714311	0.0980998934097299	0.0225017122903584	0.0184668945757457	0.0434905572694509	0.0143164576664046	0.0113152532554659	0.0151271393095771	0.0843256885803737	0.0521620008186947	0.0260488723388387	0.0304774630386599	0.0346869317118169
Mix_10	0.151989941004785	0.0546956945320007	0.0599480657580068	0.0549025616792276	0.118570624708777	0.0378315841182422	0.0257414891629228	0.0380308557290012	0.108671742254646	0.0235702387320324	0.0237342944228447	0.0540361014528991	0.0136025488516818	0.0107960590248244	0.0158212536308388	0.0495796129179206	0.0493171770493946	0.0323549503783927	0.0322047652119549	0.0446004393796063
Mix_11	0.128228904434747	0.0559704576127052	0.033805245798609	0.0391308688039686	0.126379866919248	0.0336693124338924	0.0170721685695912	0.154862552588861	0.0657771694171671	0.0255655561170755	0.0145537221740693	0.0352318078120659	0.011940921785366	0.0106632462321724	0.013650539693013	0.110714850130242	0.0535847610887415	0.0109092749348057	0.0292700775241814	0.0290186959294774
Mix_12	0.0356412770194439	0.0196898108454678	0.0682777802287512	0.0572057757345252	0.123209853789279	0.0537654103615043	0.0308339896002125	0.0765081860267625	0.117224054424225	0.0408989913350227	0.0306854706702321	0.0707552725303863	0.0180903758200344	0.0126511101725906	0.0185940711819486	0.0718071185259197	0.0541005453194365	0.0443103537248471	0.0275066863676558	0.0282438663217551
Mix_13	0.176126304774346	0.0614821380009425	0.0311287638015869	0.0409598245790585	0.126461837358263	0.0373938410682272	0.0174763777747068	0.0717672524130583	0.122505331628461	0.0239146695947233	0.0150820456980132	0.0304037876800889	0.0155311861644889	0.00931746693322214	0.0134465372822695	0.06586417548235	0.0523444135187747	0.0231240167236741	0.0300016305558381	0.035668398967907
Mix_14	0.0707615000788744	0.0305293959218052	0.0168195714575343	0.0202399316125984	0.157796177455817	0.0657022861690507	0.00981665290674441	0.126809435522686	0.194714090476438	0.022091880526455	0.00827817104761885	0.0189220405671481	0.0199321665886866	0.0103559357986885	0.0175278769267608	0.0993210289056221	0.0639212980121653	0.00567059512094258	0.0254489303822057	0.0153410345221587
Mix_15	0.0829450951015198	0.0318498230953418	0.0368223684674377	0.0376335032204787	0.114500983570541	0.0248640457117578	0.0156094433696222	0.155609649189239	0.130594459584796	0.0228522069490126	0.0167617905935054	0.0312293400379182	0.0155192213002057	0.0102430765840173	0.0163565685431113	0.117709312112882	0.0618368131163516	0.0227681715905426	0.0246469015556151	0.0296472263061042
Mix_16	0.120820919757572	0.044095195530991	0.0474660105787547	0.0459097272216312	0.0960507567846385	0.0218289978995117	0.0200998783600764	0.109957997549656	0.131831296738688	0.0286681348227657	0.0213044184010408	0.0384441225816448	0.0146181521032847	0.0103932723107799	0.0135399294111432	0.087356524472239	0.058876664498338	0.0230757635213809	0.0270421988470689	0.0386200386087944
Mix_17	0.0982631374147694	0.0308010448707969	0.0323670470498763	0.0367825495842184	0.111154686112232	0.0315151448355975	0.0161100883164226	0.135242320948174	0.159349934332697	0.0245509016460264	0.0159074583408076	0.0286694727605491	0.0190058571258654	0.0106209177331704	0.0126095542963598	0.101985277076423	0.0632676155240963	0.0243587344510799	0.0244050756553887	0.0230331819254492
Mix_18	0.0920027513761487	0.0387017852493815	0.0442483243789162	0.0379821045288661	0.0894653657868728	0.0158142901179005	0.0186527400440834	0.187305564396838	0.0986685624701086	0.0226740827903607	0.0236756426345043	0.0335087599336754	0.0121683084768928	0.0102150953900328	0.0124486563326192	0.131530125993873	0.0586168919802144	0.0287677261456927	0.0231648881438408	0.0203883338291788
Mix_19	0.0569013660408423	0.0283904910254161	0.073677268772632	0.0561605206900569	0.126398890417822	0.0396079022380391	0.0309994163579598	0.0547035315224814	0.134555974130204	0.0357231061064611	0.0287231061333476	0.0667700102410865	0.0165162818310224	0.0126810960969534	0.0166627977958857	0.0580200517659158	0.0518560191314398	0.0400237598009049	0.0305410130874035	0.0410873968141256
Mix_20	0.136811259101896	0.0468416472275452	0.0601155858460231	0.051746774820429	0.106985088530241	0.0247725727285246	0.0257200454266724	0.077808851323165	0.105285081456806	0.0261914330104599	0.0242819331293688	0.0475310753661363	0.0124335865255362	0.0107394282789465	0.0155847169748174	0.0736593481136879	0.0546257922532259	0.0301680935299514	0.029915889463225	0.0387817968933425
Mix_21	0.123368891157505	0.0394116588829686	0.0764556757571141	0.0590184131337975	0.0954758992511692	0.0223774524926589	0.0289626911593667	0.0696467220914357	0.104747362558888	0.0343098171345488	0.0278921733854618	0.054745217893622	0.0113990523302831	0.0107754162740637	0.0148400288709764	0.0636710351241395	0.0518916802413082	0.0341238219429389	0.0307301056804572	0.0461568846372962
Mix_22	0.0607213865984894	0.0265447687825622	0.0849138230157839	0.0616951132050025	0.118468914314833	0.0425563649378213	0.035037063025243	0.0516514180707417	0.112312386583293	0.037887206062951	0.0309578422793057	0.0687539812910696	0.0172161754277641	0.012085735530627	0.0167122185607026	0.0576173380340817	0.0509674231559848	0.0412956266858919	0.0306883217586188	0.0419168926792332
Mix_23	0.186030079948835	0.0638916137471269	0.0391533258170185	0.0462951353980582	0.114077227947607	0.026590762997215	0.0185520918483911	0.100131371884316	0.0604901063689217	0.0223742389820362	0.0188938084162626	0.0349855536201324	0.0087001088142623	0.0103832720737211	0.0140711076661062	0.0867178905751112	0.0550473369389391	0.0266823844182881	0.0300254067031135	0.0369071758345371
Mix_24	0.0081917565321096	0.0147214325252761	0.0584352368260018	0.042040070320174	0.0747458598064968	0.0117840844323909	0.0234186190231985	0.181218285168434	0.186911967579843	0.0313149647146131	0.0263761608506623	0.040539002409487	0.0171752083343664	0.0119806799496858	0.0117801363243339	0.120374399028908	0.0669453589439017	0.0252898431521076	0.019970879180021	0.0267860548979886
Mix_25	0.182565018830814	0.0692680396301865	0.0188431081915678	0.0317521467445693	0.12775894888862	0.0314968174744545	0.0114253741043901	0.101706311024092	0.137896654505507	0.0177756897449616	0.0124474310567085	0.0182077816989111	0.0158765413269133	0.00765299032685613	0.0140047242190499	0.0825450461616711	0.0593808186442637	0.0114988609498658	0.0240656459289939	0.0238320505476047
Mix_26	0.122364011718511	0.0513677783568192	0.0339018453554557	0.0352391336928657	0.0948442101643859	0.0213667924124353	0.0155587355212429	0.127532085507695	0.156853726178083	0.0193808859644853	0.0157534730167485	0.0252654392339503	0.0153900475861482	0.0102060996295954	0.0132498608922445	0.113870511430217	0.0684151488362845	0.0162160264170621	0.0227071445576234	0.0205170435281468
Mix_27	0.13945344760321	0.0458492317668853	0.0651689324260833	0.0558244406943337	0.0581635965952987	0.0107395961169088	0.0256730485110019	0.0619098552985778	0.169622902169877	0.0321610132756806	0.0263029421367269	0.0367044183783317	0.0170111540047918	0.00932718966221464	0.0129947423152476	0.063514170724068	0.0584180003332	0.032348477004541	0.0277031521831232	0.0511096887998983
Mix_28	0.0996444391171102	0.0358600070521659	0.0673890162219079	0.056147183260278	0.114532616223559	0.0345388856876475	0.0280795530346573	0.0850959280675424	0.0928220772199461	0.0314812278298048	0.0262107483475641	0.0554713068057559	0.0101683360112518	0.0120357667862365	0.0156258216656718	0.077540662692659	0.0531433005261463	0.0332310934336568	0.0312602612512764	0.0397217687651629
Mix_29	0.148160547186753	0.0458428354698953	0.0282155622070382	0.0344990457838657	0.101726275202524	0.0231165846141337	0.0130588454170695	0.124197604104939	0.155240740312219	0.0290573809119599	0.0142322230561862	0.0219065551058489	0.0139044941977547	0.00812028746184964	0.0117505994419266	0.092782286610382	0.064293733080492	0.0155566078980873	0.0216646686074547	0.0326731233296206
Mix_30	0.118671576245448	0.0380455718240686	0.0178954592532272	0.0280625032399049	0.167163007168669	0.062268515337815	0.0106997927970265	0.0830837601369043	0.187252758685579	0.0116098601540166	0.0109124217116175	0.0241909745331286	0.0178836717546284	0.0110214815450648	0.0169645070554313	0.0758411030736523	0.0595839935567365	0.011545424530658	0.0255448988114226	0.0217587185850001
Mix_31	0.131681321016244	0.054449627040132	0.0437275475656529	0.0429888691228545	0.11104485873018	0.025707611887692	0.021315386445877	0.106902125573495	0.115863781893784	0.0269087647360943	0.0195610267650337	0.0362199108799878	0.0154203142318126	0.00973196839186353	0.0127391120541454	0.0862053770252478	0.0545836867069655	0.0201424861546852	0.0280312364490289	0.0367749873292241
Mix_32	0.0828993276656782	0.0305576915963467	0.0545745243780108	0.0463417081122206	0.0755436269807657	0.0174666466191977	0.0224954761074781	0.168833201311398	0.121243839238518	0.0200902072560143	0.0220130466846736	0.043773888130756	0.010948211447307	0.00871236772869335	0.0156164538311357	0.111001204566148	0.0575615233600466	0.0315274157822501	0.0259765080451077	0.0328231311582544
Mix_33	0.0543968441482986	0.0207168271870479	0.0541010191908963	0.0449944151102464	0.101905117920311	0.028015226278662	0.0243160463394485	0.13234349455507	0.147597897324199	0.0314424555765753	0.0219574985901735	0.0475015479306624	0.0125137526672893	0.0108068451335852	0.0160538254690533	0.100995273473575	0.0599171843310459	0.0323444538047429	0.0257870286441189	0.0322932463249981
Mix_34	0.124465759877665	0.0441814960237159	0.0862086075665747	0.0657330279185436	0.117474861123494	0.0227309484006101	0.0330784983540336	0.0379986614633371	0.0780428663885827	0.039924220443065	0.0274234929740733	0.060087225485211	0.0135532664124464	0.0110966004778978	0.0178853508227697	0.0550138889157882	0.0467573229922455	0.0384547033247761	0.0364230143581547	0.0434661866770162
Mix_35	0.116050108134209	0.0454373127888223	0.032773256344965	0.0376569491588377	0.136600306833279	0.0526982184253681	0.0180965975320256	0.112258800273082	0.095220497820791	0.0190439129994177	0.0148258606446035	0.0378088443328095	0.0131875122386079	0.0111775947222188	0.0182745516252028	0.0985424220337562	0.0540779527335042	0.0234690708818327	0.0299362205748627	0.0328640099018044
Mix_36	0.131172120653766	0.0494916699895448	0.0378223209111575	0.0408302427697696	0.124510201951258	0.0388435973495286	0.0181133608671107	0.0895249512556346	0.125236449241982	0.023495595954267	0.0198628849510834	0.0411314474513297	0.0143362362451618	0.0114257112643564	0.0159546735777643	0.080503937905487	0.055578919748634	0.023477510505294	0.0272214903674824	0.0314666770393873
Mix_37	0.0674873938651946	0.0318963265321875	0.0417088754723276	0.0435542434471528	0.148393921752999	0.0592692283715288	0.0210099684678406	0.0738004982538634	0.153248861009342	0.02751203525825	0.0193734426077534	0.0499348651663224	0.0183397485845908	0.0123717421427517	0.016161012445287	0.0657575360784343	0.0519398613108861	0.0354488884627843	0.0306365468735012	0.0321550038970026
Mix_38	0.045576091386089	0.0210674766188756	0.0661088658701493	0.0521309672187874	0.121069678919012	0.0431123092013451	0.0293078778186983	0.105330363055978	0.112118454547513	0.0331950079029843	0.026577916291421	0.0606069735727126	0.0145246120706595	0.0121953645236379	0.0169362699157152	0.0924671634979068	0.0512201442703027	0.0352119343070332	0.0295552272433021	0.031687301767877
Mix_39	0.149792197871961	0.0468646239734927	0.0826076143960172	0.0670249673789805	0.0685178140429712	0.00881034456055634	0.0337824230705678	0.0827539831691984	0.0689850917798157	0.0327821478139373	0.0299274704498694	0.0552266769424	0.00964242324199102	0.0111592688237512	0.0146511715024859	0.0627652963128508	0.0545947472032392	0.0367097240087249	0.0314678450980508	0.0519341683591383
Mix_40	0.128755151304665	0.0517382238517925	0.0379518433135887	0.0363864846871819	0.155234936022102	0.0625428582594583	0.0168503981645189	0.0643160071268295	0.139132248268704	0.0240475767382225	0.0174826295851499	0.0360858491772579	0.0158204364445505	0.0117244045543297	0.0156662193750859	0.0596157626478482	0.0513602040048107	0.018323253082642	0.0278831160838239	0.0290823973074381
Mix_41	0.102191463249024	0.0504354581786564	0.0485752813078982	0.0383808195387368	0.144767858543997	0.0659858337086966	0.0221365262003026	0.0782413554529374	0.0939311020201756	0.0320780646953472	0.0201452857972121	0.0488040575329957	0.0126883267404431	0.0112092095065837	0.0209849985020944	0.0690102973183309	0.0507498275726653	0.0348351216756029	0.0321120941749666	0.0227370182833337
Mix_42	0.129196457037686	0.0487957108120718	0.0348980587300821	0.0364357031422367	0.0876564069393553	0.0128017181529817	0.0155668136547846	0.125196018761335	0.170898337824804	0.0177517744645812	0.01877959917301	0.0203478936587471	0.0165673997583821	0.00955063695536421	0.0134418732913551	0.100285211737597	0.0651471292398579	0.0223024578019752	0.0245484910012186	0.0298323078625746
Mix_43	0.142768936473868	0.0502290742435511	0.0593392299886623	0.0535494339758877	0.127097701275093	0.0397636016019554	0.0266811595511377	0.0480923008668185	0.0989986616729767	0.0302626238358268	0.0235038852556388	0.0515436036078227	0.0129059238962785	0.0113633104596128	0.0144508240715473	0.0508963691224234	0.0492505625056187	0.0318276787260385	0.0335083157177656	0.0439668031514766
Mix_44	0.0604816619576812	0.0282869230102005	0.0680084184641949	0.0555073828776289	0.135900624795608	0.0531174920443919	0.0298964914844503	0.0851656618248493	0.0789655694221069	0.0296551392985353	0.0272012628570665	0.0676236783649651	0.0124821762764872	0.0141158952970808	0.0188631742914556	0.077259682708435	0.0483342318195936	0.0352321938819091	0.0339142761938535	0.0399880631295061
Mix_45	0.0765118789828547	0.0244718463731102	0.0539565518826355	0.0430440117577044	0.108228585936767	0.0373115321708183	0.0232580816190735	0.083072173164611	0.180858704206592	0.0301664780058037	0.022076083118197	0.0433101960170441	0.0181639462905186	0.0093401662638527	0.0147566738505062	0.0795862077208886	0.0562153452693537	0.0340488186184054	0.0279097591034702	0.0337129596477933
Mix_46	0.138736388764121	0.0393019486277625	0.0456355009244509	0.0441727704544249	0.0642523777403906	0.00623217648750355	0.0212112481122079	0.1074356209088	0.183474235102978	0.0165496040572699	0.0207691695109959	0.0339011257881594	0.018909135025346	0.0103395904423947	0.0137470860772731	0.0787227466145007	0.0651013051771315	0.0288750382390297	0.0231810451978649	0.0394518867473952
Mix_47	0.10202170740108	0.0359709949248373	0.0737210669850806	0.0583762577010539	0.120939843667141	0.0396151515740721	0.028340120143729	0.0469845175976078	0.0987190905139892	0.0352809034223433	0.0280531196774364	0.060775071442114	0.0155716740657811	0.0126274706687805	0.0174447758496127	0.0530676443946736	0.0516977493711989	0.0413758789249679	0.0304577228007763	0.0489592388737241
Mix_48	0.132080921663731	0.0601556327797788	0.0393113444366911	0.0407851355168541	0.121046350296779	0.0391455199747047	0.0202935709810887	0.108776724033754	0.104401497724312	0.0164018081463707	0.0177866696548318	0.0334627422688946	0.0124444994340945	0.00912548627177276	0.0174666509101957	0.0867606424923347	0.056070067261175	0.0240767850897665	0.0296653958343098	0.0307425552285602
Mix_49	0.0880152447508628	0.0393998981560549	0.0210091631598797	0.0313211720587879	0.16570756199587	0.0731505986742444	0.0106654450786147	0.123677818337875	0.129241213130106	0.0127902065595781	0.0124448383990374	0.0291281514477765	0.0134088599864324	0.0124391481403091	0.0182469001848637	0.0985142579468604	0.0526611158332634	0.020264534231983	0.0256426680456222	0.0222712038819782
Mix_50	0.0609125823888005	0.0328975725771252	0.0484651954487449	0.0383691336048865	0.0825413677945586	0.0155683332294064	0.0196058787818069	0.123846567339515	0.203735918531892	0.0348416114712305	0.0225924981603483	0.0318686971922473	0.0196381514180657	0.0104988998528645	0.0144126943110308	0.0957622405471974	0.0612875968620951	0.0264832051772856	0.0244905578214514	0.0321812974894478
Mix_51	0.119393697420778	0.0476369865012827	0.0460193802710414	0.0456850110727534	0.109446063670343	0.0234387598059282	0.0206909525613418	0.119981142936194	0.103159179053312	0.024834153248831	0.0197278387811265	0.0382999347339376	0.0151194712209738	0.00995694260832497	0.0148272987046559	0.0953085468251361	0.058982744898667	0.0244365096654364	0.0293030624347449	0.0337523235851917
Mix_52	0.0368072202827586	0.020917400272062	0.0425661883456978	0.0366578718034671	0.13033019486135	0.0486904116807722	0.0191624440171613	0.100867603918639	0.20362927760778	0.0263343829668145	0.0187908491309435	0.0414738192422712	0.0199021403003948	0.0120174895158841	0.0187153684611293	0.0864623996258486	0.0580665991835564	0.0225489855665137	0.026849926884572	0.0292094263323838
Mix_53	0.107090560069301	0.0413625557482585	0.0675967390718995	0.0549967463863334	0.0984594101308763	0.0223914808578226	0.0268012774409966	0.0744060661782672	0.123993362757449	0.0325583497822977	0.026831410301744	0.0525419199734487	0.0143395802285172	0.010231795007866	0.0148451322182157	0.0722080768959358	0.0543811755233296	0.0319374674256769	0.0297497832206124	0.0432771107811518
Mix_54	0.0667027229842758	0.0321727116415003	0.0796743932265581	0.0608212593125601	0.158721929778463	0.070045958358879	0.0397864529582457	0.0298419872195639	0.0574021113897092	0.0349985687498593	0.0311669196188938	0.0903906961989663	0.012794613217079	0.0159507014387923	0.0205675809228187	0.0457079792870538	0.0420617229791278	0.042664741135634	0.0380562232180902	0.0304707263639293
Mix_55	0.0477703010984524	0.0261567002341312	0.0361839166638018	0.0394210441136798	0.1638949377164	0.0722788378613925	0.0229306060575869	0.0921190000520808	0.154374354424708	0.0167299346351021	0.014282117072815	0.0467945150432182	0.0151561617380958	0.0149138559266619	0.022951708735998	0.0730122368312363	0.0539172153895216	0.0321772843231441	0.0296413941488823	0.0252938779330914
Mix_56	0.064788827808768	0.0215924344146684	0.0587420414982189	0.0468617529322254	0.0983865011831252	0.0213545411501795	0.0227489497278048	0.101389681858993	0.186287139892436	0.0299066274127279	0.0260926693468017	0.0521517719415086	0.0228719156403559	0.0118582661449703	0.0118874358372461	0.0757071392694195	0.0604129862895473	0.0280090050852151	0.021893668779463	0.0370566437863258
Mix_57	0.0157057324187662	0.018429043869976	0.0459581493137499	0.0464478134241262	0.170590472542345	0.0893268064510132	0.0282207180126722	0.115517883730016	0.0707852056510416	0.0238902985172154	0.0248119640222121	0.0682350994963772	0.00893977903186825	0.0140197716820089	0.0242385321833801	0.0958170456409733	0.0511373409913509	0.0371625441569979	0.0286225178662745	0.0221432809976357
Mix_58	0.0810461362743359	0.0516517547019614	0.0422033395825909	0.0392005055566059	0.103917782887223	0.0198926092365423	0.0207763348828571	0.153572420396871	0.145179474558307	0.013974098879204	0.018765923169422	0.0333822869914834	0.0121176921631956	0.0126027128889349	0.00771714142583918	0.10109092816111	0.0609512872199433	0.0229575373793357	0.0333572966220824	0.0256427370221551
Mix_59	0.0695934007835756	0.0334868368966199	0.0370623482833546	0.0406091009072779	0.169314654458583	0.0873758699325413	0.021238435803668	0.0721413437901784	0.126060570420303	0.0273222770589365	0.0181386415368157	0.0504704499350345	0.0176216807967543	0.0132233726185122	0.0193949286326724	0.0588134119626056	0.0500728024781139	0.0265652514286795	0.032124352262055	0.0293702700137191
Mix_60	0.199516181460663	0.0707012186588751	0.0119353196253691	0.0238531876581919	0.0992358687620035	0.0225034903061464	0.00561931558402023	0.0816368609433207	0.222385095289831	0.01426500103344	0.00751007980042491	0.00621758763394275	0.0193335145148829	0.00647606185582996	0.011012423872713	0.0804043737092845	0.0692670846936216	0.00610087759208744	0.0181246069113881	0.0239018500939644
Mix_61	0.171551026828104	0.0518918257764361	0.0498415973732887	0.0516911996105322	0.13655028575685	0.0433262818871526	0.0238038865604867	0.0392282712813846	0.0877588002773367	0.029065673186898	0.02193749845445	0.0461268448369891	0.0114922826912635	0.012400697400842	0.0181204426482391	0.0498425768741759	0.0503481004601093	0.0290794348222286	0.0348888987308008	0.0410543745424315
Mix_62	0.228190066113002	0.0830463695834273	0.0133543380280156	0.0251514083442889	0.17592751311663	0.058635296140927	0.00913272001442498	0.0615520542217187	0.0925052562107424	0.00535858575586419	0.00930670596570692	0.0145163922419905	0.0128611921470491	0.0100282580230412	0.0170575126824025	0.061637064384627	0.051796533311295	0.0142351097574936	0.0294793265994984	0.0262282973578539
Mix_63	0.0461233723571411	0.0298522987637723	0.0715974219991685	0.0588073052294429	0.149112806998657	0.0649815527114923	0.033834173863073	0.0517662398465212	0.0777615647375785	0.0368661308117888	0.0300627928463396	0.0782688835796291	0.0143614964678803	0.0152303746044932	0.0199552026540036	0.0613388885953277	0.0481399721635665	0.0472145979134873	0.0348535482933799	0.0298713755632567
Mix_64	0.112757478481601	0.0369164503500651	0.08220098649587	0.0630850185403644	0.105452832693497	0.0237510730858111	0.0318463317529353	0.0442912822223555	0.106427458096927	0.0366351471746158	0.0298737166264943	0.0641177097344924	0.0164199294148352	0.0114837728479374	0.0145646100662072	0.0484100705760499	0.0520632925964189	0.0400233841824454	0.0322138415090415	0.0474656135520366
Mix_65	0.107786998780382	0.0425044225209091	0.0681379641641902	0.0562624991680939	0.100597566858131	0.0253535492167904	0.0263776224006766	0.0679240307577768	0.122360119789963	0.0325317985479215	0.0266144777230025	0.0518902277460744	0.0133443414400282	0.0111934921971847	0.0143857156204904	0.0702059973622712	0.0547635249027791	0.0327039507377461	0.0304794614272585	0.0445822386383293
Mix_66	0.146015149992547	0.0568189003670371	0.0207737249765302	0.0311788012816691	0.135578314410581	0.0392140546049085	0.0124544787820676	0.114956395613782	0.124555783545879	0.0135023588136097	0.0121541570908575	0.0277471512757151	0.014136265754176	0.00956508548232295	0.0142594606791183	0.0902124326398226	0.0580567789088535	0.0199396687436021	0.02836506055866	0.0305159764782613
Mix_67	0.192417309790376	0.067863191002326	0.0681356981469698	0.0599197071613051	0.116969130289993	0.0244898367258866	0.0280178981663952	0.0499228605314883	0.03278387487595	0.023467776741545	0.0271377204709271	0.0552922038185584	0.00561373626375206	0.0106030904580786	0.0174333908477879	0.0556033518499599	0.0469559574464243	0.0347099054985948	0.0330229364296056	0.0496404234840767
Mix_68	0.0801611811312362	0.0294649333418723	0.0542334964530425	0.0444441596687674	0.0834824411971222	0.0122666263880825	0.0237244504372178	0.107671201669466	0.183226722997303	0.0364002108527281	0.0237785800114415	0.0378666725317927	0.0181171930894286	0.0115806165710434	0.0150003834056257	0.090719649274181	0.0604807946959063	0.0269623398575152	0.0246941751922495	0.0357241712339783
Mix_69	0.183033279323902	0.0615219334542367	0.0357509436759062	0.0407473945078061	0.133323219839917	0.0434464429000027	0.0169479972458666	0.0553427073502797	0.113010090551551	0.0195199953698988	0.0137733089202921	0.0290414191197282	0.0154920592239362	0.00947566542430899	0.0156612899465973	0.061553771326639	0.0539073169576186	0.0267641831576248	0.0302078862202797	0.0414790954836074
Mix_70	0.0804650000415405	0.0294183250505197	0.0481160746710772	0.0382956914746724	0.0925025240564119	0.0233928950215089	0.0198118285746033	0.124761770749814	0.171065667548835	0.0300585363652004	0.0197419016727327	0.0346191863583304	0.017152827369546	0.0102548811512656	0.0140640017473236	0.0957961498460751	0.0594969102811374	0.0301701532959741	0.0252932918137784	0.0355223829096529
Mix_71	0.102787287709739	0.0409796577596999	0.0360295355846699	0.0376188804828284	0.146544976671086	0.0527447414383123	0.0205631173810736	0.0611007621886429	0.156456079525586	0.0245263421441669	0.0191626638699513	0.0459674388156744	0.0188893756411117	0.0107166332546813	0.0155894670493488	0.0615349217599105	0.0536512702949655	0.0315641267846818	0.0301826043827699	0.0333901172610994
Mix_72	0.0687279842115208	0.0253516474704061	0.073944393716776	0.0578285938949694	0.0661686322930489	0.00966666613506831	0.0299653073423233	0.1369466910911	0.115670611349248	0.032268770910501	0.0291269937171508	0.0489415954518684	0.0155249164825964	0.0108702918954056	0.016181893911951	0.100084360539978	0.0590765531296063	0.0348392395937636	0.0276176909265633	0.0411971659361551
Mix_73	0.0413403094795175	0.0217130138993239	0.0370529345426073	0.03684226061539	0.165145173972911	0.0661619062137633	0.0191180731142845	0.0922511588926024	0.154355287332938	0.0198150031847747	0.0125000014164579	0.0502440682479794	0.0186450303077531	0.0127854169633123	0.0222097205452278	0.0859145864884969	0.0566229867115056	0.0301934453233773	0.027265824568533	0.0298237981792441
Mix_74	0.161422343004027	0.0599032973413562	0.0550672859977242	0.052564549987036	0.133317106776854	0.0487299372514279	0.0263478312843663	0.0338633881511494	0.0771835513329485	0.0319179793475949	0.0227148312368396	0.0545983462200826	0.0102803754564881	0.011796709230683	0.0174006316454334	0.0457674466957602	0.0463075443779569	0.0339771477249263	0.0331412702617582	0.0436984266755871
Mix_75	0.106657180519838	0.041643491013066	0.0287326758315872	0.0366755718065136	0.170053843388739	0.0694785929977405	0.017394746964766	0.106108923104672	0.0918365414305604	0.0140333172204918	0.0139553544792064	0.0367964336194709	0.0109917712073849	0.0122875194499124	0.0188237390734607	0.0956575375539817	0.0486354120032203	0.0190320191203426	0.0335257586690154	0.0276795705460294
Mix_76	0.109591488698239	0.0431576939278184	0.0232967594160984	0.0322904608555753	0.170481200610204	0.0733335499122901	0.0120032975709651	0.0857553585784173	0.127123606460356	0.0167013561115995	0.0112039949817323	0.0337632963716538	0.0187570515501313	0.0115882534935053	0.0181486073260714	0.0833816843036447	0.0513176572877902	0.0256632112505876	0.0302570034335356	0.0221844678597845
Mix_77	0.0876502959002092	0.0371731070188466	0.0742350994059882	0.0563758166444588	0.121100040389895	0.0364987339099138	0.0303181523851007	0.0812992529334497	0.0699216480294916	0.0323900375971272	0.0285356463540893	0.0643484554847277	0.00875928183901125	0.012953436570752	0.0180472869580543	0.0719126105983943	0.0498151488486044	0.0390987703129971	0.0333074673020896	0.0462597115167993
Mix_78	0.0542364716052397	0.0282511510284261	0.013874437922171	0.0242230701652935	0.148868846200296	0.0575313782909585	0.00993059598003726	0.148171632208123	0.192663932928106	0.0224447549493018	0.00747154534310808	0.0202275539646131	0.0197787807031003	0.00974499186352217	0.0151221512793624	0.12033682792365	0.0593061654384564	0.0105550328843393	0.0236314285888599	0.0136292507330355
Mix_79	0.0588077642665527	0.0269907970618821	0.0618656916443009	0.0548026079883397	0.174127791314588	0.0892689202627712	0.032959199844019	0.0489059005170666	0.064559312730169	0.0300501882128445	0.0301834309301501	0.076379825959507	0.0108563065966126	0.0138982259187131	0.022093858816811	0.0484355369379962	0.0441076145851479	0.0382334895635925	0.0372337512544734	0.036239785594462
Mix_80	0.104905703110182	0.0481301709961496	0.0513643698606571	0.044127034457247	0.108508832731193	0.0374014076563791	0.0186316572981913	0.127542066642456	0.073854896167386	0.0290688218312027	0.0199894948419383	0.0470336435710103	0.0113281581989631	0.0109951399060591	0.0170246661642657	0.107971876714363	0.0503209542550165	0.0260550610040641	0.0307173931625376	0.0350286514307383
Mix_81	0.104904791016007	0.04493542361265	0.056092716550905	0.0505544997424599	0.135141301442268	0.0482681209223861	0.0252751558766999	0.0580601791888536	0.118721760013366	0.0278400459900948	0.0234311283528872	0.0553443533640003	0.0156067006601495	0.0120374531815745	0.017985913725011	0.0519031494119077	0.0516849152031996	0.0317953805040287	0.0328432805933875	0.0375737306481644
Mix_82	0.157797427099984	0.0574274609431778	0.00575176594958069	0.0157200580119825	0.161064083931445	0.0579602514278526	0.00340842029864169	0.103623094053628	0.179493942138407	0.00515195706613588	0.00399950321474994	0.00811626593528942	0.0166576693361356	0.00938632174221277	0.0156351855440776	0.087424782111607	0.0626015578990235	0.00820301229229932	0.0222048246558037	0.0183724163479648
Mix_83	0.142864981305359	0.0539447079974313	0.0505392066326439	0.0473897517398857	0.129494516670223	0.0414760331656103	0.0233450505216286	0.0616818355367228	0.0985736700427932	0.0283545157364634	0.0215825468602604	0.0461880411830544	0.0131856184789062	0.0110224432573466	0.0155592357907514	0.0615714647147407	0.0503704246184442	0.0295761920295112	0.0305499049938972	0.0427298587243255
Mix_84	0.096267150918545	0.0339274120785579	0.0584586995488677	0.0484718672689259	0.097066203856005	0.022717535104811	0.0232018629642291	0.100685982157003	0.141917734106285	0.0292723383442083	0.0235747500185093	0.0447534574994005	0.0121298801980815	0.0107473677480947	0.0164163867927418	0.0798029123108412	0.0563620485741344	0.0321683429396358	0.0279833113804328	0.0440747561906897
Mix_85	0.127415038824682	0.049466694075914	0.0215237312074219	0.0334075051948384	0.159729001788368	0.0497511829765495	0.0115128041939896	0.11231701119114	0.118738546707974	0.0155766496923389	0.0165615239905243	0.0283565339385942	0.0168196912551148	0.01082069273864	0.0175939207434904	0.093007647116853	0.0533167374546069	0.0128677391659782	0.0256746669701608	0.0255426807728209
Mix_86	0.0781134945291641	0.0350570166969549	0.0605816924686949	0.0505208289640744	0.138674972646138	0.0554183963641085	0.0279299948819075	0.0525371340344534	0.125911503938906	0.0295445005215872	0.0248009484555515	0.0590214459428463	0.016811000085111	0.0130527838712244	0.0180129776162925	0.0542364675321936	0.0495773957469577	0.0359912053984577	0.0317288603494557	0.0424773799559204
Mix_87	0.232744413332493	0.0764260699720879	0.0594583981868309	0.0563835667691379	0.129522518264342	0.0361464443253083	0.0243263350403356	0.0158905746134048	0.0324368234009127	0.0292402829144198	0.022402579167297	0.0451939612069123	0.00836504933820661	0.00969315053968548	0.0157129429750717	0.0452077084917756	0.0429946973967126	0.0299288981282501	0.0394095187356958	0.04851606720112
Mix_88	0.148289528464718	0.0470372869924221	0.0412323132178304	0.043037848211235	0.0587890906673892	0.0075712803094009	0.0178982387073089	0.128950536492974	0.157128742087755	0.0257643267418543	0.0199873661628172	0.0225882501194456	0.0142502793923997	0.00795700431159861	0.0124447221780815	0.0998652013299492	0.0619405888165897	0.0253090200708566	0.025655240077535	0.0343031356478391
Mix_89	0.0214356612943297	0.0152395996469115	0.078124527467696	0.061035124383987	0.132718321077268	0.0578168207789577	0.035999449138218	0.0904453144884988	0.0983763086817633	0.033032122841479	0.0320319101672797	0.0724219887998957	0.0143293357292073	0.0139253014403189	0.0183366608568697	0.0752055692693131	0.0468969500146936	0.0431114459856449	0.029432754340371	0.0300848335972966
Mix_90	0.134654090553697	0.0473220642973054	0.0170782002819903	0.0309915611771088	0.192171810562857	0.0919264697025794	0.0121151640587796	0.0779310069682182	0.0651138364336649	0.0276990278375371	0.0125143815684208	0.0280817821629796	0.0108116355967013	0.0119531227973586	0.0181204703907519	0.0927545962819771	0.0496055672625118	0.0157793519410359	0.0347563427200335	0.0286195174044917
Mix_91	0.245303906825466	0.092228898143986	0.0236276109010201	0.0376900095186579	0.135868003053684	0.0369327005325497	0.0104224488449525	0.0912677503529655	0.0436624464876378	0.0123515162331975	0.0130697313831244	0.0245672889806131	0.0102182150425865	0.00955164382270596	0.013349978659463	0.0698644986973233	0.0497029613541112	0.0191000659544938	0.0318302521074468	0.0293900731040142
Mix_92	0.123626439083169	0.0482335476023967	0.0483536977761433	0.048713608810474	0.150094884859114	0.059410182822419	0.0242160677017638	0.0827959097350545	0.0476523089077544	0.0270026960658149	0.0206369343446749	0.0546305311448075	0.00887677973330506	0.0124428765144514	0.0194259560794817	0.0712965672046756	0.0455402115198212	0.0342029446053654	0.0344795187774395	0.0383683367118741
Mix_93	0.0728832221290966	0.0267730993280334	0.0814177230731881	0.0550899629512384	0.024837851305087	0.00360840491329217	0.0331537806396419	0.146738877959519	0.125998974159645	0.0436610843586738	0.0293300032741808	0.0493466745299453	0.0200471754737549	0.0100150288024017	0.0138982873823341	0.0932881260410646	0.0665950841332641	0.0302928462535245	0.0242531585448321	0.048770634747282
Mix_94	0.163292814665083	0.0603584322341132	0.0413980476668146	0.0436204606990088	0.0845058069625199	0.0138385582213422	0.0163557864714844	0.113542456239811	0.12702220686686	0.0274211584669477	0.0182563209772352	0.0264488767441236	0.0139724635625548	0.00901210684022969	0.0100219047231559	0.0886208267718457	0.0614778279604065	0.0212629973898325	0.0261035619079277	0.0334673846287036
Mix_95	0.101416275841123	0.0473999497832281	0.0375822940899897	0.0401404273502031	0.135749600819448	0.0492236939048444	0.019937960649853	0.136761622515245	0.0718380847845758	0.0172706955618604	0.0176682523473426	0.0446195246312091	0.0107286981129857	0.0115874049448924	0.0144440324432015	0.10811796385552	0.0546272458371696	0.0222763717864316	0.0300683316087747	0.028541569132102
Mix_96	0.0568966294856021	0.024019740463253	0.0454576045118299	0.0411083952290631	0.111309025674634	0.0305289672930341	0.0202634110041389	0.152013117582016	0.143780723890021	0.0299513877147151	0.0214555137808327	0.0419048330939405	0.0120566142025827	0.0117615423383104	0.0137436136992036	0.105787557534488	0.0602410371419185	0.0269662051930398	0.0263685833981026	0.024385496769274
Mix_97	0.126083465456482	0.0473714025295158	0.0639401155753411	0.0557868344735054	0.134966425470328	0.0490818151780517	0.0275720234153528	0.0435501244072502	0.0894566809006769	0.032511597829351	0.0256262274667307	0.0580686554791073	0.0124678455404215	0.0119640099737302	0.0172910637262036	0.0474794626972195	0.0456148100410314	0.0335590202570313	0.0318666314834336	0.045741788099236
Mix_98	0.153219984633443	0.062723929776175	0.116567112288888	0.0766649127514796	0.0313020628021408	0.00194384745649437	0.0377814710321984	0.045301614447462	0.0471530304322818	0.0314970598016569	0.0361609243937381	0.0647415090315064	0.011457204221474	0.0122680485742683	0.0136869897055004	0.0536301689478473	0.0549813752755674	0.0399553584769495	0.0347483318096943	0.0742150641412343
Mix_99	0.0140210021911527	0.0164599832348269	0.0241808858570101	0.0243939605644497	0.112198157567882	0.032138897551857	0.0153890507858342	0.222186702957302	0.167097075152575	0.0123983826653546	0.0135148790596163	0.0304315204829288	0.0220235933067867	0.0114808665117658	0.019130292601363	0.146961319793489	0.0667535540066861	0.0147269585068303	0.0193892335813952	0.0151236836208939
Mix_100	0.10643897381778	0.0496128172157578	0.0779211550243487	0.0614279106699691	0.122356172700737	0.0408628427587812	0.0325717140752559	0.0715613526231684	0.039937891882045	0.0294321969571854	0.0296318701330716	0.0634756870026677	0.0101645621717256	0.0125335088832753	0.0154621801372778	0.0618055503542194	0.047590210802201	0.0431254415205088	0.0354028444338401	0.0486851168361834
