B_cells	Blood_CD34._cells	Dendritic_cells	Eosinophils	Fibroblasts	Keratinocytes	Lymphatic_endothelial_cells	Macrophages	Monocytes	NK_cells	Neutrophils	Plasma_cells_CD138.	Platelets	Reticulocytes	Subcutaneous_Adipose	T_cells_CD3.	T_cells_CD4.	T_cells_CD8.	T_cells_Gamma_Delta	T_cells_Regulatory	Vascular_Endothelial_Cells
S10001	2.76713952811559e-05	0.65625007738345	1.36793616687288e-07	1.41235076702968e-11	5.60424057538726e-09	4.28177644134949e-12	6.1779139368507e-09	7.73222513870559e-08	3.67691433013173e-11	7.44185815992547e-08	1.17376526417197e-13	1.3797343676288e-09	7.34425318274303e-16	0.341533932767548	1.27552291024239e-12	0.00216421692801939	2.66725239572055e-07	2.3270428236878e-05	5.28376701874521e-08	2.08230943995989e-07	1.55070377356709e-09
S10006	2.92948586528627e-05	0.659661299742408	1.24330120914018e-07	1.04867917659146e-11	5.04650528242076e-09	3.88460790729657e-12	5.86073816154988e-09	6.42306214808233e-08	3.01157496989042e-11	8.98284940480977e-08	1.07570082037167e-13	1.37869257310201e-09	9.14087505325436e-16	0.338671355187067	1.2055851120333e-12	0.00161584671253566	2.5321503544937e-07	2.14213396209989e-05	5.30534579859838e-08	1.83703575290767e-07	1.46667323492641e-09
S1001	2.90798102056875e-05	0.693004256879132	1.47705450543627e-07	1.29226258958295e-11	5.11961185488314e-09	3.97519682117897e-12	6.06973386471576e-09	7.08026716437143e-08	3.98664658765423e-11	1.14587618050331e-07	1.09556423438419e-13	1.65224495537012e-09	8.09114310720252e-16	0.305271514694001	1.23840780277781e-12	0.00166935357343171	3.15548613081888e-07	2.48600278884318e-05	5.94632377138459e-08	2.1250289367959e-07	1.50515269404323e-09
S10010	2.70456164701335e-05	0.69357984920603	1.52869387490202e-07	1.50442173853436e-11	5.40492075248585e-09	4.19834704316997e-12	6.1382400286493e-09	7.73343268279409e-08	4.81509474210734e-11	1.04207586833263e-07	1.63793338411082e-13	1.63833047993581e-09	7.12828440253328e-16	0.304375368296723	1.30627390047192e-12	0.00199022999878761	3.16383195070853e-07	2.65557887831155e-05	5.88810193552056e-08	2.26578665699423e-07	1.58866843486318e-09
S10011	2.97342935615616e-05	0.672917322239572	1.40763892977329e-07	1.28768660182412e-11	5.81259195312449e-09	4.46581887134678e-12	6.70909039574459e-09	7.96313244946348e-08	4.81097056275961e-11	8.81607612607706e-08	1.23317309469975e-13	1.6136986912239e-09	6.84654393517885e-16	0.324432789761236	1.35197757394272e-12	0.00258753346679415	3.20173393775001e-07	3.16891765015819e-05	5.57396447827231e-08	2.30803785128281e-07	1.58722231271533e-09
S10014	2.76613120918316e-05	0.697499661855727	1.44177084350632e-07	1.54050361973643e-11	5.55123685800455e-09	4.29375300430606e-12	6.02780637657766e-09	7.36705806872826e-08	3.84713342515516e-11	9.89187305007922e-08	1.08065306684287e-13	1.42612353479887e-09	7.47174938249724e-16	0.30083071165986	1.30833095558935e-12	0.00161781885783968	2.6361584665008e-07	2.32953616795056e-05	5.60659890664552e-08	1.99958684989975e-07	1.48113224202172e-09
S10026	3.3459665274335e-05	0.717169837103261	1.54000889705145e-07	1.27151006194451e-11	5.04278512830568e-09	3.84244390964516e-12	5.7430490449868e-09	6.79812750263003e-08	3.8634400336167e-11	1.15708771074585e-07	1.32007390807587e-13	1.56600086032948e-09	7.27159322917624e-16	0.280826940290314	1.2079243361621e-12	0.00194356398401342	3.85870569906159e-07	2.51716804958878e-05	5.96982487068301e-08	2.30077065355308e-07	1.53145413167443e-09
S10032	4.12491031675963e-05	0.687022978819848	1.56226808505544e-07	1.32442263030269e-11	5.19144789703009e-09	4.03640832884171e-12	6.20360245620972e-09	8.3378578484108e-08	6.44554355752229e-11	1.07778028482585e-07	1.311713280057e-13	1.63603271996956e-09	7.58353682911297e-16	0.311057956684117	1.23430650640033e-12	0.00185352989898535	3.27981938518853e-07	2.3305668427848e-05	5.86189553423822e-08	2.31134784186464e-07	1.59217496300962e-09
S10036	2.66749609571554e-05	0.707822849380213	1.371356220165e-07	1.26997922514542e-11	5.38516437785475e-09	4.04241238245841e-12	5.91159827486549e-09	6.79332922090229e-08	3.38931569953572e-11	1.027515990163e-07	1.13347810357607e-13	1.51481768870147e-09	7.35130817405674e-16	0.290703355225008	1.30154349332785e-12	0.00142202179213034	3.0033550412274e-07	2.42251604490441e-05	5.35072358299296e-08	1.97407850556678e-07	1.54650734430424e-09
S10042	3.16458544048115e-05	0.698633392018888	1.35675945407323e-07	1.40677001319163e-11	5.14928655535967e-09	3.93033889320856e-12	6.01882202828262e-09	7.08382397477782e-08	4.30456846637901e-11	1.15812954897893e-07	1.28495085566657e-13	1.68933948938097e-09	7.82386085930132e-16	0.299398249879905	1.24461700565127e-12	0.00191068925534615	3.11918488378236e-07	2.5099625035104e-05	5.82261581547549e-08	2.16435877811921e-07	1.53889084884782e-09
S10044	3.14369157064088e-05	0.718792102198997	1.37767007355574e-07	1.34858141747552e-11	4.45986016430162e-09	3.37237928437024e-12	5.60751520456084e-09	6.57648713031862e-08	3.9058749213434e-11	1.08254754430188e-07	1.33102441601732e-13	1.56764986682811e-09	8.05517303483794e-16	0.27931202728614	1.11259600669488e-12	0.0018395099642771	3.63306674543599e-07	2.39529157053227e-05	6.11284211031958e-08	2.21391272852449e-07	1.413984053491e-09
S10049	3.80429243929629e-05	0.688119521610011	1.41219391861831e-07	1.50395326404116e-11	5.06002054774178e-09	3.78437725396973e-12	5.74934420572015e-09	7.1271713547009e-08	3.88414805843967e-11	1.03179954694461e-07	1.25510948540296e-13	1.54279464746118e-09	9.51685634128139e-16	0.309880458957349	1.20696438943134e-12	0.00193300180391054	3.56986147658899e-07	2.79914662343326e-05	6.07221987609542e-08	2.35918944703416e-07	1.5285929270486e-09
S10057	2.43790647923701e-05	0.648284294549235	1.43333255888434e-07	1.06975090969574e-11	5.86537156260167e-09	4.71666171326888e-12	6.45705765683138e-09	7.15778948820257e-08	2.79991435708589e-11	9.14065250616281e-08	7.62180066650292e-14	1.26346300612165e-09	6.19036387900486e-16	0.350036078612554	1.37895036806945e-12	0.00162958933098121	2.21092884830847e-07	2.48803749949312e-05	5.10485559782294e-08	1.84479473632713e-07	1.49809090214955e-09
S10062	3.26052708056147e-05	0.696804258818263	1.5174490800612e-07	1.33851159082917e-11	5.3455315340162e-09	3.97554662306217e-12	6.16742515289046e-09	7.64236329496646e-08	4.97735432373341e-11	1.01436646767028e-07	1.24915582716887e-13	1.54120875585954e-09	7.47410394912596e-16	0.301117486717968	1.26868838460421e-12	0.00201765212422419	3.4326661346629e-07	2.70214099695276e-05	5.87978031036982e-08	2.29362180944712e-07	1.50429116930875e-09
S10066	2.41746911673542e-05	0.687744954453217	1.43417452215392e-07	1.42919831679786e-11	5.20809734577684e-09	4.00557602989608e-12	6.09239630182604e-09	7.4425413327622e-08	4.14519674910013e-11	7.98579836673291e-08	1.61493241000808e-13	1.44223096609792e-09	7.65051248953845e-16	0.309989843050434	1.25091650378285e-12	0.00221733726436132	3.07282590982455e-07	2.28133678822649e-05	5.32951330196674e-08	2.04640120077165e-07	1.45035743094287e-09
S10067	3.55473647867117e-05	0.690540466220066	1.41972024026683e-07	1.34669473673676e-11	5.32707524852246e-09	4.06555893685348e-12	6.00528146989488e-09	7.1084289362239e-08	3.91615442874467e-11	1.33269294692141e-07	1.11802498381263e-13	1.54893808055448e-09	7.78554345760094e-16	0.307174894917738	1.24824949473247e-12	0.00222031533791466	4.07452689948964e-07	2.77041388056695e-05	6.33326569322836e-08	2.40420100965723e-07	1.5502833006991e-09
S1007	2.87219981552249e-05	0.690073387514637	1.31424430598315e-07	1.17421588362227e-11	5.087229188896e-09	3.92795870006275e-12	5.80686440968317e-09	6.59967456551807e-08	3.32572405873021e-11	8.38056875578404e-08	9.89721382106419e-14	1.27573703162926e-09	7.68033652112149e-16	0.308277391916297	1.19855792647234e-12	0.00159592781844449	2.42765492865151e-07	2.37967134018397e-05	4.98923561622198e-08	1.86482483224342e-07	1.4518121533224e-09
S10073	3.22463627345662e-05	0.701722728732496	1.49020626696069e-07	1.30719547517429e-11	5.16645155901907e-09	3.94059466405855e-12	6.03563500943179e-09	7.04285039299208e-08	4.23731785717427e-11	1.10530110503626e-07	1.29470321656199e-13	1.6063791216466e-09	7.9584099740295e-16	0.295640095836861	1.21516981373736e-12	0.00257219233568578	4.14215736488197e-07	3.16607819103545e-05	6.37368489524729e-08	2.53635334243255e-07	1.51395408744258e-09
S10077	3.15911921682635e-05	0.674315224232551	1.43911355990115e-07	1.67713710354551e-11	5.79024338097058e-09	4.4453787233585e-12	6.66494653440656e-09	8.13961471792327e-08	4.69521891522346e-11	8.85520939580725e-08	1.10624976243401e-13	1.50155520528266e-09	6.6310990185889e-16	0.323323769077121	1.37310299162314e-12	0.00230121273083855	2.50798547048196e-07	2.73484920857287e-05	5.62487993663381e-08	2.17753277354067e-07	1.58861646194751e-09
S10080	3.18907887273772e-05	0.684902771884187	1.46328255388093e-07	1.52043966517038e-11	5.51012569490623e-09	4.11318506479411e-12	6.46449305299458e-09	8.07809125178074e-08	4.92337067012512e-11	1.05673677429353e-07	1.2615348584434e-13	1.60592312396661e-09	7.26891424664696e-16	0.313061746781163	1.2785379881491e-12	0.00197390893747256	2.66708953856318e-07	2.87975329920107e-05	5.61616502755456e-08	2.13258571007448e-07	1.51293891675972e-09
S10082	3.74607433106936e-05	0.699273132650559	1.53953269580765e-07	1.41485352143031e-11	5.54680687770158e-09	4.12567019610424e-12	6.25201989841133e-09	7.96870105234252e-08	4.35566548633933e-11	9.7203882467551e-08	1.39264044652011e-13	1.9147765831033e-09	6.07354187251584e-16	0.298304205421324	1.30156865138749e-12	0.00235303255628858	3.979663341008e-07	3.10959212061103e-05	6.37515496316885e-08	2.64761068915296e-07	1.60732041800497e-09
S10087	4.37600972744976e-05	0.701940156486671	1.46343994273576e-07	1.41316416136587e-11	5.29132727872516e-09	3.84554507506269e-12	6.00671023994455e-09	6.70900557527298e-08	4.63292243008394e-11	1.05781794905245e-07	1.19888296791334e-13	1.56689946731729e-09	8.22705788393361e-16	0.295896501447588	1.24712726351391e-12	0.00209236591404906	3.64800147889285e-07	2.62128894568762e-05	6.25777649411109e-08	2.42117385522493e-07	1.52320644340402e-09
S10089	2.83340232395082e-05	0.664667727317226	1.35986392565989e-07	1.3705647512592e-11	5.66192250959919e-09	4.42988351343141e-12	6.13172144502312e-09	7.03445033667104e-08	3.61823542585348e-11	9.08225984771907e-08	1.20976731488402e-13	1.38674223751961e-09	6.83875936397491e-16	0.333215879962086	1.3453788166364e-12	0.00206267537209977	2.90781192141806e-07	2.45226543545902e-05	5.28503352683001e-08	2.05090619054254e-07	1.55918240478971e-09
S1009	4.13743576331143e-05	0.699463747063653	1.52563171492301e-07	1.32260928320131e-11	5.58055177162394e-09	4.12004055964472e-12	6.59843368600078e-09	7.8829601137225e-08	3.60536684182772e-11	9.98576243716446e-08	9.79502570439391e-14	1.87572523109185e-09	6.08670595775059e-16	0.297721714228674	1.27989582731629e-12	0.00274166133355966	3.38799706377113e-07	3.05057582380521e-05	6.70452689702419e-08	2.44551135268539e-07	1.50224498587962e-09
S10090	2.71586463456306e-05	0.665768675902692	1.43846505106888e-07	1.21370322452319e-11	5.890986600504e-09	4.42435839468405e-12	5.85704251315676e-09	7.29790770039637e-08	3.30456373831683e-11	8.18983798197599e-08	1.12208869254096e-13	1.3497383828115e-09	7.70537566523042e-16	0.331954686184125	1.39884447564983e-12	0.00222249046604593	2.6689175193844e-07	2.61589932754896e-05	5.47940117649243e-08	1.94697994089538e-07	1.5509100446512e-09
S10093	2.17497368170235e-05	0.670102475936917	1.2164493986268e-07	1.13976824360015e-11	5.33967305981752e-09	4.22072650112574e-12	6.08355448842024e-09	6.03588384902838e-08	2.71025192814094e-11	8.36638643910926e-08	9.54384147472038e-14	1.30714436936089e-09	6.86304875147717e-16	0.328449563294894	1.23165565122453e-12	0.00140431076140009	2.18772316895431e-07	2.11930196042965e-05	4.78293515712518e-08	1.60745900534494e-07	1.46073451063091e-09
S10094	3.16871691044922e-05	0.679490598756476	1.48832707011248e-07	1.44497025646501e-11	5.10955030121782e-09	3.98954169109018e-12	6.26124895872098e-09	7.41605017560859e-08	4.5602605542924e-11	1.15166903873057e-07	1.40492527700346e-13	1.56341698076173e-09	7.51858507707474e-16	0.318487908152407	1.2223930579787e-12	0.00196502052010548	2.98535566866987e-07	2.38399044526808e-05	6.11493662770794e-08	2.331001303629e-07	1.5526563458865e-09
S1010	3.04530443584176e-05	0.676094560171952	1.4314839725906e-07	1.28094782208567e-11	5.47899536515168e-09	4.2163007947736e-12	6.15158159535853e-09	8.05227393167887e-08	4.73727198087716e-11	8.90709607683058e-08	1.11546130376138e-13	1.51408360587528e-09	6.9548974636817e-16	0.321559512355518	1.29790534197095e-12	0.00228336580896091	3.01332641055821e-07	3.12210783513178e-05	5.51011369592662e-08	2.03626647058497e-07	1.52786719513519e-09
S10111	3.554262034986e-05	0.695097097412704	1.421360704475e-07	1.39323592532355e-11	5.17027812190054e-09	3.82554496829722e-12	5.91341112485176e-09	6.72723095097185e-08	4.23532116215121e-11	1.21297682538297e-07	1.20621949398393e-13	1.64499544686727e-09	9.75812289029047e-16	0.30252895041356	1.19236288299403e-12	0.00231148647795718	4.26978519678432e-07	2.58449707558813e-05	6.27689136123913e-08	2.43329941955913e-07	1.53112529834162e-09
S10116	2.73615290420674e-05	0.646077585789331	1.40378798972918e-07	1.08421078170257e-11	5.55872897909272e-09	4.16453973125695e-12	6.29211161267597e-09	7.28263126693922e-08	3.50931646083847e-11	1.06189665472639e-07	7.39602752693017e-14	1.4861983735445e-09	5.73836086595611e-16	0.351216181690558	1.28120489722529e-12	0.00264429158146137	3.05137009529328e-07	3.36702379311278e-05	5.4710496801253e-08	2.15047114546165e-07	1.49378355062397e-09
S10119	3.17803350981889e-05	0.71000107878708	1.38340984173394e-07	1.21149418881399e-11	5.19305515041909e-09	3.975448852116e-12	5.89103512426129e-09	6.59870700112702e-08	3.52803598961051e-11	9.47346994404289e-08	9.88556238416118e-14	1.54257201271176e-09	7.07838310285846e-16	0.287887046343849	1.19899324185745e-12	0.00204959130002677	3.40614707695948e-07	2.95807262941189e-05	5.46891159368355e-08	2.14007761247732e-07	1.45398253410016e-09
S10121	3.30650404816247e-05	0.689102115978042	1.49582980273156e-07	1.32427941958792e-11	5.73245271848877e-09	4.42947156268766e-12	6.23536881406195e-09	7.79580912651825e-08	4.22056366268706e-11	1.17745252125952e-07	1.30837373095046e-13	1.60198713205143e-09	7.09492850427162e-16	0.30877582601737	1.3818492006751e-12	0.00205618116043577	3.44498392445884e-07	3.18080710208387e-05	5.89997460469853e-08	2.39686656916452e-07	1.6303306139429e-09
S10130	2.47195351625738e-05	0.681323078284728	1.39548721081706e-07	1.16230747070375e-11	5.37097800451074e-09	4.34331247716885e-12	6.08191968841457e-09	7.19086655739445e-08	4.1285663441721e-11	9.42083016628765e-08	1.21396907424866e-13	1.38520128968274e-09	6.59325297835004e-16	0.316856972604208	1.32171814328247e-12	0.00176897572280362	2.572590621726e-07	2.542186287805e-05	5.35578121878853e-08	2.01074536742759e-07	1.53632537703945e-09
S10140	4.24076840054718e-05	0.690270193711215	1.55719630891809e-07	1.46704828610746e-11	5.18420732438046e-09	3.95888890464682e-12	6.17399662040895e-09	7.80462996100562e-08	4.73870816997718e-11	1.04873153403931e-07	1.63980210564482e-13	2.10472060932249e-09	1.04924728344758e-15	0.30767191165608	1.30435130012598e-12	0.00199151121602485	2.82046524398209e-07	2.30496953149779e-05	6.80622933718374e-08	2.22180672742688e-07	1.57837572210087e-09
S10142	3.85175938284754e-05	0.687682233387788	1.39343136904347e-07	1.32795857176347e-11	5.21165793686477e-09	3.95216159714849e-12	5.68118077392522e-09	6.80708920071525e-08	4.11042698414261e-11	1.38146063783211e-07	8.84157479229004e-14	1.50653371112637e-09	7.05904715040694e-16	0.310542335251147	1.24420231766356e-12	0.0017104146914835	3.04636481332035e-07	2.55601941911767e-05	5.76488419853599e-08	2.17106298874733e-07	1.47080474350645e-09
S10150	2.45126462783317e-05	0.667014377997753	1.52323759301487e-07	1.23813547631229e-11	5.62048352083618e-09	4.48620116464582e-12	6.57592199649206e-09	7.63007404556355e-08	4.21002551162939e-11	9.50900248442147e-08	1.50301157520589e-13	1.47206246863114e-09	6.49304040513216e-16	0.331554168999996	1.32889778542527e-12	0.00138419307554085	1.89913612581653e-07	2.19788795183223e-05	5.20123348389531e-08	1.87477168599944e-07	1.55435704243762e-09
S10155	3.31670111100846e-05	0.699526336254974	1.42223368024183e-07	1.61800947123021e-11	5.30790359370738e-09	3.90605336614229e-12	5.91342263021235e-09	7.16402610713755e-08	4.31603783812953e-11	1.01516138980195e-07	1.11421359081025e-13	1.47821334284393e-09	7.46291518634265e-16	0.298083833415966	1.24244860833196e-12	0.00232768967067817	3.78530084629488e-07	2.79849540094401e-05	5.59508428580383e-08	2.24547155833706e-07	1.5212705327755e-09
S1016	2.84799784926474e-05	0.683232443817147	1.51951269662636e-07	1.30509689591292e-11	5.69790905729173e-09	4.46811595013541e-12	6.32123708650877e-09	7.24474108521245e-08	3.97549925367255e-11	1.08718951333416e-07	1.1391467374514e-13	1.56378475187179e-09	6.42467175304591e-16	0.315216765147061	1.36561435764628e-12	0.00149650542046634	2.78884365628339e-07	2.49159844973226e-05	5.69353636695322e-08	2.05502325992057e-07	1.57096340062721e-09
S10163	2.86253122198358e-05	0.647652744303838	1.43510404154884e-07	1.23065484356245e-11	5.48307453758454e-09	4.15657138860547e-12	6.40240760938907e-09	7.72959808679227e-08	4.35782114290352e-11	8.48341928457534e-08	1.15788741977151e-13	1.42629609680035e-09	6.63284918546456e-16	0.349813472669331	1.28248236195183e-12	0.00247512770676366	2.28370152515541e-07	2.92284673928081e-05	5.46746264459821e-08	1.98034181802933e-07	1.44769685989277e-09
S10167	2.60703122035372e-05	0.673793788112568	1.26075685644156e-07	1.34904231111561e-11	5.14685456068257e-09	3.96808051681125e-12	6.10137019552315e-09	6.65607707478286e-08	3.12166500129198e-11	1.0670860434735e-07	9.8939421100618e-14	1.42289120428957e-09	6.60380859138275e-16	0.324678391735426	1.18347273801976e-12	0.00147453667214601	2.25657205234115e-07	2.64204112175808e-05	5.76610604059791e-08	1.95971751051525e-07	1.40028668741639e-09
S10168	3.67069848604066e-05	0.691949184378126	1.4540852223828e-07	1.51496593357892e-11	5.50792685296322e-09	4.08884814494252e-12	6.38832048027514e-09	7.40134377705734e-08	3.45815886347622e-11	1.44513243941874e-07	1.05067824821865e-13	1.57126865159291e-09	6.81640769325385e-16	0.305843252927386	1.2864090654597e-12	0.00214171894976058	3.59864702028646e-07	2.81004781036516e-05	5.88510070988575e-08	2.38539203737065e-07	1.56891837743796e-09
S10173	4.21385719756721e-05	0.709483809219051	1.57211378032832e-07	1.29086830885127e-11	5.63863268844143e-09	4.30184155240779e-12	6.60531256413516e-09	8.35777567409684e-08	4.21288233233836e-11	1.09978810833033e-07	1.13378841452055e-13	1.89486507879655e-09	6.22173439893158e-16	0.287831285135262	1.36355584446387e-12	0.00261169807536112	4.2798188743286e-07	2.99608070369572e-05	6.16618815479329e-08	2.51965723109099e-07	1.61424814606386e-09
S10175	3.16415718162297e-05	0.67383911104261	1.43444735184058e-07	1.40129873093945e-11	5.06748888313956e-09	4.0547766191036e-12	5.93351996645962e-09	7.42578607003224e-08	3.91892330145821e-11	1.01128603673587e-07	1.25394197749886e-13	1.53896524163173e-09	7.48109034255761e-16	0.324269485334521	1.2399151696013e-12	0.00183355531852499	3.01641633874106e-07	2.52975534701475e-05	5.8099524491816e-08	2.16527075975674e-07	1.48102621184554e-09
S10179	2.99717411216243e-05	0.698289048187414	1.61378408620747e-07	1.23407530110102e-11	4.66516790744882e-09	3.4608609722368e-12	5.82011811330771e-09	6.24239205915824e-08	3.88154914675583e-11	1.31779303015109e-07	1.02370952764134e-13	1.60777141022641e-09	9.42066033158716e-16	0.299806849516367	1.09605008136172e-12	0.0018457529776358	3.84279290894995e-07	2.73281238544532e-05	6.8802677252743e-08	2.2723407714792e-07	1.40705566889152e-09
S10186	4.09397060985863e-05	0.687458743287775	1.39198943797491e-07	1.29498237024533e-11	5.28784901591285e-09	3.94344687566315e-12	6.07416792827428e-09	7.22612560837399e-08	3.75930920861337e-11	1.04169399073948e-07	6.89083051494341e-14	1.48596951084076e-09	6.56497365251045e-16	0.310287293042923	1.24445077640067e-12	0.00218246362786072	4.01907990365316e-07	2.95415006635171e-05	5.91514743277958e-08	2.27747100458902e-07	1.49472742359237e-09
S1019	3.17196646142885e-05	0.699147006643925	1.36674683615919e-07	1.47571919736125e-11	5.3289624438587e-09	4.03553761857501e-12	6.07263882228434e-09	7.29786318260388e-08	4.1400150781558e-11	1.09256791266751e-07	1.00372192238188e-13	1.38984786900396e-09	7.34418212486546e-16	0.29883127261422	1.25610075217848e-12	0.00196294061148548	3.34663561124135e-07	2.61131208094179e-05	5.55239553084902e-08	2.23896608089416e-07	1.49771502044574e-09
S10190	4.04417486993904e-05	0.716263909094346	1.5164228002636e-07	1.31436221622698e-11	5.16931521465382e-09	3.77912449059985e-12	6.01362921021023e-09	7.30272441597565e-08	4.01052666947494e-11	1.03941228144152e-07	1.25784614402885e-13	1.66631959479592e-09	8.49637344410896e-16	0.281661644591827	1.22975098058632e-12	0.00200492021763644	4.88045069464073e-07	2.79494308263474e-05	6.40849897452879e-08	2.39710799031554e-07	1.55740510699767e-09
S10195	2.65500951255728e-05	0.669783207099584	1.30010959362517e-07	1.12932346516698e-11	4.98791438610796e-09	3.96318804677956e-12	5.91067995177104e-09	6.78676774717065e-08	3.755486713919e-11	8.59436686587511e-08	1.24144206622474e-13	1.36979209536218e-09	7.83570071239216e-16	0.328444867338315	1.18853912316263e-12	0.00172176984054171	2.77875080099626e-07	2.27833847284467e-05	5.28015128636247e-08	1.93949581584322e-07	1.47071420512785e-09
S10196	2.57320821552237e-05	0.711752983843558	1.31929730947331e-07	1.42269582616097e-11	4.79189838410564e-09	3.58680290536999e-12	5.73111527745208e-09	6.79240800250208e-08	3.74057494993783e-11	9.79390347832083e-08	1.18036982925873e-13	1.51546795757487e-09	1.0345546850566e-15	0.286266062811144	1.10142622975495e-12	0.00193159060398378	3.26050136924092e-07	2.2729572800723e-05	5.64140815495742e-08	2.07252745371934e-07	1.48162748809293e-09
S10200	2.77342885162477e-05	0.682081923274937	1.49348645952888e-07	1.36763098820059e-11	5.54157309313839e-09	4.30634913864943e-12	6.05938071605219e-09	7.35985610161932e-08	4.96719417147346e-11	1.23828620631638e-07	1.3528647648011e-13	1.65124279935393e-09	8.07145399310663e-16	0.3161706150094	1.33911031116575e-12	0.00169253614864933	3.01145223325016e-07	2.62446800182571e-05	5.84063575251909e-08	2.25373094538539e-07	1.57664975549683e-09
S10201	2.65294496589442e-05	0.671530120319476	1.37925836323495e-07	1.30181302556515e-11	5.60175395135533e-09	4.33817926858008e-12	5.93047471132464e-09	7.60401544992076e-08	3.52808026061576e-11	8.18844009051159e-08	1.56692791159683e-13	1.312850369388e-09	7.20059870038691e-16	0.3270798407689	1.33929649389781e-12	0.0013423505758473	1.78872432293805e-07	2.04271166639719e-05	4.89935230036442e-08	1.93572030107307e-07	1.58186382529462e-09
S10202	3.2226763105412e-05	0.676515779296238	1.66971866441137e-07	1.47543861467667e-11	5.97676666174092e-09	4.75148525981875e-12	6.93350368579426e-09	8.78743293884462e-08	5.15106362109819e-11	1.25251309455215e-07	1.33088357631999e-13	1.637191188423e-09	6.11417420778643e-16	0.321317848212278	1.43490919429621e-12	0.0021042562255065	3.06440488012203e-07	2.88965226006931e-05	6.08446126701031e-08	2.29334486526649e-07	1.64313196635272e-09
S10205	3.76457355401105e-05	0.691254654585182	1.31846528150598e-07	1.31292433498686e-11	4.85909465892576e-09	3.56646875489509e-12	5.80806303778514e-09	6.67845467563885e-08	3.74698335307951e-11	1.10728783820116e-07	1.31193441632534e-13	1.53933813992374e-09	8.70135428335352e-16	0.306572308884836	1.11112565991867e-12	0.00211405083852123	3.90675744900216e-07	2.03508412391138e-05	6.01754531807808e-08	2.15218369064571e-07	1.42335042769006e-09
S10211	2.57465403394807e-05	0.686977574551257	1.35132264851038e-07	1.20103348462278e-11	5.45331004482707e-09	4.41017814528254e-12	5.94128245425811e-09	7.21914633865309e-08	3.24250807441613e-11	9.01884345930747e-08	9.16397798062343e-14	1.45864838462438e-09	7.57484170314711e-16	0.311595433855132	1.35764974565956e-12	0.00137249886441463	2.58342610963567e-07	2.7933358268618e-05	5.70530967388502e-08	1.85536068259915e-07	1.48311253869956e-09
S10221	3.1028654096238e-05	0.698253901391291	1.30339670601528e-07	1.49311413119575e-11	4.82260578280591e-09	3.72727433062079e-12	5.92094225550467e-09	6.53961478094039e-08	4.03716972617189e-11	1.00032640911848e-07	1.14108058245058e-13	1.59295921776561e-09	8.29701609154465e-16	0.299657279141049	1.11180047686167e-12	0.00203278897698224	3.38795365221926e-07	2.40816309675981e-05	5.72555694646479e-08	2.14582165704149e-07	1.40729037710885e-09
S10222	3.14261868530682e-05	0.665797167767401	1.33250893935775e-07	1.21909515467926e-11	5.67698628839801e-09	4.4621096435407e-12	6.28019087560083e-09	6.93907782105043e-08	3.97137665979603e-11	8.09692951598922e-08	1.20440650293468e-13	1.47853821344827e-09	7.4845576847082e-16	0.332197782953082	1.39735066806507e-12	0.00194793869230039	2.60644120797667e-07	2.48646834045367e-05	5.59466168638025e-08	2.04418157251665e-07	1.6034954525998e-09
S10226	3.58258703857037e-05	0.699170413287091	1.3808172836237e-07	1.25617136456765e-11	5.14132905315228e-09	3.75800997122971e-12	5.76038654020566e-09	6.54739565527314e-08	4.27598387952567e-11	9.3978006802649e-08	1.27926430548729e-13	1.38982765062097e-09	8.67793841865697e-16	0.298847503685606	1.17516133124832e-12	0.00191903333718474	3.19051081290911e-07	2.63204704899932e-05	5.79019545376871e-08	2.15023469390128e-07	1.48711928477602e-09
S10227	2.59937957431529e-05	0.662777175907449	1.37805109048271e-07	1.45363819808145e-11	5.04962688790233e-09	3.96345319146427e-12	6.01016628076089e-09	7.07028699517275e-08	4.06743896041958e-11	8.7659639064522e-08	1.220476320699e-13	1.35594856522092e-09	8.32825718928508e-16	0.335392148195703	1.21973143778383e-12	0.00178401161490585	2.72004304565511e-07	1.98366200455076e-05	5.18833554075339e-08	1.99918583429009e-07	1.41603337487022e-09
S10228	2.7618581099953e-05	0.701232843894512	1.40618043071205e-07	1.28171358990817e-11	5.29912026058682e-09	3.91678180299644e-12	5.79000095187645e-09	7.00981218552301e-08	4.00487174611977e-11	9.99629705846431e-08	1.17128530109493e-13	1.43169226012962e-09	8.53020842350967e-16	0.296730103063627	1.21407611652548e-12	0.00198135220196885	3.35347418353769e-07	2.71542228196032e-05	5.40749306022768e-08	2.13927380501605e-07	1.42817964075193e-09
S10232	3.48717244922944e-05	0.683394316173888	1.55717606631226e-07	1.12117664869103e-11	5.9495789875575e-09	4.65751571792382e-12	6.56147852071809e-09	7.17227834176827e-08	3.2113837261666e-11	1.00647558158816e-07	8.27207948737624e-14	1.53896931255453e-09	6.11149371122062e-16	0.314542287312517	1.44278614860342e-12	0.00199917907708377	3.37360241688047e-07	2.84025197683817e-05	5.8109464966383e-08	2.03920131989715e-07	1.61492766702093e-09
S10248	3.33507150433137e-05	0.719369355740328	1.30541917445185e-07	1.28781973319015e-11	5.26488325336814e-09	3.86429726274789e-12	5.61897636455896e-09	6.03896454798448e-08	3.21370266351815e-11	1.08288734302407e-07	1.26573396305482e-13	1.51660543654123e-09	7.58868367123999e-16	0.278861363925577	1.2128295312567e-12	0.0017112045169784	3.70940986931999e-07	2.375715346446e-05	6.29417742522735e-08	2.20869257974305e-07	1.52560786485729e-09
S10249	2.74136042597152e-05	0.710191175810418	1.50780048480318e-07	1.57687365116153e-11	5.44488248566356e-09	4.32461249019369e-12	6.111054739801e-09	9.11092126952165e-08	6.22414438246626e-11	8.60869173072955e-08	1.52197812230741e-13	1.76471107353351e-09	7.94952052514913e-16	0.287833335833433	1.30004399166765e-12	0.00192822086955892	2.56842565473734e-07	1.89849262047399e-05	6.44519085747152e-08	2.04738060224587e-07	1.54297619292551e-09
S1025	3.73714445243172e-05	0.706182098024906	1.60972979405364e-07	1.46942534820249e-11	5.3541921811755e-09	3.96657693485577e-12	6.04800809523729e-09	7.02186345546223e-08	4.42650850577614e-11	1.35931271774654e-07	1.10832747701264e-13	1.61535401749659e-09	7.67685783292479e-16	0.291937492513549	1.23746904997616e-12	0.00181378626307755	3.76584187964243e-07	2.82059864060127e-05	5.98095071030494e-08	2.27635844548567e-07	1.53328200491033e-09
S10266	2.75833195930845e-05	0.656576113826375	1.45982510286446e-07	1.26739514503254e-11	5.73324914102182e-09	4.45454123404779e-12	6.41149470960317e-09	8.0038063914596e-08	4.23383443682351e-11	8.13662800937734e-08	1.30419689983047e-13	1.39739984807722e-09	7.25408838066147e-16	0.341261817393321	1.36450027612378e-12	0.00210877457421	2.54286870643042e-07	2.48828266876144e-05	5.29149742571219e-08	1.98306714685465e-07	1.56129324541955e-09
S10269	3.67040124389168e-05	0.694832173390767	1.51793069231721e-07	1.36119281950018e-11	5.60665711402505e-09	4.33363006754816e-12	6.06603343361622e-09	7.51115092930776e-08	4.16270860839517e-11	9.80714362660154e-08	1.32100144089433e-13	1.48461791944128e-09	7.14233804830712e-16	0.303307218002083	1.34906706706158e-12	0.00179735983223227	2.78611263234996e-07	2.56561513568931e-05	5.59696557352511e-08	2.14274695197192e-07	1.56113025764265e-09
S10272	2.60007761168404e-05	0.681906018644932	1.30818877953528e-07	1.1746662716128e-11	5.31762328918117e-09	4.22504229519576e-12	5.95649620287851e-09	6.58350627958361e-08	3.15538577408702e-11	9.04784519661975e-08	1.19305575993664e-13	1.34686830139855e-09	6.04164387934934e-16	0.316662406978073	1.30018182964636e-12	0.00138066410620284	2.6180435105663e-07	2.40893187698812e-05	5.57596215817673e-08	2.01319325255839e-07	1.49028137176182e-09
S10273	4.20102356633878e-05	0.685124541925502	1.5285183366674e-07	1.42462879150045e-11	5.46659054834435e-09	4.2392831388804e-12	6.20246657669019e-09	7.42682676827779e-08	4.47585359207743e-11	1.19007631629378e-07	1.34588664743783e-13	1.53118411185481e-09	7.90838208547416e-16	0.31290248728508	1.33568657395272e-12	0.00190597010559058	2.91915777582955e-07	2.40508304508104e-05	5.8972855661334e-08	2.27775577540925e-07	1.56081317128009e-09
S10274	2.67878630556774e-05	0.674908391088775	1.28503210286065e-07	1.14750618340271e-11	5.02839168098562e-09	3.74553751783548e-12	5.81359645319146e-09	6.72933123649497e-08	3.52827184407045e-11	9.43451654609178e-08	1.21186438315981e-13	1.34743036899597e-09	7.44396830321016e-16	0.32349961780384	1.16684429044397e-12	0.00154169356196553	2.89761305744894e-07	2.26686307641705e-05	5.30530999758657e-08	1.94389706171395e-07	1.46458943550041e-09
S1028	3.41811366182351e-05	0.720835507212327	1.57692937046725e-07	1.48595617821589e-11	4.99087209939187e-09	3.76335197175994e-12	5.791769714164e-09	6.82848144219634e-08	4.16821596952705e-11	1.02993491667627e-07	1.36339790356189e-13	1.53424943627159e-09	8.35546745235449e-16	0.2772929111925	1.20025312833716e-12	0.00181371308070883	3.89895855046639e-07	2.26647287386939e-05	6.56390267107815e-08	2.24247077093725e-07	1.5173714025284e-09
S10280	3.99859333146465e-05	0.730022050423521	1.42881144604614e-07	1.93849507414236e-11	4.92658883437142e-09	3.79569208398323e-12	5.93955730429348e-09	8.15360242115348e-08	4.76284256829327e-11	1.15555846863514e-07	1.23535290642888e-13	1.64827429354233e-09	6.87426153317484e-16	0.267250586724332	1.18804599821676e-12	0.00265497560190002	3.5457957325067e-07	3.13768036594086e-05	6.44139400728099e-08	2.51474025569178e-07	1.48617717771124e-09
S10283	4.09257255995278e-05	0.709748761393703	1.6485529282399e-07	1.51256841626507e-11	5.47255361944054e-09	3.95944990344114e-12	6.18427755458737e-09	7.86223203250505e-08	5.29947407738526e-11	1.43699419417622e-07	1.1524166809268e-13	1.95772142662064e-09	7.63473115744624e-16	0.287641873450074	1.2884511664403e-12	0.00253268732946012	4.55689032017965e-07	3.45456260444648e-05	7.34900286688258e-08	2.74801275466181e-07	1.62971355793938e-09
S1029	3.36718519739178e-05	0.680124693238941	1.41210469254093e-07	1.2654693621585e-11	5.22556100457400e-09	4.00444493626571e-12	6.04467280605172e-09	7.30496041205298e-08	4.13133115228061e-11	1.02883672367875e-07	1.11050657998074e-13	1.54135675610258e-09	8.04882978512231e-16	0.31781120301763	1.23183259215993e-12	0.00200450434136261	3.3185212053105e-07	2.49874538650556e-05	5.73050021743529e-08	2.19411126768774e-07	1.51332559503536e-09
S10292	3.13618653163664e-05	0.671466395278858	1.4271145294272e-07	1.24968917709185e-11	5.27596603544064e-09	4.18307529623898e-12	5.94432631753347e-09	6.79900605311023e-08	3.11102309622922e-11	9.38260558125581e-08	9.34205736649906e-14	1.38041210001465e-09	6.56941615913233e-16	0.326465871900996	1.27490104373374e-12	0.00200720926736356	3.3839126707358e-07	2.82325212087351e-05	5.70392632023793e-08	2.15084773933119e-07	1.47352091545083e-09
S10294	3.49728223238189e-05	0.699140223770946	1.44123530670867e-07	1.42321414985665e-11	5.03472460635952e-09	3.93486328123696e-12	5.84882340286166e-09	6.63968731259591e-08	3.58961857022633e-11	1.15474552913419e-07	1.01353831355132e-13	1.57473979350126e-09	8.28083059960505e-16	0.298858250302002	1.20970062179039e-12	0.00193522529484335	3.52647846249394e-07	3.03476067870618e-05	6.3003860349131e-08	2.24587062387868e-07	1.45570960168153e-09
S10302	2.49890744043753e-05	0.712109501988903	1.24183018708648e-07	1.16097542424091e-11	4.86260480701727e-09	3.61868042998906e-12	5.25418538166466e-09	6.52562450710659e-08	3.24428274830385e-11	9.21922410974551e-08	9.56624023160265e-14	1.32748009306032e-09	6.36930410319282e-16	0.286292246290095	1.17667145933693e-12	0.0015485565953238	2.94143924100548e-07	2.38762581480566e-05	5.32241573720251e-08	1.87936542805256e-07	1.36378285957021e-09
S10303	3.43910620093639e-05	0.688169808476077	1.54169273923165e-07	1.32048702247916e-11	5.73609646573013e-09	4.49518529954698e-12	6.31327878557647e-09	7.95502610580227e-08	4.54692198122635e-11	1.10802740601612e-07	1.18459666477737e-13	1.60735732730778e-09	6.76002533703446e-16	0.309887180237776	1.38090963583904e-12	0.00187793320874348	2.966959323614e-07	2.97509165257379e-05	5.65935862208715e-08	2.22942094497731e-07	1.62357786624607e-09
S10323	3.04969983036885e-05	0.672932198207961	1.46450160064101e-07	1.24537189757317e-11	5.42641737665813e-09	4.19656576369361e-12	6.05157903519709e-09	7.26754032597427e-08	3.84229269310156e-11	9.39163926044602e-08	1.15536998485198e-13	1.4189074621526e-09	7.98352511590351e-16	0.32508178750108	1.31423946655917e-12	0.00192768663344287	2.89655909507696e-07	2.69542846202081e-05	5.62483857581027e-08	2.0294093605856e-07	1.53399767320508e-09
S10326	3.20935716936738e-05	0.708479852204016	1.43103751233588e-07	1.47969963281904e-11	5.09378566339828e-09	3.87043103581429e-12	5.92187903118804e-09	7.24513325898599e-08	4.4198144668466e-11	1.18052750454364e-07	1.27047345925523e-13	1.5249987770956e-09	9.45670680888663e-16	0.289820955017357	1.23545922119653e-12	0.00164041986825675	3.1236093620011e-07	2.5740254906928e-05	5.89076223390304e-08	2.20064692902022e-07	1.53779144347881e-09
S10328	3.20725376526301e-05	0.686419526305595	1.42464775622448e-07	1.52756324969508e-11	5.53729227507921e-09	4.10540535594507e-12	6.12800349684771e-09	7.84619210707703e-08	3.78492901602509e-11	1.41604570894314e-07	1.19564876190085e-13	1.61235771432935e-09	6.94752550688003e-16	0.311127959865141	1.30357393373142e-12	0.00238287011882097	3.50809768162528e-07	3.65385683517815e-05	6.11779398183738e-08	2.43179233977898e-07	1.56992108922489e-09
S10329	3.81767463512751e-05	0.698705685088672	1.51731885144958e-07	1.37447609305704e-11	5.16540704401118e-09	3.88882105242948e-12	5.96294412037691e-09	7.56664462387834e-08	4.31338534196686e-11	1.15489328958324e-07	1.13492661404759e-13	1.48291508277758e-09	8.17997686034637e-16	0.299113841608943	1.25484871190337e-12	0.00211271756976791	3.25382740537716e-07	2.86032907878373e-05	5.93343852732893e-08	2.33933456967732e-07	1.48383178396208e-09
S10336	3.20895589691282e-05	0.676370018614653	1.54063712541337e-07	1.43139775526986e-11	5.70109166405971e-09	4.35130927790645e-12	6.29276743673903e-09	8.42872938684148e-08	4.63583884705713e-11	1.32741409785306e-07	1.21220340693217e-13	1.5325523040448e-09	7.22050148851317e-16	0.321849167303315	1.34189170682521e-12	0.00172357748347147	2.63279420909227e-07	2.42280105770694e-05	5.58538706487484e-08	2.13636744342707e-07	1.5736632295309e-09
S10340	3.84360130544889e-05	0.701087754881848	1.3981161440116e-07	1.35480423889154e-11	5.32811791738857e-09	4.25960437537584e-12	6.06964894264253e-09	7.22798551241887e-08	3.6838573554493e-11	9.96376995880269e-08	1.34248710651477e-13	1.52905838798314e-09	7.45070368335387e-16	0.296681981708959	1.29079363139517e-12	0.00216300498118732	3.45616766868811e-07	2.78660992078917e-05	5.77950653717781e-08	2.2664627036859e-07	1.54557428976541e-09
S10347	2.57783143063294e-05	0.656062401662959	1.31279670424166e-07	1.16259213057972e-11	6.26333805009945e-09	4.71904940211332e-12	6.54204667201911e-09	8.07264205701971e-08	3.93216222233839e-11	8.83133857958036e-08	9.60405211639136e-14	1.38092893978252e-09	5.88718601934687e-16	0.341744915651805	1.4176885994215e-12	0.00213799091915909	1.99315492208897e-07	2.81447995324387e-05	5.34231798284466e-08	1.99747964460589e-07	1.60263026367464e-09
S10353	3.73652162206426e-05	0.672412616199782	1.41664730256523e-07	1.42751787762611e-11	5.27584669511979e-09	4.06675408431878e-12	6.14114563708679e-09	7.63375748898713e-08	4.41929204478759e-11	8.98398187711467e-08	1.16838042650772e-13	1.49811480009313e-09	7.91459223092743e-16	0.325683049135199	1.30133714009168e-12	0.00184120534793671	3.23232902554706e-07	2.4852267201405e-05	5.45385354143766e-08	2.11769826136204e-07	1.4712115095266e-09
S10356	3.18086449912736e-05	0.666446316041561	1.34392890450717e-07	1.27883755136472e-11	5.62483981393843e-09	4.36160780374887e-12	6.08428197571187e-09	7.18044980353249e-08	3.84211616583462e-11	8.60615117192926e-08	9.8395923751488e-14	1.39666114134042e-09	6.20979640638455e-16	0.331431360989569	1.37470205559101e-12	0.00206376750422038	2.95125661656109e-07	2.58910176201857e-05	5.26321525773254e-08	2.01123590914334e-07	1.49890546564971e-09
S10358	2.64684168468237e-05	0.691981952492861	1.38868985081568e-07	1.28524608501568e-11	4.89229314419909e-09	3.71444019060507e-12	5.43967812668738e-09	6.54606756345469e-08	3.81852043441557e-11	9.40261915282721e-08	1.28915229412101e-13	1.36462459465248e-09	8.14222977694289e-16	0.306167996835071	1.17100243561356e-12	0.00180010659823449	2.97171292273721e-07	2.26011984485216e-05	5.74455297687077e-08	2.08274467544919e-07	1.45874854029512e-09
S10365	3.03609798014228e-05	0.683666656739812	1.49548544444433e-07	1.39873054192109e-11	5.5464292063699e-09	4.37596873589766e-12	5.79092066376815e-09	7.44884428529128e-08	4.2744393046931e-11	9.3306476999938e-08	1.30320527883737e-13	1.46027426778691e-09	6.34058724322679e-16	0.314506835573004	1.33923164272806e-12	0.0017711187304252	2.9686917662991e-07	2.41352324055825e-05	5.5139754463388e-08	2.0894659077717e-07	1.58536296835975e-09
S1037	3.50800570974552e-05	0.69563326774899	1.41310472169965e-07	1.18452932095345e-11	5.35214797089786e-09	4.08827537302281e-12	5.99939871075201e-09	7.02384878515007e-08	3.26550708203675e-11	1.21875225918057e-07	8.80996949512067e-14	1.55394613584296e-09	6.82589219801418e-16	0.301785774907169	1.26978041935653e-12	0.0025118111787242	3.8432058938558e-07	3.30382949677154e-05	6.05452670886288e-08	2.35036858913358e-07	1.53071075821963e-09
S10373	3.21497344178733e-05	0.677341321613161	1.38273237628282e-07	1.1918693892839e-11	4.91065412929946e-09	3.70089531039954e-12	5.71723457300845e-09	6.56804808448824e-08	3.74258030771419e-11	1.02814133548229e-07	1.03379694374578e-13	1.35826667289687e-09	7.88761891517302e-16	0.320614376881521	1.16728338906535e-12	0.0019861383998279	3.24962984387179e-07	2.51019389116155e-05	5.54040691393625e-08	2.10856931449641e-07	1.39985084015144e-09
S10374	2.64944988671806e-05	0.682007049453	1.19361278777588e-07	1.13952277297246e-11	5.14114990080708e-09	3.91541019736325e-12	5.31525445963416e-09	5.94210582421563e-08	2.8422587194573e-11	7.16470460768202e-08	8.92893321477115e-14	1.25945570980731e-09	7.27610036877053e-16	0.316684658267901	1.25595219214248e-12	0.00125888851749837	3.32008843556132e-07	2.20870653956879e-05	5.27113436310183e-08	1.73821860637918e-07	1.46496779328213e-09
