CD14	CD19B	CD4HelperT	CD4MemoryT	CD4NaiveT	CD4RegulatoryT	CD56NK	CD8CytotoxicT	CD8NaiveT
S10001	0.154846479778321	0.112101914780471	0.175969399965638	0.0685679132016589	0.128961640912163	0.131900358870857	0.13342942709935	0.077349763268148	0.0168731021233918
S10006	0.140139047569233	0.116458725927371	0.167206828516134	0.0670082197727363	0.12436740250415	0.117404027507842	0.148972920781045	0.100765161537164	0.0176776658843248
S1001	0.141636360699441	0.110671575666356	0.166852928998967	0.0726654661345596	0.120055979456345	0.107711409960199	0.16012864801545	0.10274565804941	0.0175319730192711
S10010	0.166102262619227	0.105217168216548	0.170969101978038	0.0674183544147621	0.119559623824155	0.108157081651855	0.157298188403994	0.0888069003567769	0.0164713185346443
S10011	0.151860512246921	0.100674380242597	0.174549675500041	0.0762058294483552	0.133089836417381	0.114098791979451	0.138904247598876	0.0919206058670894	0.018696120699288
S10014	0.147730280657548	0.114746229071648	0.167920143917029	0.0709830296629877	0.117020128087224	0.113798875898402	0.15619895009204	0.0947898213725639	0.0168125412405561
S10026	0.138225062214335	0.116703445437246	0.167857349993197	0.0674955066629239	0.126158549825275	0.101067708543723	0.156488532883955	0.106937565064576	0.0190662793747699
S10032	0.156602341428083	0.128800229958849	0.163784241329125	0.0699151037938951	0.113770854751908	0.104459148877897	0.151760044383269	0.0935932352319583	0.0173148002450151
S10036	0.131835935381572	0.107199379774182	0.163048410447103	0.0681087645130782	0.135040485250727	0.10824460134298	0.15846373899816	0.109040079742872	0.0190186045493255
S10042	0.152297437339748	0.113963013983179	0.166145733813246	0.0699325846985875	0.118019422989166	0.105342582791945	0.158201425904495	0.0997143937676672	0.0163834047119663
S10044	0.133115143805602	0.117545400058439	0.171303764221261	0.0685265774329972	0.127203520268295	0.103148459795276	0.1543945534277	0.107404275928045	0.017358305062384
S10049	0.132401463890206	0.12564546063648	0.169920690152363	0.0668740588308698	0.130745930851821	0.104290781770242	0.149701764327144	0.103202969279902	0.017216880260971
S10057	0.136955147891567	0.109253411263909	0.165966641587587	0.0750821957183223	0.124790464826015	0.129343217095792	0.143760954876253	0.0963160486457979	0.0185319180947558
S10062	0.145218475160256	0.115540681013535	0.173638986192754	0.0691357330646425	0.124336617603711	0.111269581443141	0.148317199696622	0.0955003057805853	0.0170424200447529
S10066	0.168935853828987	0.103953990163564	0.172051556504843	0.0689350413505743	0.126014879787801	0.116413237597423	0.144073630588931	0.0842133800519943	0.0154084301258824
S10067	0.124844749306084	0.117149504085837	0.169371059851445	0.0687302297214819	0.136720762000151	0.10320175824521	0.154193697429447	0.108222342027351	0.0175658973329923
S1007	0.144515093101836	0.113894831351497	0.162591716376533	0.0718141443048455	0.12245807089813	0.127197758367195	0.143328730197828	0.0971930833755011	0.0170065720266342
S10073	0.130197994264469	0.104854789618049	0.177889254777202	0.0723827218364211	0.131243377128112	0.109930226677525	0.151285812234018	0.104012494340312	0.0182033291238904
S10077	0.160859871773158	0.113541939159201	0.173170376004354	0.070946234295457	0.120093036656329	0.121002390210964	0.144986476537875	0.0795775641619772	0.0158221112006837
S10080	0.159731851198835	0.112891973742403	0.167255026908705	0.0744109843397741	0.112096707081599	0.117832111797234	0.151136666489847	0.0875067710626368	0.0171379073789664
S10082	0.131364537479288	0.114848125239987	0.17874570070486	0.0742956645986176	0.122826836213055	0.109535379974213	0.147727086301632	0.101958840851086	0.0186978286372622
S10087	0.139753580709794	0.132843964648724	0.175546344600603	0.066237790107899	0.120618818474401	0.106652231509046	0.148756869402124	0.0935749095609555	0.0160154909864532
S10089	0.149882071009297	0.116654996490912	0.166502124729217	0.0684626250682679	0.134580135840573	0.120901562380813	0.141617558279081	0.0852261204133998	0.0161728057884392
S1009	0.128867375863713	0.118426111338517	0.182018611154657	0.0764636115439129	0.125466980972153	0.113089120710161	0.142382362230103	0.0951980050278912	0.0180878211588923
S10090	0.146604793676486	0.115834214733979	0.175043810276493	0.0640371825061682	0.123124857889522	0.129284636958022	0.140828398340888	0.0887205206043396	0.0165215850141021
S10093	0.15145426475078	0.0991811450153972	0.157419621860252	0.0761922055303241	0.122849451917199	0.11734553436758	0.151730040410718	0.104778907149949	0.0190488289978002
S10094	0.151843191103932	0.114112829854139	0.169958422981671	0.0694750621968447	0.120137317022702	0.109736917371965	0.154996785650298	0.0934549009451942	0.0162845728732542
S1010	0.153947926138099	0.113424824005722	0.169083266652745	0.0731474978702573	0.122816859572239	0.11676144768162	0.144935489796546	0.0887641450441872	0.0171185432385844
S10111	0.132790122654891	0.112930078332124	0.176273030918999	0.072420659560679	0.127755606965423	0.103669073616326	0.153371427534304	0.102974360433248	0.0178156399840059
S10116	0.138738038556201	0.0990948665721602	0.181840458380395	0.0818334371995351	0.122331890585969	0.123862528089387	0.14178130307096	0.0923942066888356	0.0181232708565573
S10119	0.132272404046376	0.111566991430477	0.167601736050957	0.0707826676091153	0.134215058420508	0.110579657482424	0.148761498304464	0.104875858136177	0.019344128519503
S10121	0.142798685440281	0.116768230174165	0.169427067287554	0.0664819853266949	0.128105738034816	0.107148397192311	0.153874496432037	0.0973000053093164	0.0180953948028242
S10130	0.15985944678892	0.109688424229405	0.165070780874889	0.0671596943044362	0.120018848763321	0.128847800147429	0.147516112895904	0.0854908163505532	0.0163480756451427
S10140	0.155188562932311	0.134279639124329	0.167610021855865	0.0679254820817267	0.10931195652239	0.106754617699516	0.156259827299585	0.0876670426497244	0.0150028498345525
S10142	0.130101456072613	0.136438600021315	0.166769132682411	0.0671420156876092	0.116758560291759	0.106600301069008	0.162818671510006	0.0977929474199538	0.0155783152453243
S10150	0.186017699747477	0.109081911751467	0.155545336417636	0.0694202399947109	0.104819680725562	0.125273199764815	0.154664020781862	0.0805954593044311	0.0145824515120404
S10155	0.136804772501147	0.1162288486597	0.17333578750986	0.0707207959165257	0.134121590968844	0.104649418690667	0.146853273566779	0.0985285966340809	0.0187569155523968
S1016	0.144565950120711	0.114280043054211	0.168230400714821	0.0685492059036199	0.12330473135847	0.113099210817417	0.154887121558123	0.0973683715683652	0.0157149649042633
S10163	0.169059495412149	0.106031966782265	0.172966168701117	0.0741848304830239	0.123529399427166	0.12033431618174	0.139949944479238	0.0776697027637165	0.016274175769585
S10167	0.148446749852458	0.106160324679286	0.161621579691186	0.0750302274477445	0.106964061407771	0.112401574465036	0.161643022068506	0.109075779315401	0.0186566810726124
S10168	0.131228320034601	0.116844018831755	0.16842910501085	0.0717647804968214	0.131362162658576	0.106216176469358	0.154778234240513	0.101462320173953	0.0179148820835746
S10173	0.123345517544698	0.11605746228874	0.177116093618774	0.0801606400990701	0.127672940133133	0.104748991855046	0.145472610256938	0.104479410938183	0.0209463332654184
S10175	0.1430991277767	0.120729213233093	0.168496433516034	0.0682521447720557	0.119244705677057	0.115247446258434	0.154125529515105	0.0948463062869734	0.0159590929645472
S10179	0.127618048883262	0.107820635619124	0.174819091513147	0.0710579449342588	0.123805994981314	0.100863075382514	0.16779689661766	0.108760807073813	0.0174575049949071
S10186	0.123733580930865	0.12845222641337	0.168913146429618	0.0717553756004984	0.135140325990369	0.103907827202249	0.148556130325784	0.100383403457536	0.0191579836497105
S1019	0.135836312543358	0.116191010394812	0.172509205047372	0.0690218504238732	0.13265282088089	0.115869399206585	0.146917804769824	0.0935853173097971	0.0174162794234897
S10190	0.12525646666482	0.11913407179845	0.171054424399739	0.0751507985292773	0.129937882859881	0.0959671126037879	0.154785716434922	0.109001943811641	0.0197115828974814
S10195	0.15494546369835	0.113880641283548	0.161934548960832	0.0659208604839657	0.128859356925512	0.115578476286729	0.148687442855198	0.0938682854922447	0.0163249240136203
S10196	0.1425916765438	0.105687342250402	0.168713678670319	0.0724636239834778	0.125361626879009	0.111344117577032	0.153521263784548	0.102082870902372	0.01823379940904
S10200	0.153165843298648	0.110070589629161	0.166942308449206	0.0691171189903026	0.115537258214479	0.110120444833144	0.164604342821035	0.0946771024571317	0.0157649913068919
S10201	0.175136713414471	0.121859110833798	0.159552569762333	0.0632766203895117	0.113015922034659	0.128605405340634	0.151069947766649	0.0736404095333456	0.0138433009245977
S10202	0.152910833968618	0.111842985515178	0.173114629388751	0.0725917358730031	0.112007697985648	0.114492415567161	0.159407285181415	0.0874941765477014	0.0161382399725252
S10205	0.136556885157438	0.124079374294119	0.171336955392522	0.0697660149256595	0.124540329193551	0.108866553738917	0.151985539291438	0.0968401151037845	0.0160282329025719
S10211	0.138493666603046	0.113026906962472	0.156805457535653	0.0713573965505156	0.116937326090784	0.114424070558845	0.157358309942357	0.112832474822493	0.0187643909338325
S10221	0.140633776942211	0.110933447493005	0.170061363215644	0.0747061743026385	0.127314927149138	0.104487670026784	0.152186907782243	0.10080900321697	0.0188667298713674
S10222	0.155347325935665	0.119799758406324	0.160760617243413	0.0666243191831026	0.123933947013753	0.119686310206946	0.147874893605219	0.0906917523869914	0.0152810760185861
S10226	0.145960625147223	0.126791758726211	0.165170342215804	0.0637793012355882	0.127398367752697	0.110693919238279	0.149448123168849	0.0942653698881095	0.0164921926272385
S10227	0.153074699225221	0.112935130251171	0.168145851021418	0.0714923540681845	0.119661659955762	0.113478101474247	0.1506773356465	0.0945659386957482	0.0159689296617484
S10228	0.144527749649565	0.107298675557389	0.169050167576282	0.0700217364685586	0.127270128473439	0.115601110546074	0.153608037526269	0.0951851921534021	0.0174372020490212
S10232	0.119759464490802	0.110312202555326	0.179173660697198	0.0780863449435165	0.128093201239328	0.10467717630451	0.149682016339481	0.110455051323708	0.0197608821061298
S10248	0.122874068103559	0.115619457762656	0.168747659818015	0.0677872021486666	0.131402990392153	0.103364518712492	0.155217762359453	0.114705319804516	0.0202810208984888
S10249	0.183101934000355	0.110934068560921	0.167504522718404	0.0723723312312149	0.110778282592208	0.103782109586008	0.152922763926629	0.0825830055535941	0.0160209818306664
S1025	0.133779047590035	0.124929245527188	0.169585044924181	0.0679870190490647	0.124167336371675	0.104737186080094	0.156762324027783	0.101209391268536	0.0168434051614442
S10266	0.168050663268186	0.108046989180889	0.168627114983963	0.0712750091567908	0.121390003022492	0.120656458388216	0.14165049798748	0.0838341778391062	0.0164690861728778
S10269	0.147091587345929	0.131947131640874	0.169954821159361	0.0658818230474341	0.112839003230189	0.119200570497262	0.147341333941519	0.0903879578920217	0.0153557712454102
S10272	0.14709874208893	0.117984748743973	0.156374943929816	0.0678270602891792	0.124936728619971	0.116082217172637	0.154781532222406	0.0988118068268152	0.0161022201062726
S10273	0.150001338501329	0.134396244008874	0.167422456506473	0.065697127808255	0.119625499070107	0.107149784252585	0.151553998780908	0.0892184598681674	0.0149350912033017
S10274	0.144778020692731	0.113783516891939	0.164778811640523	0.0686649738548317	0.121602699187328	0.113790057155158	0.153300001751474	0.101777598583066	0.0175243202429495
S1028	0.131007237629081	0.120931213583612	0.165462958978414	0.0694046822488942	0.117667000662881	0.105118669554831	0.162333373959337	0.110286005820183	0.0177888575627662
S10280	0.150015757911844	0.126362285298725	0.186566450051398	0.0671404576745884	0.116714646053662	0.102030215284312	0.151488495877219	0.0832334095861875	0.016448282262065
S10283	0.126174666243468	0.114599450075025	0.178672631703393	0.0683281648464516	0.129616628005809	0.0976425588150471	0.159726814502981	0.106874050125836	0.0183650356819885
S1029	0.141184466410931	0.123487874771728	0.169343231508639	0.0685367405173902	0.126699254192324	0.109889390473194	0.152244980272791	0.0926129032544791	0.0160011585985238
S10292	0.12089960519856	0.117572912283169	0.172386743382193	0.0702712359884879	0.138541279259457	0.117872725907375	0.141988354950642	0.102353111888382	0.018114031141735
S10294	0.127932175779933	0.119637720418282	0.163066277318913	0.0711165503536814	0.127424839391741	0.101174009704354	0.160696975111234	0.110907532540168	0.0180439193816941
S10302	0.132741317737035	0.111606637358633	0.168257994364534	0.0736062658888343	0.122992803202762	0.107448281237987	0.154932701884498	0.110356905454466	0.0180570928712504
S10303	0.145376374646017	0.112109868300869	0.174820100448878	0.0718884524951155	0.120126313057413	0.114456249430834	0.151988570969972	0.0920666448242308	0.0171674258266721
S10323	0.146407805536706	0.120026796555904	0.169708453335774	0.0697688818114894	0.122723778410329	0.115002963781055	0.149300039879184	0.090472368163046	0.0165889125265125
S10326	0.144473340594246	0.122227793837336	0.167438038910126	0.0669402559074068	0.119454229203224	0.108492792514201	0.158282866017465	0.0972780937612961	0.0154125892546998
S10328	0.138151712465021	0.107459364938288	0.174990608487036	0.0719052354389203	0.124282452922669	0.116628053165467	0.158986367033667	0.0908974826909126	0.0166987228580176
S10329	0.136520796584241	0.126417470044573	0.171563278296218	0.0715749544268423	0.119128699691874	0.111225029026843	0.151230620714628	0.0954311469777941	0.0169080042369874
S10336	0.149038455002926	0.117635956826913	0.167895956732631	0.0723111015655359	0.113071732809845	0.116353291864224	0.158838121459217	0.0886883673300524	0.0161670164086567
S10340	0.132420281751144	0.123801876336871	0.172484757359147	0.0683336823279297	0.129149391361629	0.114668331407092	0.145634105692851	0.0966635496925629	0.0168440240707737
S10347	0.151291928954773	0.105654223738013	0.168771170407709	0.0742502764652594	0.129751904235834	0.131628123180172	0.137424943949276	0.0831293737034124	0.0180980553655507
S10353	0.143852513785934	0.127564153310342	0.169004376697986	0.0698115758648166	0.121726434410078	0.113658572642661	0.146628482049862	0.0924334521284154	0.0153204391099046
S10356	0.143940336501448	0.117785975822609	0.173113425246563	0.0731277016023033	0.128984375348295	0.116740097127577	0.140684139878795	0.0887581725203745	0.0168657759520362
S10358	0.149791876423513	0.1151468716516	0.173070485665474	0.0642566905327976	0.124406698471158	0.11404616670224	0.153252439193444	0.0903682009579996	0.015660570401774
S10365	0.154301655179124	0.117796528099809	0.17055277326479	0.0670071632063657	0.120288770656383	0.108143723943611	0.153130184379947	0.0928319878878433	0.0159472133821277
S1037	0.115423298994449	0.113018798959855	0.18397140240987	0.0716623481706268	0.13239918121155	0.105861441843185	0.15141637072869	0.106595111157233	0.0196520465245403
S10373	0.133800132242215	0.117576989092342	0.170548846750479	0.0682150102726568	0.130356463821637	0.113826327062865	0.146781780977422	0.100970667084455	0.0179237826959275
S10374	0.132579979221529	0.117396477845791	0.158886984863824	0.0707669943727702	0.131416067017366	0.117492975261727	0.149832157927091	0.104107474628059	0.0175208888618417
S10375	0.149421806895425	0.10369630792172	0.170196660927251	0.0747377762288453	0.117792241382673	0.106164121405926	0.15942986832026	0.100147797860427	0.0184134190574732
S10377	0.142259060463666	0.103915097425657	0.162574744269017	0.0803446795719436	0.12854360927639	0.115697867864545	0.142730068895456	0.103715846824183	0.020219025409143
S10378	0.13565804445237	0.119341491431892	0.171544217587433	0.0689410181435766	0.122630577567008	0.105511091986514	0.155935348206683	0.101381181042737	0.0190570295817858
S10390	0.150830062481155	0.111624027380159	0.164519456806073	0.0764023693069293	0.134481136309243	0.132964588729211	0.128310016633687	0.0826231708620072	0.0182451714915361
S10391	0.137751418699639	0.12062230232957	0.161044886562979	0.070177600896309	0.120129545650511	0.123014531431819	0.150140960144134	0.100922724377059	0.0161960299079802
S10393	0.125042634497306	0.113700738998289	0.163775061852419	0.0719172272517244	0.124357572622207	0.0982820473937877	0.166602026012286	0.116557431069791	0.01976526030219
S10400	0.163926844518564	0.111912551715471	0.167484528979583	0.0714735135460694	0.123695714360416	0.112210358797721	0.145205194569322	0.086990795713131	0.0171004977997224
S10401	0.156673242744707	0.116714501208448	0.16987440019079	0.0722318821408189	0.116102978820646	0.123322315485053	0.142985249045086	0.0856949120392334	0.0164005183252182
S10406	0.1563447364131	0.116266941447268	0.155673174022929	0.0702001250627268	0.117117326607999	0.1184549417701	0.148807881897539	0.0999140923579474	0.0172207804203916
S10408	0.162141939836259	0.112917319985928	0.171684165459925	0.0743317432965713	0.111870596766696	0.118188626783297	0.147059497425215	0.085082597171705	0.0167235132744028
S10409	0.130573040414854	0.110368766489438	0.16894283870947	0.07547515663595	0.122347556793375	0.103424032140615	0.156496653907613	0.111934653753434	0.0204373011552517
S10418	0.158209757664107	0.115979544475071	0.15882867646325	0.0659682963990742	0.123811564659023	0.146756525334367	0.138462774420238	0.0762477097281343	0.015735150856735
S10431	0.1418859262766	0.108048373991001	0.168094426513076	0.0723752668292911	0.132695941357461	0.11055149735854	0.149323809277177	0.0991064149762937	0.0179183434205595
S10438	0.143213910584053	0.113662141004918	0.165789576749974	0.0722397973097293	0.127493364952964	0.1066999895379	0.151342368093322	0.101904829909599	0.0176540218575401
S10439	0.156911404629825	0.114308826612549	0.166367151692761	0.0710172013333746	0.112737699890781	0.100078803849748	0.160768037977519	0.0997951654060295	0.0180157086074134
S10441	0.172844973138993	0.12257680822836	0.170813453000652	0.0675725676540267	0.104163727501102	0.109531250853321	0.158123210702485	0.0795122559100422	0.0148617530110186
S10442	0.151108994961168	0.115477441547928	0.168080359779132	0.0723449972371695	0.124142225898589	0.108001856525866	0.151230982014173	0.0929227284592584	0.0166904135767174
S1046	0.160361780635595	0.117398659630573	0.168527418717579	0.0677860509317351	0.120385524829156	0.108856350894237	0.150871945693533	0.0889993689339286	0.0168128997336642
S10478	0.180885623940702	0.129390896636597	0.159437047361831	0.0657097218735019	0.108965570607233	0.118815851619699	0.14404601620619	0.0786521326937168	0.0140971390605301
S10480	0.123808376322728	0.126484274643296	0.169851207609287	0.0721307527949264	0.126190081086147	0.11359272925126	0.148726329546622	0.101747201875615	0.0174690468701183
S10484	0.160439365116786	0.113930005228044	0.166565713739726	0.0724449995999055	0.115484605700534	0.119841498329532	0.147766859257116	0.087355709855625	0.0161712431727309
S10492	0.134632789027187	0.102817992275663	0.174752339554683	0.079063728998549	0.12138516244137	0.102535445165976	0.156186433216815	0.109542094952806	0.0190840143669513
S10496	0.126306701471527	0.139849594297782	0.165758730937601	0.0684543634822021	0.120888108831936	0.101158432748763	0.15829439353626	0.102150115085765	0.0171395596081646
S10510	0.137741602761918	0.113790434868908	0.16615831770264	0.0684727723471088	0.133106394938853	0.113915556202018	0.148485099487783	0.100176529620134	0.0181532920706374
S10513	0.157277172507115	0.105949240053633	0.174781043046136	0.0703829073787562	0.116303654847937	0.110626027983962	0.154310167086455	0.0937737692590014	0.0165960178370048
S10516	0.151801263188325	0.122679986950591	0.16565542390704	0.0703964212963427	0.118985831420627	0.117909778321108	0.149106091423063	0.0877249802656634	0.0157402232272392
S10534	0.137435786839457	0.122500424408024	0.167150612569758	0.0687608888055719	0.132917292061748	0.107543161319943	0.146886353364351	0.0989682608992481	0.0178372197318995
S10535	0.122197579387288	0.118613967367974	0.167934571523225	0.069719012339712	0.131098341633898	0.105507394300488	0.152447236833284	0.112482594060926	0.0199993025532038
S10537	0.159578316763728	0.120398970775001	0.169598065785212	0.0708076722834565	0.116188379693055	0.105012182465502	0.153219967549688	0.0882478454655193	0.0169485992188388
S1054	0.140914848434142	0.11611009122897	0.17082395295044	0.0745098016113513	0.117479458145437	0.113253113262167	0.150337966740736	0.0992631306062365	0.0173076370205203
S10543	0.138959384959945	0.125186305855921	0.169320853834198	0.0689388596910211	0.119284201679728	0.112841911598595	0.156218121520277	0.0939020732756321	0.0153482875846833
S10546	0.139121544439744	0.120799780593168	0.159538158452084	0.0675400255909484	0.131337814996953	0.108286677398921	0.155402266010907	0.101251620410259	0.0167221121070158
S1055	0.165163205186423	0.116168706062451	0.161636522258959	0.0692766992560995	0.118891490911268	0.116068237325054	0.15099269543173	0.0864432425997648	0.0153592009682514
S10551	0.153256027529317	0.117571958329175	0.17010433393094	0.0712635535461279	0.120327708333171	0.119221771888013	0.142884048135093	0.0888480139497924	0.0165225843583705
S10552	0.164134886068156	0.11706295951006	0.15857382112143	0.0662248345408156	0.116168985828696	0.131915367989318	0.149623261986607	0.0812190689585818	0.0150768139963356
S10555	0.132709223174144	0.109738901101344	0.174875516276625	0.0755234210785847	0.112369696654099	0.106836778368734	0.165936031027412	0.104014188292809	0.0179962440262488
S10559	0.149532295049426	0.114485395545724	0.170551225610225	0.0670765481723553	0.127721337424353	0.110941720668756	0.152653603561879	0.091006882571576	0.0160309913957059
S1056	0.131220075570878	0.121485394285974	0.17198958779649	0.0717987681755865	0.12873032713138	0.103979336990648	0.147686698433145	0.104408582699192	0.0187012289167073
S10563	0.150949211483851	0.112189187709054	0.173315086380301	0.0748776985568073	0.11467722645156	0.112834568410706	0.151223105417292	0.0937528476242058	0.0161810679662216
S10574	0.13291152467956	0.117624701343755	0.174594237581983	0.0673697143742609	0.131341052683854	0.105785931520361	0.153179767025186	0.0997605917028159	0.0174324790882245
S10576	0.148727935499234	0.117659664778252	0.159543368381757	0.0672262552782806	0.12368657741922	0.116635817471721	0.152066915303462	0.0972435473940453	0.0172099184740296
S10578	0.15564883157477	0.113061235624907	0.162766076717892	0.0722059829099987	0.109671115166429	0.107346574230614	0.163891553635354	0.0981605603562918	0.0172480697837439
S10579	0.141168030220574	0.117697891155684	0.1640125812244	0.064865011294098	0.12754661690214	0.111575425480514	0.15642679923039	0.0996965251141465	0.0170111193780543
S10582	0.147332736982074	0.123847910948773	0.168506919019133	0.0652326360028719	0.120623438698006	0.109341780003964	0.153405971758566	0.0956268927863813	0.0160817138002312
S1059	0.14976283778021	0.119431738332391	0.167584177992301	0.0733261817865009	0.116921337337185	0.104937651984584	0.15560921215951	0.095402682775458	0.0170241798518599
S10599	0.154741142778782	0.11892429067255	0.166412278517251	0.0731889881618128	0.112007105263686	0.102403503233933	0.157739196502372	0.097516417361158	0.0170670775084539
S10611	0.140612033526695	0.115657401386361	0.167720414864792	0.0660210565595114	0.130307418444376	0.113079060544193	0.151048874109208	0.0990519611616988	0.0165017794031658
S10614	0.167581702206341	0.110705185713318	0.171112744539183	0.0696733472186738	0.116450789100756	0.11578720766484	0.147370641094034	0.085225001141795	0.0160933813210587
S10624	0.139996007239141	0.136968736765221	0.16627431488157	0.0661474372885223	0.121694241272877	0.114339119492898	0.148033045057564	0.0907046275717129	0.0158424704304943
S10632	0.145418962342462	0.119564784025753	0.160970205084293	0.0715437114517612	0.11946911642658	0.124976569373731	0.14736308815954	0.0932222122169582	0.0174713509189226
S10634	0.130010746544308	0.128986197885303	0.165510722160945	0.0661589846795936	0.133661062428526	0.11101989885936	0.147608772004554	0.0997480413176605	0.017295574119749
S10638	0.159160775948456	0.124126420471823	0.175039775789333	0.0680589264245719	0.121749897340489	0.105973269536712	0.147991404164831	0.0809794334295526	0.016920096894232
S10644	0.132334215033372	0.111721904472976	0.176187172245734	0.0719552873527707	0.130628427349576	0.100152228495234	0.153972751021605	0.103531049098956	0.0195169649297763
S10649	0.145771145610245	0.123029331848324	0.164202703911189	0.0633953857894606	0.126279300231615	0.110959645268029	0.15846266107102	0.0923744410808792	0.015525385189237
S10652	0.152475436113645	0.128075281530644	0.163612763731863	0.0648669205747451	0.113004813845366	0.120493298760552	0.154015440604443	0.0877741555760828	0.0156818892626594
S10654	0.134841875848547	0.121420528907556	0.166722936295705	0.0695148326075002	0.118351413593057	0.103891659629627	0.166416292401692	0.101943641844563	0.0168968188717517
S10655	0.140205548567536	0.11713434231936	0.170409431260693	0.0669975025090541	0.127569424404222	0.108499521631458	0.153071064944942	0.0986982513492975	0.0174149130134372
S10656	0.129872092245557	0.114513696654903	0.175466732674977	0.0685958673922527	0.12245277918902	0.104198982219814	0.165003599019475	0.102617203686613	0.0172790469173883
S10657	0.156730900085878	0.113307776341914	0.162117466595004	0.0777227762030977	0.111687126241094	0.116709908160636	0.150994384754101	0.0948209572394372	0.0159087043788378
S10658	0.131591843623737	0.122543821196701	0.171952943121502	0.0676776324693159	0.127905088499211	0.102019549909705	0.156488268588506	0.10140888093816	0.0184119716531614
S10660	0.124319738522265	0.115829176053195	0.172681644638011	0.0740257347262203	0.12386268951782	0.113637325184503	0.151199931923333	0.105885339998949	0.0185584194357029
S10661	0.126374530766567	0.127325899116526	0.172525229154896	0.068507219355707	0.131951969018085	0.106901886026483	0.147498134507572	0.101686491401025	0.0172286406531391
S10676	0.154663397360499	0.139694969854028	0.157715585568502	0.0593888632294306	0.112365199798187	0.0990869782491587	0.16613485910758	0.0965457168830723	0.0144044299495431
S1068	0.135506840681679	0.129260435279128	0.175290551627438	0.0684333604322941	0.12873399631432	0.103576598666943	0.147561274662059	0.0948251423500932	0.0168117999860445
S10681	0.140152727919802	0.119872337053528	0.156048453968221	0.0661073795751228	0.127799516047476	0.112515991612484	0.154676923662148	0.105888446014969	0.0169382241462508
S10686	0.146496926884526	0.118684294459128	0.160057068367478	0.0689832180246849	0.121497460700203	0.122931272680738	0.14637993421308	0.0986935676432511	0.0162762570269112
S10688	0.136770455939137	0.114559565654944	0.18659046159767	0.0725713563209926	0.126999403914886	0.1099914865388	0.146374463490127	0.0903421357356081	0.0158006708078358
S10690	0.153417014506153	0.114162521291817	0.168313356733418	0.0690568068966186	0.114754985065481	0.124648719532199	0.151736294794536	0.0879178495174909	0.0159924516622862
S10698	0.133909854083158	0.118202473977149	0.175028402828323	0.0740706650446635	0.119710001182121	0.104252804900536	0.153542506161384	0.102180065938279	0.0191032258843859
S107	0.12862872778552	0.106745016915406	0.178645982619785	0.0716607035670431	0.131023670346263	0.103367044063459	0.153590707427951	0.106633989815446	0.0197041574591263
S10703	0.128805594421522	0.114080989580374	0.172820774342102	0.0671827874049269	0.13387772807979	0.101248754406056	0.158667441822317	0.105837471735475	0.0174784582074362
S10726	0.134593958681222	0.119170533404987	0.171353679980427	0.0714777221387327	0.132943928812287	0.108322834277091	0.145419060303775	0.0986840856173662	0.0180341967841117
S10729	0.152111225257609	0.10718805100143	0.165786171473278	0.0748512913116347	0.116660713129951	0.124397373652774	0.147473602531646	0.093850310520905	0.017681261120772
S10733	0.140503193812432	0.116225611462593	0.167379098546486	0.0705910263493151	0.119646540738876	0.101820719303823	0.16271083525554	0.104530782795641	0.0165921917352946
S10734	0.136986942341764	0.108093367811827	0.168124432920642	0.0739864131528918	0.125718153980803	0.109802782871474	0.148583320803283	0.10900290445304	0.0197016816642746
S10735	0.145385568064525	0.130031151778505	0.167621870527939	0.0712966130212535	0.119677754084541	0.109256526994654	0.146299969236687	0.0932292285549553	0.0172013177369407
S10740	0.173984175359069	0.101073413690648	0.17201441716143	0.0763369387555402	0.118173937682329	0.110866128383107	0.145012131681547	0.0851930288595033	0.0173458284268264
S10745	0.160743244566301	0.135188135407845	0.159939624859596	0.0646301609900915	0.108611624279452	0.112164036830427	0.15747098296595	0.0869398073255029	0.0143123827748344
S10748	0.145031263881409	0.115999592863093	0.173886035350039	0.0718558737384112	0.12356337758715	0.118683688390048	0.145784654489138	0.0885493987129588	0.0166461149877529
S10753	0.167137451579416	0.110130159892444	0.17171798603361	0.0734258399027468	0.120426048529809	0.105966649437777	0.145093117609317	0.0895818454412694	0.0165209015736108
S10756	0.140044544870685	0.128958145821238	0.164910080430046	0.0711171379355494	0.115197224931832	0.105162950528947	0.156412660770523	0.101102634317388	0.0170946203937923
S10757	0.116462819479684	0.119078467956827	0.186043272348275	0.0760058065416216	0.145054684978198	0.0996172867056201	0.143754032233994	0.0941008937660101	0.019882735989769
S1076	0.152051748265003	0.120244101159063	0.173436688002583	0.0738782920269008	0.11659204404258	0.112312264226298	0.146587656639899	0.0886699555788811	0.0162272500587928
S10764	0.153811350311576	0.11198501219034	0.16593389873465	0.0727292332951493	0.123115086442828	0.118610319924491	0.146332840942688	0.0905274431112571	0.01695481504702
S10767	0.124163685291739	0.116154968527099	0.173047711973275	0.0755634929760648	0.116650610973321	0.113049349284963	0.155992397673871	0.106382055769681	0.0189957275299862
S10776	0.155547404186933	0.120233851354369	0.171075776467382	0.0670814341696834	0.117301082276384	0.114404573177216	0.151208175892312	0.087229349794341	0.01591835268138
S10778	0.148434345459252	0.11450013466461	0.165639560630381	0.0722086535659679	0.122403883983488	0.109054151042642	0.151148560842715	0.0988761904857756	0.0177345193251692
S10784	0.167843154659861	0.1175684526134	0.169210851821191	0.064384000849308	0.117200195893443	0.120852621666635	0.145534663394586	0.0819782100419489	0.0154278490596269
S10787	0.141458527013404	0.117935823886418	0.169387022967478	0.0717871983849685	0.123661403748319	0.109898983940717	0.150824790755324	0.0962858679102005	0.0187603813931713
S10800	0.137817782846511	0.160405254291738	0.167751496409867	0.065093029352184	0.112134810329416	0.109862710469623	0.14313011035582	0.0873419179805919	0.0164628879642503
S10805	0.157502280373946	0.124182138182345	0.165135231991543	0.0684607171256661	0.117783468381103	0.122650500469536	0.142830457274579	0.0861005563495172	0.0153546498517657
S10813	0.14950089178558	0.121486648391899	0.16603168762721	0.0674058487492562	0.116427407337201	0.11025396155035	0.158593173188946	0.0944575414958357	0.0158428398737234
S10814	0.145697666083467	0.117099580637214	0.160821659800664	0.0657649660799514	0.128967801378109	0.123904779411542	0.144296118233935	0.0969868454209755	0.0164605829541417
S10815	0.137402100112376	0.120939019498898	0.168166662336273	0.0663745858283547	0.127205037557344	0.110821166595066	0.152803705340627	0.0994573798476416	0.0168303428834184
S10817	0.130314998601253	0.107225414181529	0.170914298701794	0.0709049270482076	0.133235316850787	0.124550419252708	0.145316462259921	0.099326912549187	0.0182112505546139
S1083	0.133047098958566	0.127025086214052	0.167403236101994	0.067220721648675	0.129228264178195	0.101976634005218	0.158033844811957	0.0992090631583895	0.0168560509229546
S10835	0.157245525426281	0.118940608227993	0.166490691193964	0.0683365562831575	0.118844111035627	0.099889483475037	0.15732566534318	0.0962878458632973	0.0166395131514631
S10838	0.138696180779835	0.118372335143679	0.163461087479831	0.0657341485917368	0.124031313556301	0.10510397982018	0.160636333807319	0.10727743332111	0.0166871875000083
S10844	0.129119531033222	0.124370661219426	0.165847657946017	0.0717999179307997	0.126212064572496	0.108496260193826	0.152654022884976	0.103894456353423	0.0176054278658155
S10845	0.149992411399895	0.124977401081083	0.166463575685188	0.0630616600066511	0.118953044620343	0.113052736689547	0.155400936602826	0.0929797919214137	0.0151184419930546
S10846	0.12172982300744	0.129288716123658	0.173790822781057	0.0734845793760601	0.12184702790011	0.110654943100283	0.147274840644338	0.102841513874614	0.0190877331924403
S10853	0.152932686790113	0.11578709638837	0.156119121432434	0.0684431152490178	0.111908249635305	0.110478057789306	0.162015651666601	0.10530314225363	0.0170128787952223
S10854	0.126460137159218	0.128239373296472	0.174317777711181	0.0690662202470726	0.136236306397584	0.104749190403829	0.146877042278349	0.0966239194015854	0.0174300331047088
S10865	0.15154606759995	0.114287592778388	0.17143311827393	0.0701655577007475	0.121513709557135	0.11590354188899	0.151172974235961	0.0870221623155099	0.0169552756493873
S10866	0.14753412273444	0.115058044440005	0.166113135363814	0.0638645495922099	0.117736185510334	0.108636148736848	0.159111972058546	0.10427903817393	0.0176668033898734
S10869	0.172591920120681	0.114934656562954	0.162840480548301	0.0709518640904804	0.101694568239735	0.109998041010067	0.163270249781721	0.0896773298394975	0.0140408898065641
S10873	0.153466918877914	0.118880514678326	0.165804858991621	0.0700022458214273	0.116997575580567	0.116896489717044	0.150256212369402	0.0915723366577932	0.0161228473059048
S10876	0.13272987105784	0.121544584602161	0.170642955486099	0.0692702475035712	0.117351180001427	0.101302152227347	0.156053178144971	0.111912587164154	0.0191932438124303
S10883	0.150760251139111	0.123662344014602	0.161153284463732	0.0689594636996636	0.114575208148783	0.116150873798421	0.151927726543249	0.0959421285088356	0.0168687196836036
S10885	0.155827976957293	0.115336795590235	0.164006427626567	0.0735519032219819	0.116429330718183	0.106000801878669	0.149264553616782	0.100992753950589	0.0185894564397
S10893	0.150015186556043	0.116679158307	0.159933542751847	0.0693844249429112	0.122150310478016	0.10974889858416	0.157486352823341	0.0978002578426853	0.0168018677139961
S10895	0.158663416651204	0.115130590054025	0.167924259436026	0.0674755184523127	0.114098338407826	0.109178107312757	0.160897182774606	0.0907565080813888	0.0158760788298548
S10902	0.130959936907229	0.121305574267329	0.160895926617975	0.0726894138767943	0.12945811563892	0.108096459373869	0.151693224447016	0.107870484949988	0.0170308639208802
S10903	0.14687285501935	0.104144144301245	0.162695096624492	0.0749684596407695	0.111115085105849	0.105174115578701	0.167514681182732	0.107862344194485	0.0196532183523768
S1092	0.153460889079215	0.119928539137474	0.16661951123232	0.0643670318348921	0.128153035492986	0.107440698491601	0.150612602343354	0.0928558689407776	0.0165618234473802
S10925	0.141178701597265	0.131175103018837	0.16593605765216	0.0680832886247115	0.118851325692331	0.10800832598334	0.150849897535668	0.0990817430483631	0.0168355568473255
S10927	0.159331811354407	0.104073408885983	0.174854173538061	0.0727699205266455	0.122559697354324	0.107004495395456	0.152511680325773	0.0895192283727976	0.0173755842465543
S10936	0.134584038733288	0.114689277835245	0.172932432765798	0.0715625461914956	0.129601101062142	0.0994038676876289	0.157111427059791	0.102572208001596	0.0175431006630162
S10945	0.163373386769584	0.122150115409423	0.169314061243625	0.0720166251812309	0.107404325928748	0.103101505148585	0.156247051236427	0.0900168181474843	0.016376110934893
S10947	0.141047125383453	0.111572403449089	0.16119883469663	0.0720063327721192	0.133388993681956	0.120280852709984	0.146912035726491	0.0965611137897079	0.0170323077905701
S10949	0.121608084464237	0.112939790680805	0.169051306023521	0.0683176291187889	0.136141577558088	0.104919272748084	0.152237215445322	0.115240961344506	0.0195441626166488
S1095	0.154145156416411	0.112971496585656	0.163984293579827	0.0708866851110454	0.124783172363821	0.131473888029389	0.142551227144811	0.0830964668878935	0.0161076138811471
S10961	0.15132908073476	0.115484004720191	0.166796486619795	0.0663399798926445	0.113445331412601	0.114235495106566	0.160165771907451	0.0971295485641531	0.015074301041839
S10969	0.1358729076937	0.122074771664413	0.170854170562708	0.0699304567641411	0.122359258695989	0.10578139382037	0.157254740281168	0.0988088844184677	0.0170634160990428
S10972	0.155860646164672	0.133696433676368	0.164554705928968	0.0694610671207923	0.105940272368305	0.109321533825322	0.155785099201899	0.0893614159474892	0.0160188257661854
S10973	0.162788676700407	0.124422822201704	0.167103874495884	0.0663058165939144	0.116308265245155	0.118243913376067	0.147285272843668	0.0829143070417169	0.0146270515014844
S10978	0.144911167064379	0.114600671070469	0.170745036351398	0.0679444235055938	0.122963614864256	0.111885766241628	0.15782344859003	0.0926799050330965	0.0164459672791499
S10979	0.140493119994636	0.121452371804746	0.172477386386743	0.0697356096574508	0.123404727056347	0.108516409608941	0.148732311206353	0.0977813144784068	0.0174067498063766
S10986	0.154175300572498	0.105430480754521	0.169637583311699	0.0719478202090281	0.12191750477715	0.115156304452732	0.147282000890445	0.0964449051983467	0.0180080998335793
S10989	0.134792965771529	0.116659878032909	0.171487124660564	0.0675190489588475	0.131172237565059	0.106124244381338	0.152479952647878	0.101677801999363	0.0180867459825124
S10995	0.142354311820193	0.114879042471882	0.171556446350198	0.0673276601491206	0.123488279800686	0.101724140888934	0.159840122428551	0.102121907287799	0.0167080888026375
S11005	0.138236335464591	0.113302447693158	0.163360948575606	0.0752364582065742	0.117268275704514	0.115387846969642	0.153766657770639	0.104934528269744	0.0185065013455315
S11008	0.139973077269915	0.126600349761576	0.166015331051836	0.0688896945998554	0.131102978650069	0.112258311666858	0.146053551776209	0.092815849143863	0.0162908560798167
S11010	0.126158866262945	0.11581186684027	0.167986148269123	0.0665956926176117	0.137593539636662	0.120290885911796	0.146879196643008	0.0996990864869254	0.0189847173316581
S11013	0.146195669455018	0.1130201784791	0.175910495958817	0.0690785016985103	0.121126950846436	0.110964611336658	0.152993209480692	0.0935023537972252	0.0172080289475436
S11016	0.139886621726516	0.120530685754661	0.168018953168215	0.0733555129100416	0.113948072551271	0.0986928790191785	0.160488512885951	0.105970902982708	0.0191078590014586
S11017	0.168235530990973	0.115520677892136	0.16022018921856	0.0699322199941477	0.112538259358587	0.110950820463934	0.157572510413771	0.0881371051304321	0.0168926865374596
S11020	0.160433589816029	0.108488730983275	0.169524744961679	0.0743336347264952	0.112997942225586	0.109370637014591	0.158110326330118	0.0897295811895235	0.0170108127527016
S11027	0.155983628323049	0.11484376715043	0.16354986901707	0.0677389225684077	0.114369852440657	0.112016429816621	0.159939957452067	0.0954464620358002	0.0161111111958993
S11035	0.139685964050215	0.118708354785723	0.158065880787555	0.0651987285207018	0.128628862384088	0.113318151024401	0.153451838247302	0.104891569797251	0.0180506504027627
S11041	0.132650434257817	0.118640981499819	0.170689579001612	0.0642851991182456	0.139199936481099	0.106961959669737	0.153228890500582	0.0981344988128899	0.0162085206581981
S1106	0.138936190906402	0.123419258228322	0.169158553194933	0.0694197231479231	0.114524111497034	0.11331623087278	0.152623842207725	0.102473007268017	0.0161290826768642
S11071	0.118676462153339	0.116674708291598	0.174820398516905	0.0777331545879169	0.117158634811137	0.10083250071463	0.161500594521183	0.112987970256387	0.0196155761469049
