	Neutrophils	Lymphocyte	Monocytes	Other
S10001	0.331790158163	0.39834842481	0.175938719579	0.0939226974487
S10006	0.325970572699	0.535632750446	0.0381094509163	0.100287225939
S1001	0.215501442105	0.496660095353	0.170744677842	0.1170937847
S10010	0.499815529452	0.258434015027	0.140275262324	0.101475193197
S10011	0.30569912134	0.473318092648	0.153304520027	0.0676782659856
S10014	0.318820137775	0.459005955071	0.128347244708	0.0938266624471
S10026	0.31756426824	0.51446792797	0.0995292756044	0.0684385281858
S10032	0.286113295006	0.420452595625	0.199459349315	0.0939747600535
S10036	0.282062039632	0.601012808003	0.0498694224933	0.067055729871
S10042	0.328833895497	0.47151129268	0.0990164001153	0.100638411708
S10044	0.326213240123	0.466155176672	0.155299866076	0.0523317171284
S10049	0.262237283738	0.510643037568	0.107807969956	0.119311708737
S10057	0.212765050979	0.591397535501	0.0911503437203	0.104687069799
S10062	0.266963857689	0.434686587072	0.167907068941	0.130442486298
S10066	0.427640761626	0.383123015133	0.14798180745	0.0412544157907
S10067	0.196655746658	0.613753954189	0.126538811028	0.0630514881255
S1007	0.273181620671	0.585335449722	0.0715968093054	0.0698861203007
S10073	0.303786189212	0.473075878794	0.133990566999	0.0891473649946
S10077	0.255835797954	0.422444742386	0.228270404392	0.093449055268
S10080	0.309787004119	0.396219252619	0.15757789031	0.136415852952
S10082	0.282031250705	0.477368072727	0.101862272073	0.138738404496
S10087	0.231986939916	0.460482007891	0.180671684379	0.126859367815
S10089	0.35187623746	0.422456703007	0.127751438458	0.0979156210751
S1009	0.239480970215	0.495006598069	0.122513700576	0.14299873114
S10090	0.310432115938	0.48917335319	0.132767398665	0.0676271322071
S10093	0.295995285374	0.542479456719	0.0647642153771	0.0967610425306
S10094	0.312830372023	0.446100225084	0.172727952138	0.0683414507551
S1010	0.266478987125	0.517369085985	0.159336190703	0.0568157361871
S10111	0.290595960193	0.500063035597	0.121584408995	0.0877565952151
S10116	0.118619242497	0.604453273781	0.146991131774	0.129936351949
S10119	0.259922933702	0.605340994134	0.0798416289289	0.0548944432354
S10121	0.281255741888	0.484973692367	0.151578292915	0.0821922728297
S10130	0.326579731797	0.458601836974	0.13125067271	0.0835677585185
S10140	0.487879855078	0.287597784251	0.142099091278	0.0824232693925
S10142	0.214478611412	0.544490457885	0.113964948609	0.127065982094
S10150	0.528568365275	0.283766588185	0.0802896958033	0.107375350737
S10155	0.263098419436	0.494780448787	0.139505559106	0.102615572671
S1016	0.328761796024	0.46930442947	0.155200602515	0.0467331719911
S10163	0.287174015306	0.38745522026	0.157936615688	0.167434148746
S10167	0.277701697356	0.570027632107	0.0732373220277	0.0790333485097
S10168	0.252254797339	0.53390324356	0.105711329074	0.108130630028
S10173	0.241880732548	0.557037402279	0.123452127844	0.0776297373291
S10175	0.259522000232	0.550262094036	0.11350806405	0.0767078416825
S10179	0.194736130938	0.551589606722	0.128361181249	0.125313081091
S10186	0.0976567625922	0.571974829942	0.196586462612	0.133781944854
S1019	0.215871664197	0.480180891395	0.188103447973	0.115843996435
S10190	0.27131622482	0.464112312592	0.124818638839	0.139752823749
S10195	0.359818228362	0.463599547268	0.0954931544226	0.0810890699472
S10196	0.360095355772	0.435689949372	0.137848062148	0.0663666327082
S10200	0.336497410805	0.450428483471	0.144345415176	0.0687286905486
S10201	0.500687316017	0.309484390491	0.144500730791	0.0453275627001
S10202	0.331424208439	0.372019607515	0.177554069623	0.119002114423
S10205	0.229964052172	0.590104559475	0.117656658775	0.0622747295784
S10211	0.189369059903	0.682305701337	0.0416106420281	0.0867145967314
S10221	0.268749939323	0.590199770261	0.0973508018987	0.0436994885164
S10222	0.244117699065	0.630634477416	0.0745510732608	0.0506967502585
S10226	0.328684387096	0.442265474062	0.14883194212	0.0802181967223
S10227	0.30302460301	0.471338487071	0.124933327406	0.100703582513
S10228	0.266574217658	0.594004825507	0.107400915108	0.0320200417269
S10232	0.161406964047	0.692132499393	0.0795345965972	0.0669259399636
S10248	0.308936876509	0.434497058673	0.112530835333	0.144035229485
S10249	0.354850395011	0.261240928613	0.312778775153	0.0711299012227
S1025	0.251372504467	0.478408929408	0.162764894065	0.10745367206
S10266	0.376193417699	0.408185397379	0.131371584782	0.0842496001403
S10269	0.328412617397	0.43671414943	0.13857601915	0.0962972140227
S10272	0.355784195319	0.476410867744	0.0664017728868	0.101403164051
S10273	0.395317143208	0.364457667673	0.149464590099	0.0907605990194
S10274	0.287096650237	0.559190627008	0.102480273369	0.0512324493867
S1028	0.319810126239	0.402270946839	0.133033895367	0.144885031555
S10280	0.354148418952	0.372392640799	0.229717549429	0.0437413908206
S10283	0.139810115081	0.546706954723	0.199355441783	0.114127488413
S1029	0.309818693223	0.539880987655	0.0799743017976	0.0703260173245
S10292	0.243082019249	0.613436505052	0.0871671355405	0.0563143401585
S10294	0.332295686872	0.457746726732	0.0832414499938	0.126716136402
S10302	0.301535247015	0.462965603302	0.104966511031	0.130532638652
S10303	0.311461138967	0.395082003987	0.170260174633	0.123196682414
S10323	0.320854613891	0.47947652477	0.125575119893	0.0740937414459
S10326	0.303324240689	0.45634953205	0.150746210149	0.0895800171115
S10328	0.343308018546	0.405117588767	0.136399998062	0.115174394624
S10329	0.26483723277	0.42652355254	0.141843536227	0.166795678463
S10336	0.276206837753	0.402627635798	0.205110714583	0.116054811867
S10340	0.33408071481	0.441594180759	0.134618659289	0.0897064451408
S10347	0.269704679735	0.498513831961	0.151643042708	0.0801384455953
S10353	0.286390518162	0.497224168248	0.129711949159	0.0866733644311
S10356	0.27256157725	0.487856417576	0.121846811893	0.117735193282
S10358	0.313597263214	0.471304325744	0.154244067073	0.060854343969
S10365	0.376287789651	0.448050509531	0.148762820159	0.0268988806583
S1037	0.175870502413	0.590488712276	0.136022830211	0.0976179551011
S10373	0.286451767904	0.485263712032	0.11703944059	0.111245079474
S10374	0.207772338587	0.632591666336	0.0760665462545	0.083569448823
S10375	0.37421260343	0.378550139377	0.160008176714	0.0872290804792
S10377	0.253377530586	0.589303986815	0.0656945274242	0.0916239551749
S10378	0.292058313514	0.409256027416	0.137669097484	0.161016561586
S10390	0.317571392253	0.467072948838	0.16010492843	0.0552507304786
S10391	0.132536789828	0.721699886034	0.0671466970691	0.078616627069
S10393	0.309461706784	0.434201550372	0.145701029446	0.110635713398
S10400	0.29466380302	0.415144872306	0.203904516983	0.086286807691
S10401	0.234283319062	0.524390954846	0.166584410716	0.074741315376
S10406	0.369475327409	0.412691937057	0.137746566128	0.0800861694061
S10408	0.326812887106	0.480534395599	0.112757783629	0.0798949336658
S10409	0.265030417683	0.494917650787	0.130711779038	0.109340152491
S10418	0.333237191036	0.519683935352	0.0912790091745	0.0557998644373
S10431	0.239531571306	0.524968831987	0.137760264104	0.0977393326033
S10438	0.30899836506	0.39687013357	0.120724868925	0.173406632445
S10439	0.31908684463	0.45578958471	0.181283683499	0.0438398871613
S10441	0.33149946352	0.378267601413	0.230450650622	0.0597822844459
S10442	0.373361957482	0.385065825634	0.167690318799	0.0738818980854
S1046	0.46125517565	0.338031086625	0.14194755894	0.0587661787849
S10478	0.360243251048	0.411213790526	0.150651311062	0.0778916473635
S10480	0.206003167192	0.620070456777	0.106473787064	0.0674525889678
S10484	0.362187513365	0.415414327823	0.192042904033	0.0303552547783
S10492	0.227104922343	0.633080389458	0.0791336017356	0.0606810864634
S10496	0.237514561683	0.559838953155	0.13890603098	0.0637404541816
S10510	0.18160730868	0.629821118663	0.11408334771	0.0744882249462
S10513	0.310298692184	0.423696786333	0.23845100057	0.0275535209131
S10516	0.242145586126	0.450093228363	0.196549778264	0.111211407248
S10534	0.24060586558	0.48300630217	0.16775020335	0.1086376289
S10535	0.21168124591	0.493501340043	0.111299033661	0.183518380386
S10537	0.279373717758	0.398261670187	0.22004655422	0.102318057835
S1054	0.259170486864	0.475131972086	0.114927708637	0.150769832413
S10543	0.32925023273	0.523111504026	0.0878446678632	0.0597935953807
S10546	0.283442749044	0.600894278734	0.0690172571335	0.046645715089
S1055	0.438894374092	0.339118741337	0.158560379945	0.063426504627
S10551	0.273648200275	0.478087234388	0.179707949018	0.0685566163177
S10552	0.330143311464	0.487981714957	0.130762195397	0.0511127781822
S10555	0.26577675171	0.526200733435	0.0990325902411	0.108989924614
S10559	0.292862091719	0.443222202727	0.17000854605	0.0939071595038
S1056	0.26658240157	0.492867740115	0.141236295592	0.0993135627222
S10563	0.327633517753	0.437982209967	0.12388412095	0.11050015133
S10574	0.219592346793	0.531682123512	0.147582546682	0.101142983013
S10576	0.461781757526	0.337215150877	0.0870045719072	0.11399851969
S10578	0.316910979895	0.484198566188	0.118988325949	0.0799021279684
S10579	0.368998695764	0.497161126006	0.0953299719498	0.0385102062811
S10582	0.346978547059	0.470155867389	0.106675590192	0.07618999536
S1059	0.346575768434	0.402604792016	0.179422185954	0.0713972535959
S10599	0.337911439642	0.443166291818	0.170765789242	0.0481564792977
S10611	0.245748389083	0.496128752312	0.172795626564	0.0853272320413
S10614	0.390105791968	0.324961560582	0.214330887235	0.0706017602152
S10624	0.174932467078	0.516424035224	0.235154163944	0.0734893337539
S10632	0.303872087472	0.47873735782	0.139360316713	0.0780302379945
S10634	0.232120309713	0.467192543064	0.14102091148	0.159666235743
S10638	0.338207669115	0.42080642999	0.179738387208	0.0612475136864
S10644	0.249278039831	0.564425802844	0.143183753745	0.0431124035805
S10649	0.435291169359	0.403760551542	0.127929602088	0.0330186770102
S10652	0.45326617636	0.334820847964	0.115048709677	0.0968642659983
S10654	0.257130263478	0.51365589783	0.159134876932	0.0700789617606
S10655	0.357867068162	0.442202937576	0.139602931803	0.0603270624581
S10656	0.244983651464	0.53968136467	0.0914574249266	0.12387755894
S10657	0.263644680123	0.519518164023	0.12561184854	0.0912253073138
S10658	0.338523932727	0.417964868882	0.113926329299	0.129584869092
S10660	0.114962994901	0.581225614968	0.10481900682	0.198992383311
S10661	0.258414078579	0.569627565675	0.0981947255875	0.0737636301589
S10676	0.277075977783	0.459211000513	0.182935310781	0.080777710923
S1068	0.222759680127	0.441738469846	0.19164678313	0.143855066896
S10681	0.266228154118	0.560501521202	0.0888465871202	0.0844237375596
S10686	0.338844465682	0.438910955941	0.10507033621	0.117174242167
S10688	0.25856964821	0.615409008291	0.116074257189	0.00994708630975
S10690	0.199328628504	0.567478554443	0.17116006834	0.0620327487133
S10698	0.278156089328	0.422361960593	0.160071882548	0.139410067531
S107	0.325396950213	0.50383543751	0.0974425822651	0.0733250300115
S10703	0.197493683318	0.574971109887	0.194125075037	0.0334101317586
S10726	0.291739779031	0.535361112739	0.104863487689	0.0680356205409
S10729	0.243769291015	0.438865455477	0.198054985604	0.119310267904
S10733	0.271047670112	0.41808521597	0.164816824309	0.146050289609
S10734	0.171337343693	0.662952507734	0.0979096303808	0.0678005181921
S10735	0.311554084763	0.516843214406	0.0996677220325	0.0719349787989
S10740	0.31676491168	0.403556100317	0.231436295731	0.0482426922721
S10745	0.420119821092	0.35762639893	0.156135054841	0.066118725137
S10748	0.271687986101	0.506030420374	0.135845360166	0.0864362333589
S10753	0.312516542862	0.530501841265	0.12254916182	0.0344324540532
S10756	0.31459533181	0.511818449599	0.104862495273	0.0687237233181
S10757	0.166460644146	0.696960719116	0.0989026751198	0.0376759616174
S1076	0.343821054555	0.386431701713	0.188118966576	0.0816282771557
S10764	0.352490604825	0.480828327323	0.112915550618	0.0537655172337
S10767	0.226445573012	0.556576411517	0.0833199923939	0.133658023077
S10776	0.390388398503	0.382471204659	0.1480568429	0.0790835539382
S10778	0.466006436241	0.350298447837	0.086920870801	0.0967742451212
S10784	0.427442561584	0.299806788202	0.214667763344	0.0580828868702
S10787	0.251469186511	0.553779765148	0.112026341163	0.0827247071779
S10800	0.326588769399	0.472359142659	0.117029269524	0.0840228184183
S10805	0.321192698957	0.458387492621	0.144788290348	0.0756315180738
S10813	0.276868591191	0.457136263218	0.152468966676	0.113526178916
S10814	0.238919207511	0.540738876005	0.129722770745	0.090619145739
S10815	0.315836783324	0.562300781548	0.0769776895632	0.0448847455656
S10817	0.206759308353	0.60377210954	0.109894499349	0.079574082758
S1083	0.206469926367	0.529252104557	0.161775586752	0.102502382324
S10835	0.21757688819	0.481778777828	0.244019532377	0.0566248016055
S10838	0.352025961292	0.507818258393	0.101774185205	0.0383815951099
S10844	0.324817115052	0.520973566769	0.066825658539	0.0873836596399
S10845	0.296767730642	0.446706560861	0.195260192652	0.0612655158454
S10846	0.183338399984	0.565203471874	0.0949532337151	0.156504894427
S10853	0.411432816872	0.428503099278	0.0879296999151	0.072134383935
S10854	0.172754318109	0.534056728592	0.163135278619	0.13005367468
S10865	0.293176224206	0.433565562776	0.196035822381	0.0772223906366
S10866	0.282547204914	0.514139665107	0.147677652744	0.0556354772352
S10869	0.369110290679	0.398196831323	0.161814991954	0.0708778860445
S10873	0.203829000326	0.572449218303	0.162176968093	0.0615448132776
S10876	0.212661257807	0.555064148999	0.15101507458	0.0812595186135
S10883	0.367127784593	0.363389298497	0.147103470193	0.122379446716
S10885	0.298587337145	0.571449624012	0.0808341231916	0.0491289156506
S10893	0.390883418575	0.324206703828	0.146883153053	0.138026724544
S10895	0.356736372091	0.370701246477	0.208128801586	0.0644335798454
S10902	0.285405296088	0.586221319819	0.0574706960344	0.0709026880582
S10903	0.379981070657	0.385854659068	0.129278251938	0.104886018337
S1092	0.37428424634	0.408711678628	0.178306376218	0.0386976988136
S10925	0.238117903165	0.445683186756	0.189169039252	0.127029870827
S10927	0.378308077879	0.411741055368	0.16610895412	0.0438419126334
S10936	0.228403003056	0.531768600742	0.115210267102	0.124618129101
S10945	0.42607932871	0.275520697665	0.210060539989	0.0883394336354
S10947	0.285804671266	0.551389494291	0.0820299797441	0.080775854699
S10949	0.277951397219	0.52896051091	0.102395827802	0.0906922640686
S1095	0.331998296622	0.406746242144	0.132678075201	0.128577386032
S10961	0.375740238153	0.435351974689	0.123397122055	0.0655106651033
S10969	0.228999456016	0.547790576613	0.125161072778	0.0980488945936
S10972	0.336399862472	0.394749636615	0.18598387135	0.0828666295631
S10973	0.452067225062	0.335265687018	0.109416779301	0.10325030862
S10978	0.393061845328	0.442211994925	0.095016060787	0.0697100989602
S10979	0.290047841192	0.491990815173	0.116325375164	0.101635968471
S10986	0.366169754106	0.445859900839	0.133726602182	0.0542437428736
S10989	0.266430968467	0.405094108611	0.164387993053	0.16408692987
S10995	0.337232516943	0.44141697832	0.166475824113	0.054874680624
S11005	0.28150302163	0.490981232574	0.110943639659	0.116572106137
S11008	0.314693108546	0.48923812646	0.100118063696	0.0959507012983
S11010	0.209878775701	0.501875130073	0.197327882534	0.0909182116916
S11013	0.340619543059	0.412431051072	0.181453385163	0.0654960207058
S11016	0.267227966254	0.414647238848	0.146776216143	0.171348578755
S11017	0.274374716065	0.448175768189	0.232357859062	0.0450916566846
S11020	0.278771487591	0.485945757639	0.161845561434	0.0734371933358
S11027	0.346293362201	0.424820331868	0.142173249492	0.0867130564392
S11035	0.307587763953	0.508638151283	0.115005597327	0.0687684874363
S11041	0.309682760647	0.522805728863	0.0800604280891	0.0874510824008
S1106	0.301203190295	0.438233355593	0.131394318057	0.129169136054
S11071	0.179251389887	0.593168704493	0.120014045224	0.107565860396
S11076	0.26621168201	0.511305301608	0.107517620132	0.11496539625
S11078	0.407419662142	0.458306179685	0.0678860857021	0.0663880724708
S11081	0.274991500169	0.462319908154	0.164245460242	0.098443131436
S11086	0.365787932046	0.427726928773	0.0858433219843	0.120641817197
S1109	0.349422193833	0.362000428764	0.186473687746	0.102103689657
S11096	0.395561598195	0.409828617096	0.0978991062368	0.0967106784729
S11100	0.351027807784	0.40432148182	0.129621057751	0.115029652646
S11107	0.39018776526	0.407025426743	0.106940656898	0.0958461510997
S11109	0.382642583667	0.445075182684	0.142298319526	0.0299839141232
S1111	0.177631421609	0.639810541812	0.126526399851	0.0560316367279
S11119	0.325946586549	0.478843969067	0.119799615353	0.0754098290304
S11127	0.289820436539	0.510665698358	0.135291175595	0.0642226895079
S11136	0.303674783507	0.535376557046	0.0857031489772	0.07524551047
S11147	0.359077775481	0.475869706553	0.102103389409	0.062949128557
S11150	0.379018709227	0.380533071985	0.129128175632	0.111320043157
S11152	0.310772113097	0.470181554561	0.149706125333	0.0693402070083
S1116	0.221991540324	0.653631543341	0.0535425636912	0.0708343526437
S11163	0.276149257337	0.533978289315	0.117988809759	0.0718836435892
S11164	0.399814947445	0.424096407618	0.126951900604	0.049136744333
S11166	0.219485110076	0.537046685614	0.117638314901	0.125829889408
S11173	0.3210830757	0.493663588219	0.137264157165	0.047989178916
S11174	0.218420203454	0.611734388847	0.131735378297	0.038110029402
S11182	0.315121588903	0.540435224075	0.0985615657087	0.0458816213137
S11188	0.309920685382	0.46731749129	0.169720517294	0.0530413060342
S11189	0.352078332532	0.424080485957	0.128895295247	0.0949458862642
S1119	0.184232705678	0.587167153937	0.129627580074	0.0989725603116
S11195	0.248758898747	0.519865383742	0.137852126106	0.0935235914043
S11197	0.240885603768	0.512290820917	0.106911328424	0.139912246891
S11198	0.487145267885	0.277550065903	0.186623361712	0.0486813044997
S11211	0.315702086926	0.37746509086	0.187588394834	0.11924442738
S11214	0.253961015783	0.46164742359	0.172399326861	0.111992233765
S11216	0.383806780182	0.405205888959	0.155743680689	0.0552436501703
S11224	0.320799801229	0.495496223596	0.104243856859	0.0794601183158
S11236	0.354008881553	0.40539415314	0.191918414178	0.0486785511296
S11241	0.262560689577	0.575466580606	0.0847969351446	0.0771757946725
S11243	0.25793554802	0.546879967261	0.141349032893	0.0538354518254
S11245	0.284538324954	0.50080355183	0.162485788317	0.0521723348986
S11249	0.273356055013	0.542284642602	0.146761468496	0.0375978338885
S11274	0.214101300305	0.480776897302	0.180658058859	0.124463743533
S11280	0.260809938909	0.45035864032	0.154320423979	0.134510996792
S11281	0.240158573848	0.551801712804	0.152907410227	0.0551323031216
S11285	0.257125735868	0.538498145373	0.157330561105	0.0470455576532
S11298	0.205829337448	0.606286998776	0.0911993285078	0.0966843352683
S11311	0.364070588767	0.329528864819	0.178614818201	0.127785728212
S11312	0.333183934524	0.485987294189	0.116141481344	0.0646872899436
S11316	0.287614291722	0.443678223679	0.148491526608	0.120215957992
S1133	0.281353953731	0.474972883559	0.137876102205	0.105797060505
S11330	0.400243030558	0.434927687289	0.075504080081	0.0893252020718
S11332	0.193838544466	0.497464103526	0.109524262373	0.199173089635
S11334	0.227197335848	0.4682178211	0.153934324724	0.150650518328
S11335	0.398854579397	0.377144397043	0.132432575664	0.0915684478955
S11345	0.272923899037	0.518988740206	0.0837099984492	0.124377362308
S11349	0.255860259961	0.554635007348	0.139792604975	0.0497121277162
S1135	0.191898320962	0.579352014679	0.200146619488	0.0286030448708
S11352	0.383782708483	0.435649384684	0.145694278744	0.0348736280877
S11353	0.416146141858	0.367102774254	0.154948375265	0.0618027086229
S11368	0.235139207349	0.60657391477	0.120485168828	0.0378017090521
S11369	0.22638846754	0.476659632216	0.210064908277	0.0868869919667
S11371	0.239785082343	0.588785953583	0.0822067964029	0.0892221676719
S11377	0.312173583353	0.451506852592	0.19068537551	0.0456341885456
S11378	0.163754269852	0.659065589083	0.0952428205729	0.0819373204927
S11383	0.277430921154	0.427109754112	0.162200105577	0.133259219158
S11384	0.182037372548	0.626402317751	0.111449720984	0.0801105887177
S11392	0.293454340902	0.467656768755	0.120917082133	0.11797180821
S1140	0.327374252863	0.4923669952	0.0811481242721	0.0991106276642
S11410	0.279836131251	0.452110585178	0.15887399128	0.109179292291
S11411	0.222883248044	0.577458530455	0.14860900093	0.0510492205712
S11414	0.268738097516	0.57221559107	0.0975954684764	0.0614508429377
S11419	0.266472960011	0.57496350272	0.107213624278	0.0513499129914
S11424	0.195353441948	0.600020792196	0.158177872063	0.0464478937931
S11425	0.282661513018	0.450084693577	0.141912436779	0.125341356626
S11433	0.209355624319	0.590681207285	0.131816232586	0.068146935809
S11434	0.293612980256	0.509938604482	0.105780990434	0.0906674248276
S11436	0.289919566965	0.509777985448	0.127292479462	0.073009968125
S11437	0.246031469019	0.547437606412	0.0971333147237	0.109397609845
S11440	0.4783785288	0.44747148186	0.0329702125594	0.0411797767809
S11449	0.287707321418	0.478346968809	0.119885160651	0.114060549122
S11459	0.18372085473	0.562256574563	0.18594192087	0.0680806498374
S11477	0.365627281868	0.38551878572	0.134164417665	0.114689514747
S11480	0.408200374754	0.388381267322	0.109304674907	0.0941136830173
S11486	0.286342815745	0.483202899051	0.133518910759	0.0969353744456
S11501	0.208217824374	0.521944895561	0.17094951435	0.0988877657148
S11504	0.164878292126	0.532748971307	0.144511447062	0.157861289506
S11507	0.194686240057	0.560019271796	0.112058401573	0.133236086573
S11518	0.162105298731	0.511861863621	0.204596420195	0.121436417453
S11525	0.175939697579	0.608165450295	0.134369470537	0.0815253815898
S11531	0.320697981589	0.415801865802	0.143418281076	0.120081871534
S11532	0.226227855899	0.585603044206	0.0898867309277	0.0982823689677
S1154	0.250495365947	0.518215650214	0.106907589372	0.124381394468
S11542	0.30478186584	0.535809617643	0.0851019913579	0.0743065251591
S11543	0.355962617783	0.390721335302	0.187214408997	0.0661016379178
S11546	0.384348661547	0.354750384468	0.169347400226	0.0915535537589
S1155	0.332019366624	0.419076174503	0.126496627801	0.122407831072
S1156	0.149261579905	0.617430658465	0.0723682501315	0.160939511498
S11568	0.399747357099	0.408386360949	0.112345315995	0.0795209659573
S11576	0.199463146275	0.540956300521	0.148244595921	0.111335957282
S11584	0.362171219445	0.477438945033	0.141662890165	0.0187269453567
S11586	0.324005860556	0.439370148412	0.159316777164	0.0773072138681
S11590	0.327990820422	0.467968129725	0.111036531245	0.0930045186078
S11592	0.244922349534	0.60183750418	0.0933799361191	0.0598602101672
S11593	0.36866548143	0.416711204819	0.12157235369	0.0930509600615
S11599	0.243470480389	0.548149028319	0.119331872845	0.0890486184468
S1160	0.24338408124	0.538042603322	0.0878216279386	0.1307516875
S11610	0.42428604589	0.402892315209	0.0931895249453	0.0796321139551
S11615	0.359954577465	0.36843154933	0.206247313848	0.0653665593579
S11629	0.338780647304	0.400925331213	0.174489868743	0.0858041527402
S11631	0.211829622261	0.547728976919	0.168571398195	0.0718700026251
S1164	0.315252460452	0.514405278969	0.124037772378	0.0463044882011
S11642	0.333626852003	0.360545385795	0.170300918468	0.135526843734
S11656	0.278959097339	0.587557362935	0.089321988439	0.0441615512876
S11663	0.344664129944	0.437727881479	0.085413851039	0.132194137538
S11667	0.304731754351	0.500033872031	0.152042154402	0.0431922192157
S11668	0.327312411735	0.508134611906	0.127156704163	0.0373962721958
S1167	0.308112085607	0.486089915315	0.112763348924	0.0930346501546
S11673	0.242825885208	0.427602723585	0.211251758348	0.118319632858
S11682	0.350204935005	0.458522418807	0.124896631542	0.0663760146461
S11693	0.273026654503	0.484915367316	0.146660501978	0.0953974762032
S11696	0.293314843023	0.496852775271	0.115036716433	0.094795665273
S11699	0.325376170394	0.415394911457	0.179164055774	0.0800648623753
S117	0.278803193733	0.48602332394	0.126137226777	0.10903625555
S1170	0.315916186165	0.495350149403	0.102424289592	0.0863093748402
S11709	0.301541274296	0.440643621511	0.187225025002	0.0705900791915
S11713	0.0664634650512	0.724496814538	0.132054454007	0.076985266404
S11717	0.221561960148	0.526687361454	0.105147269578	0.146603408819
S1173	0.30106517795	0.485188889912	0.125752589887	0.0879933422516
S11731	0.420727243759	0.342431840236	0.191132251623	0.0457086643828
S11732	0.326069360829	0.485155535688	0.0961795957782	0.0925955077045
S11733	0.230531208387	0.448224981775	0.180654840596	0.140588969241
S11734	0.332482619369	0.470384039392	0.136123234441	0.0610101067979
S11735	0.334629284831	0.380944676328	0.167702070933	0.116723967908
S11737	0.245470213554	0.471115112572	0.165446706917	0.117967966957
S11745	0.2881728662	0.543293146416	0.117008079986	0.0515259073976
S11760	0.330064379658	0.42478453586	0.159816733891	0.0853343505913
S11761	0.124256280154	0.680511494902	0.119288943581	0.0759432813629
S11769	0.473243493954	0.302119431462	0.145863856595	0.0787732179896
S11783	0.287094908224	0.52067815833	0.12089860826	0.071328325186
S11784	0.353902237336	0.430759614673	0.134313357151	0.0810247908398
S11786	0.356416797066	0.411501994727	0.135724639269	0.0963565689369
S11797	0.354620249109	0.323307940887	0.204466588384	0.11760522162
S11799	0.23261671845	0.525439951012	0.149571365023	0.0923719655151
S118	0.395309183698	0.381558423455	0.142326235271	0.0808061575759
S11800	0.216347611203	0.56502442013	0.165749206062	0.0528787626045
S11802	0.360338311989	0.330279610137	0.137832548102	0.171549529772
S11806	0.39682025082	0.404753114956	0.0860838652895	0.112342768934
S11807	0.139936905959	0.575032266583	0.1613827796	0.123648047858
S11810	0.195919738934	0.712837009627	0.0560835437051	0.0351597077337
S11811	0.418513289231	0.294876603135	0.191523516568	0.0950865910665
S11812	0.355289765572	0.418304517464	0.137022337795	0.0893833791696
S11820	0.288362863084	0.50387332325	0.130438950491	0.0773248631748
S11822	0.410328139096	0.389747416281	0.134824729116	0.0650997155066
S11823	0.290873747269	0.509257789165	0.106965482949	0.0929029806172
S11826	0.319436158262	0.521913160606	0.107401639171	0.0512490419602
S1183	0.212716648314	0.544889127383	0.108144333908	0.134249890395
S1184	0.248362033571	0.446076529692	0.177598427447	0.127963009289
S11842	0.278751927444	0.505209891938	0.12579621965	0.0902419609683
S11843	0.386768821051	0.40130120435	0.14716640548	0.0647635691189
S11844	0.254984690863	0.412693786032	0.186661490179	0.145660032925
S11850	0.185496478037	0.583872087678	0.168274226198	0.0623572080871
S11853	0.36056161141	0.487862759625	0.0856556403319	0.0659199886327
S11857	0.34254315905	0.466461724356	0.138300086287	0.0526950303067
S11858	0.263518712078	0.552684316868	0.138474765597	0.0453222054578
S11860	0.296964047792	0.508264737146	0.137115322967	0.0576558920955
S11864	0.144118309656	0.491220978079	0.226874573507	0.137786138758
S11870	0.316651370446	0.4167122231	0.138873116612	0.127763289842
S11875	0.316367874137	0.512135565143	0.108122826616	0.0633737341049
S11877	0.233158321845	0.551217666401	0.132681628335	0.0829423834184
S11878	0.234437258444	0.508320649463	0.112899814185	0.144342277908
S11882	0.221270477573	0.556221265488	0.133694417076	0.0888138398635
S11883	0.422096534203	0.446604539359	0.0901816460055	0.0411172804325
S11884	0.389601473201	0.316298311464	0.227589293603	0.0665109217324
S11886	0.387568956925	0.415539759982	0.0959595017799	0.100931781313
S11897	0.30903949572	0.547686873047	0.109603693359	0.0336699378742
S1190	0.259679632157	0.42202153341	0.225283479415	0.093015355018
S11903	0.440007472726	0.364233177463	0.13123003637	0.0645293134413
S11905	0.425111920772	0.318852900576	0.198459025317	0.0575761533341
S11907	0.20216758101	0.643051536776	0.103136177789	0.051644704425
S11914	0.393252257542	0.413871842421	0.132329123032	0.0605467770043
S11917	0.289419229619	0.589899743887	0.0779424471129	0.0427385793807
S11928	0.237756417594	0.573405852303	0.11056511782	0.0782726122837
S11929	0.336178565304	0.368150679728	0.14191946275	0.153751292218
S1193	0.140158516514	0.543126101347	0.198998696191	0.117716685948
S11930	0.256448804256	0.512274524819	0.114601231409	0.116675439516
S11934	0.264535226519	0.553040999718	0.0971021305571	0.0853216432061
S11939	0.33507605608	0.407135077479	0.204931664731	0.0528572017109
S11944	0.299167300974	0.575481854109	0.0804110685179	0.0449397763996
S11945	0.263309515202	0.548442899515	0.0809882890448	0.107259296238
S11957	0.387976793011	0.473896471457	0.0887392963124	0.0493874392196
S11958	0.272561676296	0.474893677072	0.167165764377	0.0853788822553
S1196	0.401836540489	0.393715762104	0.133620527373	0.0708271700334
S11960	0.270799994985	0.533397050777	0.111611493146	0.0841914610925
S11965	0.198896325342	0.602837241434	0.116599238708	0.0816671945164
S11967	0.377029443545	0.415269915782	0.121526649527	0.0861739911466
S1197	0.253816816101	0.58095476215	0.0952572648555	0.0699711568932
S11973	0.316287659635	0.498186052937	0.0661907397615	0.119335547666
S11974	0.261375127875	0.496562718836	0.199976985601	0.0420851676869
S11980	0.36834346576	0.37464003748	0.158368477125	0.0986480196354
S11985	0.282678476584	0.527480399227	0.119479360409	0.0703617637797
S11987	0.397821992729	0.39733679029	0.116139332426	0.0887018845557
S11993	0.353774039775	0.441372838153	0.127055587131	0.0777975349404
S12001	0.307895064617	0.511960312429	0.127248711215	0.0528959117388
S12004	0.285284262927	0.471569186543	0.171269777385	0.0718767731448
S12006	0.287858028498	0.538531474469	0.0701483765928	0.10346212044
S12010	0.216379095094	0.486947640519	0.188838430916	0.107834833471
S12011	0.324301604202	0.46780202746	0.176188193309	0.0317081750286
S12012	0.304671266524	0.458326845713	0.16380148276	0.0732004050026
S12022	0.186238255603	0.54230141936	0.177705783987	0.0937545410505
S12043	0.286370990336	0.443362111858	0.186629191392	0.0836377064135
S12052	0.280376864543	0.45000962416	0.147560224767	0.122053286529
S12056	0.325915708191	0.47866311543	0.126237481986	0.0691836943932
S12057	0.32456932572	0.466239765253	0.143919178446	0.0652717305816
S12058	0.382318439432	0.425520101673	0.0979104817682	0.0942509771268
S12061	0.278117682435	0.520011831468	0.115185395166	0.0866850909315
S12064	0.205738980196	0.499191893288	0.134640902585	0.16042822393
S12073	0.413358716157	0.3976204674	0.0874627747111	0.101558041731
S12076	0.266823693628	0.423953796245	0.19665638188	0.112566128247
S12079	0.290756748358	0.590052007269	0.0428119244711	0.0763793199021
S12089	0.299287336366	0.422709887126	0.177191558994	0.100811217515
S12098	0.329765745376	0.474476168517	0.129556808512	0.0662012775953
S1210	0.292904301896	0.461619778677	0.163392031575	0.0820838878523
S12101	0.304544648469	0.528692131474	0.0959055188889	0.070857701168
S12105	0.213676135653	0.562870030072	0.186980080343	0.0364737539327
S12106	0.270326643562	0.45126665549	0.168190801042	0.110215899907
S1212	0.285660855134	0.56401180699	0.122346299864	0.027981038011
S12120	0.365008357973	0.429182413046	0.167436496901	0.0383727320798
S12129	0.242669404208	0.582006296826	0.123098917687	0.0522253812794
S12137	0.398874618432	0.42851878907	0.0992317789588	0.0733748135388
S12140	0.185824950895	0.554657131293	0.166435115045	0.0930828027661
S12159	0.280864937006	0.465041763578	0.141740291729	0.112353007686
S12170	0.385983469594	0.413701939198	0.103779673533	0.0965349176752
S12178	0.257652499607	0.532689933407	0.132325814363	0.0773317526232
S12179	0.305914035985	0.413805057616	0.137149805469	0.143131100929
S1218	0.258065352108	0.52175612879	0.131409522307	0.088768996795
S12182	0.336579545389	0.483937497346	0.131950514612	0.0475324426535
S12196	0.331334228044	0.461590814801	0.0920616709484	0.115013286207
S12198	0.33572108893	0.47674382922	0.0894343371126	0.0981007447376
S1220	0.246226778206	0.510760712049	0.153066057016	0.0899464527291
S12200	0.299689451816	0.460540947482	0.15761752156	0.0821520791419
S12202	0.308080203042	0.505922956121	0.117105688795	0.0688911520421
S12206	0.375203851161	0.384968532426	0.147807981271	0.0920196351418
S12208	0.206290030648	0.568642791235	0.16477408928	0.0602930888382
S12215	0.234171037919	0.50245213863	0.17125383499	0.0921229884614
S12221	0.311631321221	0.522390008002	0.114218667315	0.0517600034618
S12228	0.289474483277	0.479997396851	0.181179497238	0.0493486226343
S12231	0.316480405132	0.416651392258	0.16759497564	0.0992732269704
S12240	0.158959016728	0.546842211974	0.0666212278466	0.227577543451
S12241	0.205136424142	0.453919760473	0.246811699157	0.0941321162272
S12244	0.217679561929	0.525248676602	0.204728943404	0.0523428180655
S12245	0.328782096096	0.448535963845	0.125976117004	0.0967058230552
S12249	0.318140418271	0.493573001028	0.111219026885	0.0770675538156
S12251	0.191596056604	0.577876553201	0.1969999269	0.0335274632947
S12261	0.298061382984	0.529409397477	0.120191423513	0.0523377960268
S12264	0.245464406336	0.550304462337	0.11862504184	0.0856060894872
S12265	0.362330503222	0.409639487297	0.167846472291	0.0601835371898
S12271	0.364033958601	0.361120857417	0.18721602948	0.0876291545014
S12276	0.217440465375	0.494189681436	0.18541342122	0.10295643197
S12278	0.273598399488	0.524896959886	0.167718594029	0.033786046596
S12279	0.306041865859	0.413225765278	0.160568141883	0.12016422698
S12282	0.381881717205	0.351237343274	0.163611109618	0.103269829903
S12285	0.277378209712	0.511622704482	0.121101089063	0.0898979967435
S12291	0.312652040287	0.545300875049	0.0970328208396	0.0450142638245
S12294	0.378358159506	0.442506953552	0.0866628726989	0.0924720142432
S12308	0.295174283113	0.478930230727	0.166472154982	0.0594233311781
S12335	0.211545387574	0.544231635276	0.179255736169	0.0649672409809
S12344	0.277739132409	0.464071691019	0.149273972309	0.108915204262
S12347	0.33578280706	0.427035712049	0.157502473333	0.0796790075575
S12348	0.280239989995	0.552391056113	0.0808077785095	0.0865611753832
S12354	0.276484981755	0.558275155413	0.0972393225263	0.0680005403058
S1236	0.285116373846	0.504263052668	0.118808318914	0.0918122545714
S12365	0.251393541236	0.514224438828	0.150723954526	0.0836580654095
S12366	0.422601203998	0.337871964578	0.135755109638	0.103771721786
S12374	0.337510384896	0.456382073204	0.125892060807	0.0802154810926
S12385	0.302601967094	0.418136767413	0.199911834738	0.0793494307555
S1239	0.341306893411	0.550576964956	0.0834935927335	0.0246225488992
S12391	0.380172358601	0.453556131225	0.0848037305573	0.0814677796165
S12394	0.428620139942	0.380938495485	0.103988428043	0.0864529365292
S12406	0.412316234022	0.418617745452	0.122462879057	0.0466031414689
S1241	0.372660848835	0.496242398987	0.0656439793311	0.0654527728469
S12410	0.170644131605	0.578180541561	0.180119011729	0.0710563151046
S12417	0.461957702796	0.413190615141	0.077980493711	0.0468711883527
S12419	0.392162199141	0.446300898002	0.102160501781	0.0593764010758
S12428	0.345617915054	0.440145121638	0.137338728009	0.0768982352996
S12431	0.349332365574	0.417444051377	0.131620191973	0.101603391075
S12432	0.23236664563	0.476444661722	0.156584458018	0.134604234631
S12436	0.262332263448	0.541513191353	0.0879336140886	0.108220931111
S12437	0.309859754486	0.433071326749	0.178017036988	0.0790518817775
S12439	0.326001722449	0.440042123923	0.170442506712	0.0635136469153
S12440	0.321956341825	0.446795859474	0.0912417247267	0.140006073974
S12441	0.266740514517	0.445168891209	0.249585842865	0.0385047514085
S12447	0.374555260439	0.413382210791	0.105732923353	0.106329605417
S12450	0.31818332385	0.508291376539	0.122007286491	0.0515180131189
S12452	0.233702705599	0.569128179241	0.153391076406	0.0437780387543
S1246	0.304812336764	0.487308681324	0.143192749336	0.0646862325759
S12463	0.260324474216	0.496483937494	0.107319978725	0.135871609565
S12464	0.187311563179	0.62731520464	0.0931874735261	0.0921857586545
S12488	0.1237553568	0.618032636275	0.147787288906	0.110424718019
S12489	0.381910825415	0.466042845072	0.119054430022	0.0329918994913
S12496	0.176608999981	0.631290616077	0.102251942325	0.0898484416171
S12500	0.297723618909	0.45637649611	0.18426773041	0.0616321545703
S12501	0.242508400643	0.487911677482	0.135794022172	0.133785899702
S1251	0.293804899771	0.530463178084	0.105822554447	0.0699093676981
S12516	0.225673511908	0.544186715981	0.0886274737325	0.141512298378
S1252	0.307621744648	0.439567387662	0.163311106777	0.0894997609132
S12524	0.275844420366	0.443066411283	0.13857839744	0.142510770911
S12527	0.318044542486	0.465156227951	0.101244255852	0.115554973711
S12535	0.392921314303	0.447890420012	0.10124830288	0.057939962805
S12540	0.357940654845	0.470851870957	0.111219264442	0.0599882097556
S12548	0.248712680903	0.462051032012	0.180581587092	0.108654699993
S12556	0.335336705096	0.336034895805	0.153997194436	0.174631204662
S12563	0.391639950194	0.360537184761	0.165363338385	0.0824595266608
S12568	0.189307891469	0.577785237044	0.151445914847	0.08146095664
S12569	0.239520897638	0.580118636784	0.0970460227643	0.0833144428132
S12570	0.336632837043	0.432577506545	0.141635037873	0.0891546185386
S12577	0.346656509628	0.431135597465	0.137340646075	0.0848672468325
S12582	0.320942492651	0.347750612037	0.224799903232	0.10650699208
S12583	0.320853213827	0.400676465117	0.177817535924	0.100652785132
S12585	0.207493819506	0.541807978097	0.1449984697	0.105699732697
S12590	0.276414359329	0.469262716852	0.0809361645558	0.173386759263
S12596	0.317650710405	0.45678959422	0.171981040478	0.0535786548964
S12597	0.334591541091	0.46290040604	0.131877649195	0.0706304036747
S12604	0.294131424162	0.54336466917	0.0942646473586	0.0682392593086
S12605	0.328576436388	0.473019217912	0.12329605727	0.0751082884312
S12608	0.294823506893	0.415223888612	0.157427558758	0.132525045737
S12617	0.302255813176	0.455423583604	0.131490032448	0.110830570771
S12618	0.180004884842	0.642849236868	0.120417899888	0.0567279784025
S12624	0.328122609251	0.391943362538	0.173753527	0.106180501211
S12628	0.262164299478	0.512675714385	0.148316511036	0.0768434751016
S12637	0.220512676356	0.475232648241	0.197303828361	0.106950847043
S12655	0.241621037467	0.565490456935	0.112313755629	0.0805747499693
S12658	0.429942385305	0.411732843949	0.105561900374	0.0527628703713
S1266	0.241619916858	0.565663035544	0.110698725163	0.0820183224354
S12665	0.252165620931	0.58574379219	0.126701724625	0.0353888622537
S12666	0.21091085445	0.599154319557	0.12917876598	0.0607560600125
S12667	0.243533376256	0.512694301431	0.158488902948	0.0852834193657
S12675	0.230104357021	0.556284065523	0.0931049349144	0.120506642542
S12682	0.239318070453	0.516615419584	0.181779082484	0.0622874274785
S12691	0.316714420641	0.456202890683	0.111083821244	0.115998867432
S12704	0.355953647952	0.434002590711	0.159790321409	0.0502534399283
S12706	0.26138076737	0.499128297989	0.0878913660505	0.151599568591
S12707	0.173167640877	0.675986826572	0.122202398558	0.0286431339931
S12721	0.291249043066	0.554471959172	0.0778846682036	0.076394329558
S12722	0.338537221794	0.470526543053	0.140596101154	0.0503401339991
S12731	0.338972218353	0.408421558475	0.161825933194	0.0907802899782
S12734	0.144092026952	0.56965938265	0.185280080194	0.100968510204
S12735	0.286394674135	0.466570501382	0.183483335481	0.0635514890018
S12736	0.359448751117	0.427683643819	0.129316412579	0.0835511924852
S12742	0.45573849528	0.316562260031	0.134345556487	0.0933536882022
S12754	0.258162380843	0.521783165369	0.130308691734	0.0897457620545
S12760	0.30293428146	0.424382437158	0.109258536654	0.163424744728
S12773	0.219039148948	0.447342463776	0.216689685678	0.116928701597
S12775	0.252569773968	0.536108036946	0.155541495256	0.0557806938298
S12776	0.554469246975	0.228745020369	0.165704532169	0.0510812004875
S12779	0.254410758153	0.478925107482	0.157368821925	0.10929531244
S12781	0.310847893521	0.377229763239	0.187198418728	0.124723924512
S12785	0.315442088542	0.45050529722	0.142985821934	0.0910667923037
S12790	0.212263175516	0.511672956293	0.186515743317	0.0895481248749
S12794	0.317931565561	0.387148109353	0.122161709196	0.17275861589
S12796	0.37753171578	0.482760693361	0.0739056959721	0.0658018948869
S12798	0.117585577101	0.624133506877	0.127255048132	0.13102586789
S128	0.132108918849	0.592899247067	0.0964168604937	0.178574973591
S1280	0.3309786926	0.451264031639	0.143667378137	0.0740898976238
