	Neutrophils	Lymphocyte	Monocytes	Other
S10001	0.023456750438	0.221051636612	0.0222341739112	0.733257439038
S10006	0.0228653598611	0.22080402634	0.0215199126869	0.734810701112
S1001	0.0228585196181	0.224788920497	0.0221173990615	0.730235160824
S10010	0.0243983520093	0.222657756356	0.0227240182578	0.730219873377
S10011	0.0233435799047	0.223860222328	0.0223671475594	0.730429050207
S10014	0.023004533573	0.22142212403	0.0220424517594	0.733530890638
S10026	0.0234692207656	0.226697671484	0.0222495728937	0.727583534857
S10032	0.0234740744628	0.225662616032	0.0228984451188	0.727964864386
S10036	0.0228916906443	0.222395425772	0.0217521407831	0.7329607428
S10042	0.0234445380762	0.224830088654	0.0225602767938	0.729165096476
S10044	0.0236101474	0.227261298455	0.0220968972703	0.727031656875
S10049	0.0231878646913	0.228824995822	0.0221690677215	0.725818071765
S10057	0.0218493548106	0.219906804711	0.0209688022349	0.737275038244
S10062	0.0234961093173	0.226446915043	0.0226288042307	0.727428171409
S10066	0.0245177243082	0.220761182894	0.0228056705028	0.731915422295
S10067	0.0228579707344	0.230153896356	0.0220713570398	0.72491677587
S1007	0.0228688349761	0.221804557434	0.021896884933	0.733429722657
S10073	0.0233654057394	0.231270599559	0.021948416251	0.723415578451
S10077	0.0231644464975	0.222792640757	0.0225511949294	0.731491717816
S10080	0.0233184369779	0.224695012322	0.0225401887986	0.729446361902
S10082	0.0234641459493	0.230002530633	0.0223869404554	0.724146382962
S10087	0.0231041761566	0.230275996328	0.0227637179355	0.72385610958
S10089	0.0235136137496	0.220839036999	0.0220136884196	0.733633660832
S1009	0.0225242110005	0.232109671343	0.0219457257414	0.723420391915
S10090	0.023259830332	0.22192633812	0.0217275797764	0.733086251772
S10093	0.0225742788297	0.217011895787	0.0216573222583	0.738756503125
S10094	0.0236148181973	0.224505683709	0.0224355898321	0.729443908261
S1010	0.0230051589141	0.226410243349	0.0225755352878	0.728009062449
S10111	0.0231125743414	0.230109326282	0.0221378194968	0.72464027988
S10116	0.0218883811926	0.228406673697	0.0217022989494	0.728002646161
S10119	0.0227254545522	0.226951082372	0.0219725602312	0.728350902845
S10121	0.0233928451306	0.226015525721	0.0221660414477	0.728425587701
S10130	0.0234615754365	0.218159587495	0.0220549098921	0.736323927176
S10140	0.0242357933941	0.22509944134	0.0223989126691	0.728265852597
S10142	0.0223250670037	0.229219010803	0.0220476696854	0.726408252508
S10150	0.0242034455785	0.217672593092	0.0225293975687	0.735594563761
S10155	0.0231623520912	0.227572356295	0.0223199853242	0.72694530629
S1016	0.0229918289534	0.22293844653	0.0220812401301	0.731988484386
S10163	0.0235002348172	0.223576659928	0.0223172008794	0.730605904375
S10167	0.0227578220276	0.223300832527	0.0216141054599	0.732327239986
S10168	0.0228349535375	0.229218919196	0.0217145605253	0.726231566741
S10173	0.0226945533674	0.232226350718	0.0219929176636	0.723086178251
S10175	0.0233890761937	0.224727051659	0.0216614250297	0.730222447118
S10179	0.0225927578955	0.230825427472	0.0220330277871	0.724548786846
S10186	0.0214561487612	0.229832880923	0.0218361077186	0.726874862598
S1019	0.0226941209534	0.226641752769	0.0221155538386	0.728548572439
S10190	0.0228681891381	0.230900084678	0.0221931100845	0.7240386161
S10195	0.023611166923	0.220700904915	0.0220816291941	0.733606298968
S10196	0.0233729774631	0.223846318417	0.0224118975709	0.730368806549
S10200	0.0235695688109	0.222941405403	0.022381138741	0.731107887045
S10201	0.0244638139896	0.214901589029	0.0221351457939	0.738499451188
S10202	0.0233708481613	0.224794393339	0.0223917284293	0.72944303007
S10205	0.0236782315297	0.230091477097	0.0220124343961	0.724217856977
S10211	0.0222362892616	0.222176894698	0.0212325546175	0.734354261423
S10221	0.0233110469859	0.226074626529	0.022216747229	0.728397579256
S10222	0.0233811007687	0.220349594538	0.0217896559599	0.734479648734
S10226	0.02358446284	0.226657409038	0.0222381051108	0.727520023011
S10227	0.0235841111901	0.22073313749	0.0223335871174	0.733349164202
S10228	0.0233829115755	0.22543222375	0.0220313886998	0.729153475974
S10232	0.0214957121384	0.227810896489	0.0210874372835	0.72960595409
S10248	0.0231042433553	0.228221600833	0.0217997684954	0.726874387316
S10249	0.0240806429912	0.219463766141	0.0236403088183	0.732815282049
S1025	0.0228089533218	0.229285112149	0.0223350153385	0.725570919191
S10266	0.0237218271112	0.22084479125	0.0221681049431	0.733265276696
S10269	0.0233827736263	0.225097743043	0.0221911196232	0.729328363707
S10272	0.0234325782713	0.220338611431	0.0215730740583	0.734655736239
S10273	0.0235595172103	0.225758253896	0.0223542327208	0.728327996173
S10274	0.023305636746	0.222139935758	0.0222077609927	0.732346666503
S1028	0.0235991160493	0.227979832023	0.0223060572939	0.726114994634
S10280	0.0233758509273	0.23188220033	0.0226722000888	0.722069748654
S10283	0.022707881486	0.232666668395	0.0225464988266	0.722078951292
S1029	0.0230692542983	0.225998021086	0.0221508061825	0.728781918434
S10292	0.0224993468953	0.225913294777	0.021379330761	0.730208027567
S10294	0.0226260806866	0.22914517293	0.0219565792786	0.726272167105
S10302	0.0228629026182	0.224588650526	0.0217957324621	0.730752714394
S10303	0.0231494716927	0.22593639868	0.0221871781984	0.728726951428
S10323	0.0232409609128	0.223379634472	0.0222479925339	0.731131412081
S10326	0.023463740168	0.224574308939	0.0223440110629	0.72961793983
S10328	0.0233278448288	0.228957846629	0.0219213629491	0.725792945593
S10329	0.0231114929892	0.229244991285	0.0221315241012	0.725511991624
S10336	0.0232224967238	0.223963059712	0.0221985759866	0.730615867577
S10340	0.0235147489282	0.228537996611	0.0220351056859	0.725912148775
S10347	0.0227049627245	0.219505877227	0.0220332946913	0.735755865357
S10353	0.0232114131028	0.224890139723	0.0222206470847	0.72967780009
S10356	0.0227759106768	0.224330575001	0.0220117217766	0.730881792546
S10358	0.0237308441784	0.224243019465	0.0224169746904	0.729609161666
S10365	0.0237120768083	0.22325312019	0.0224773941527	0.730557408849
S1037	0.0221214644255	0.231251441843	0.0214131011069	0.725213992624
S10373	0.0228344246896	0.226844787663	0.022133712551	0.728187075097
S10374	0.0221502850005	0.219751138054	0.0214317910657	0.73666678588
S10375	0.0233843072773	0.224614230882	0.0225911747634	0.729410287078
S10377	0.0219335628307	0.219814116378	0.0213561786269	0.736896142165
S10378	0.0234756817937	0.230796928749	0.0223215198742	0.723405869583
S10390	0.0224417452848	0.218287698726	0.0213173633867	0.737953192602
S10391	0.022189389344	0.218671740581	0.0217928531351	0.73734601694
S10393	0.0227263313442	0.226984901801	0.0221570314527	0.728131735402
S10400	0.0232856340708	0.2214431158	0.0226859406731	0.732585309456
S10401	0.0229485802346	0.224048031092	0.0222067138318	0.730796674842
S10406	0.0236926348211	0.217493091884	0.0224010025312	0.736413270764
S10408	0.0236540914589	0.224070857537	0.0225100067179	0.729765044286
S10409	0.0225998902574	0.22853815041	0.0220169257663	0.726845033566
S10418	0.0234030468631	0.213093072899	0.0215821842054	0.741921696032
S10431	0.0230893340077	0.222449544723	0.0221994659694	0.7322616553
S10438	0.0228328371109	0.223644137234	0.0221046283749	0.73141839728
S10439	0.0235237208902	0.22514909892	0.0230044953259	0.728322684864
S10441	0.0238447263092	0.221904798604	0.0229774723658	0.731273002721
S10442	0.0232694581733	0.22427797186	0.0224413567735	0.730011213194
S1046	0.0242142796493	0.222519446653	0.022694430814	0.730571842884
S10478	0.0245096501613	0.217014914419	0.0232141068798	0.73526132854
S10480	0.0218975473866	0.227438577954	0.0211964406904	0.729467433969
S10484	0.0234633549225	0.222678092532	0.0226196297496	0.731238922795
S10492	0.0226577870334	0.229950472651	0.0222729538839	0.725118786432
S10496	0.0230386160843	0.232457003808	0.021858997352	0.722645382756
S10510	0.0224914060735	0.222693987923	0.0222842678292	0.732530338174
S10513	0.0234576155016	0.221538825383	0.02323401944	0.731769539676
S10516	0.0230981794642	0.222739237461	0.0223191776513	0.731843405424
S10534	0.0231006161856	0.226115754699	0.0224659569192	0.728317672197
S10535	0.0224417553742	0.228497866384	0.0217589384422	0.7273014398
S10537	0.0236239035135	0.22739560116	0.0229130882857	0.726067407041
S1054	0.022400603751	0.224484865083	0.0219491598114	0.731165371355
S10543	0.0232204376352	0.226554502288	0.0214702972487	0.728754762828
S10546	0.0227607453104	0.22153513707	0.0217325852638	0.733971532356
S1055	0.0238654544563	0.218897966982	0.0223518670377	0.734884711524
S10551	0.0229784184455	0.222962437607	0.0222841755544	0.731774968393
S10552	0.0234827282956	0.215775190409	0.0222024065761	0.738539674719
S10555	0.0230644309477	0.232176786566	0.021918234894	0.722840547592
S10559	0.0234755063602	0.222699697901	0.022732620306	0.731092175433
S1056	0.0231415123115	0.229487329479	0.0222660659992	0.72510509221
S10563	0.0238556258625	0.226246873086	0.0223142640048	0.727583237047
S10574	0.0229790902665	0.229712743157	0.0222742409548	0.725033925622
S10576	0.02378574398	0.219869976733	0.0220753146171	0.73426896467
S10578	0.0232460141815	0.21925510671	0.0222947430648	0.735204136044
S10579	0.023772640446	0.223999069349	0.0218229089517	0.730405381254
S10582	0.0239006905543	0.226134623662	0.0223232095407	0.727641476243
S1059	0.0235330463022	0.227405900159	0.0220318061883	0.72702924735
S10599	0.0238420746763	0.224410838424	0.022794288336	0.728952798564
S10611	0.0235438524928	0.222373514595	0.0222653449021	0.73181728801
S10614	0.0243324535853	0.223282951139	0.0230944008375	0.729290194438
S10624	0.0228765984665	0.225123132623	0.0220783470196	0.729921921891
S10632	0.023146175263	0.220392458427	0.0214709098127	0.734990456497
S10634	0.023208924118	0.227359916119	0.0218385326078	0.727592627156
S10638	0.0235377327408	0.225403683438	0.0226590310846	0.728399552737
S10644	0.022899956141	0.229858407572	0.0225593618183	0.724682274468
S10649	0.024374239747	0.222125460967	0.021952643624	0.731547655662
S10652	0.0236740352553	0.220609986192	0.0220316972812	0.733684281272
S10654	0.0231167520561	0.228494396261	0.0221882242646	0.726200627419
S10655	0.0233105719169	0.226069352947	0.0219560684195	0.728664006716
S10656	0.0235044444194	0.232325616325	0.0221174044828	0.722052534772
S10657	0.0226019950777	0.220361443926	0.0215178801118	0.735518680884
S10658	0.0237162701622	0.230329113154	0.0220716480198	0.723882968664
S10660	0.0214172871232	0.226833949653	0.0215628923774	0.730185870846
S10661	0.0228943979997	0.229694038766	0.0215967478691	0.725814815365
S10676	0.0236381811748	0.223208327227	0.0229861552492	0.730167336349
S1068	0.0231425061185	0.230950457417	0.0223916472929	0.723515389172
S10681	0.0225833020612	0.220431456799	0.0219144700463	0.735070771093
S10686	0.0226983015462	0.218935067157	0.0220030019407	0.736363629356
S10688	0.0233582362132	0.2309141037	0.0223941946839	0.723333465403
S10690	0.0227729305169	0.221502804549	0.0219765750679	0.733747689866
S10698	0.0228635706947	0.230148345559	0.0223381721382	0.724649911608
S107	0.0230493673396	0.22852534396	0.0217458186622	0.726679470038
S10703	0.0226348044494	0.229992699768	0.0221018359344	0.725270659848
S10726	0.0230062251402	0.225663884377	0.022129490736	0.729200399747
S10729	0.0229823958919	0.219192732243	0.0224173246893	0.735407547176
S10733	0.0234620158986	0.226816984463	0.022626508644	0.727094490994
S10734	0.0224466019836	0.224892269425	0.0223051349095	0.730355993682
S10735	0.0229212944584	0.226047681938	0.0219756725945	0.729055351009
S10740	0.0240576626383	0.222641081419	0.02346112953	0.729840126413
S10745	0.0241533750289	0.222265201122	0.0228605700327	0.730720853816
S10748	0.0227961729649	0.224205320946	0.0217445522247	0.731253953864
S10753	0.0239498716185	0.22738558981	0.0232488235977	0.725415714974
S10756	0.0233051195556	0.227541298849	0.0220106420936	0.727142939502
S10757	0.0223844166895	0.234954376557	0.0217098910379	0.720951315716
S1076	0.0234843621503	0.226816681947	0.0227707670081	0.726928188895
S10764	0.0229121324402	0.219199022768	0.0220518128365	0.735837031956
S10767	0.0219940352833	0.228004107213	0.0213638980479	0.728637959456
S10776	0.0242772591417	0.226727538899	0.0228929423975	0.726102259562
S10778	0.0241839451121	0.226048062287	0.0223040523834	0.727463940217
S10784	0.0244667584211	0.221368756224	0.0232880157742	0.73087646958
S10787	0.0228152349122	0.2250960831	0.0216943812182	0.730394300769
S10800	0.0233373186612	0.231266026095	0.0217749674787	0.723621687765
S10805	0.0233727241721	0.220729443406	0.0223308154256	0.733567016996
S10813	0.0234483727627	0.224982590557	0.02257230758	0.7289967291
S10814	0.0227977882872	0.219247020468	0.0210808581954	0.736874333049
S10815	0.0236780970877	0.225845182476	0.021842854817	0.728633865619
S10817	0.0223616649411	0.223308397292	0.0210927081547	0.733237229612
S1083	0.0232142323396	0.228649434897	0.0221491923536	0.725987140409
S10835	0.0228829616562	0.221276463896	0.0232006751341	0.732639899313
S10838	0.0234958644012	0.22561865058	0.0221783869799	0.728707098039
S10844	0.022971343377	0.226002160142	0.0217148695746	0.729311626907
S10845	0.0234943426928	0.222178237511	0.0224892300217	0.731838189774
S10846	0.0221478342997	0.23270995486	0.0219281048635	0.723214105977
S10853	0.0236519160013	0.216973392686	0.0224414578904	0.736933233422
S10854	0.0226863142972	0.231655710477	0.0223109109876	0.723347064238
S10865	0.0234010749275	0.224849831675	0.0225350618468	0.72921403155
S10866	0.0234216813483	0.224945421005	0.0224673076071	0.72916559004
S10869	0.0245189886443	0.220241335308	0.0233562854367	0.731883390611
S10873	0.0234103700268	0.222993677532	0.0221694660256	0.731426486415
S10876	0.0230571291935	0.231633243254	0.0228872659318	0.722422361621
S10883	0.0233394269856	0.222143475598	0.0224124099245	0.732104687492
S10885	0.0232996653241	0.220898104068	0.0224014421028	0.733400788505
S10893	0.0237652464623	0.221945844038	0.0224624321043	0.731826477395
S10895	0.0236927487526	0.221839480736	0.0226195541008	0.73184821641
S10902	0.0226937604398	0.225350799872	0.0216151128134	0.730340326874
S10903	0.0230787757874	0.220781868204	0.0222260044409	0.733913351568
S1092	0.0244055118504	0.223576511173	0.0228292088831	0.729188768094
S10925	0.0229570909958	0.223533732542	0.0224308678239	0.731078308638
S10927	0.0240528378033	0.224950533309	0.0227049554961	0.728291673392
S10936	0.0229205766722	0.229572610346	0.0220459645533	0.725460848428
S10945	0.0241614844423	0.226957002821	0.023143926545	0.725737586192
S10947	0.022673574323	0.21905809666	0.0215145041004	0.736753824917
S10949	0.0229903417788	0.22683615087	0.0219086551553	0.728264852196
S1095	0.0228923732121	0.216979080472	0.0220829172055	0.73804562911
S10961	0.0235275348583	0.22082070744	0.0223851493543	0.733266608348
S10969	0.0231827771352	0.228762987642	0.0220654163511	0.725988818872
S10972	0.0230465977427	0.224820020112	0.0221104822763	0.730022899869
S10973	0.0243498599768	0.223895333253	0.0227343492168	0.729020457554
S10978	0.0240265949036	0.226088666875	0.0224615371446	0.727423201077
S10979	0.0231895611371	0.22720649917	0.0221885543131	0.72741538538
S10986	0.0234650018931	0.219727945335	0.0223832638494	0.734423788922
S10989	0.0233805307569	0.227099737166	0.0221611419425	0.727358590135
S10995	0.0236910117569	0.22659085618	0.0225001329561	0.727217999107
S11005	0.0225442796233	0.223979935599	0.0220610356952	0.731414749083
S11008	0.0234436819252	0.223854974519	0.0218548266365	0.730846516919
S11010	0.0220192010924	0.2218448284	0.0214987405365	0.734637229971
S11013	0.0234650724723	0.227534721982	0.0221962875967	0.726803917949
S11016	0.0229271960045	0.228733782406	0.0226873599887	0.725651661601
S11017	0.0234171761331	0.22276752346	0.0232411745276	0.730574125879
S11020	0.0235244761949	0.225110831764	0.022891888543	0.728472803498
S11027	0.0238530391145	0.222656341886	0.0229858091591	0.73050480984
S11035	0.0235258051023	0.223122316834	0.0220471528284	0.731304725236
S11041	0.0234152390883	0.225919290804	0.022156192344	0.728509277764
S1106	0.0233871399286	0.228191854593	0.0219873396223	0.726433665856
S11071	0.021777650504	0.233824725845	0.0219954443169	0.722402179334
S11076	0.0230329589348	0.223385915661	0.0215517001201	0.732029425284
S11078	0.0237509860848	0.226039593516	0.0224582173946	0.727751203004
S11081	0.0231023476952	0.22455842999	0.0223316539739	0.730007568341
S11086	0.0234376765218	0.222946712423	0.0219468772459	0.731668733809
S1109	0.0238532858229	0.225411179888	0.0233822771037	0.727353257185
S11096	0.0243018961333	0.222236727257	0.0228727118061	0.730588664803
S11100	0.0232010256832	0.226062890951	0.0217089955677	0.729027087798
S11107	0.0239514359161	0.224273002874	0.0221062209432	0.729669340267
S11109	0.0236960433817	0.219882141705	0.022031919072	0.734389895841
S1111	0.0222159132652	0.228391707943	0.0218841619449	0.727508216847
S11119	0.0232671176048	0.222851120143	0.0218526259491	0.732029136303
S11127	0.0226008466004	0.226954895805	0.0219715777681	0.728472679827
S11136	0.0226809581743	0.221378642393	0.0212697814855	0.734670617947
S11147	0.0237837647932	0.223436668165	0.0222215388616	0.730558028181
S11150	0.0242589787876	0.222726980949	0.0220668816728	0.730947158591
S11152	0.023306717117	0.221181816096	0.0223323336051	0.733179133182
S1116	0.0229210100201	0.231186868354	0.0220461718366	0.723845949789
S11163	0.0231962317946	0.228882941733	0.0214230071055	0.726497819367
S11164	0.0240312198433	0.219426655056	0.0224892160015	0.7340529091
S11166	0.0218554972923	0.215692744655	0.0212656153478	0.741186142705
S11173	0.0236959083925	0.228897312511	0.0220530201076	0.725353758989
S11174	0.0225773593929	0.22578798129	0.0220954158977	0.72953924342
S11182	0.0235685815497	0.231449806363	0.0219545176848	0.723027094403
S11188	0.0238174745917	0.224246345908	0.0225886429242	0.729347536576
S11189	0.0237972782778	0.229506102046	0.0224990765014	0.724197543175
S1119	0.0220909044545	0.230768823784	0.0218891666811	0.72525110508
S11195	0.0234303476255	0.232822867597	0.0226533137055	0.721093471072
S11197	0.0226439440819	0.224836970794	0.0215654863142	0.73095359881
S11198	0.0247070612769	0.219586372427	0.0228846481301	0.732821918166
S11211	0.0229685361053	0.224181973639	0.0223977444524	0.730451745803
S11214	0.0223989464175	0.223989476945	0.0219920414833	0.731619535154
S11216	0.0237912950203	0.226018282893	0.0227398621928	0.727450559894
S11224	0.0234851029956	0.225014130232	0.0221204547475	0.729380312025
S11236	0.0235223528677	0.226426605497	0.022609470494	0.727441571141
S11241	0.0229487273886	0.221515778442	0.0219292197909	0.733606274379
S11243	0.023197674047	0.223801747356	0.0218704222961	0.731130156301
S11245	0.023032223225	0.221512787557	0.0217097590592	0.733745230159
S11249	0.0229393538327	0.224167717266	0.0220149934066	0.730877935494
S11274	0.0221347490377	0.215797191516	0.0212960434874	0.740772015959
S11280	0.0227687473188	0.227849535147	0.0219462424673	0.727435475067
S11281	0.0227409925796	0.22335200879	0.0221827378757	0.731724260755
S11285	0.0225360627625	0.220425328292	0.0218261677735	0.735212441172
S11298	0.0225359198269	0.223554272119	0.0218850078907	0.732024800163
S11311	0.0230801184095	0.224515909067	0.0222474410071	0.730156531517
S11312	0.0237413310618	0.224681381643	0.0221469365624	0.729430350733
S11316	0.023159719143	0.22655407257	0.0225343360657	0.727751872221
S1133	0.0229886556538	0.222303502989	0.0217732596923	0.732934581665
S11330	0.0236671710296	0.225485004134	0.0218252646607	0.729022560176
S11332	0.0227246440496	0.233056097272	0.0216449492668	0.722574309411
S11334	0.022859628916	0.226933711955	0.0225353136444	0.727671345485
S11335	0.0239715845476	0.224837698958	0.0220870134207	0.729103703074
S11345	0.0225578699585	0.219944243721	0.0211690188302	0.73632886749
S11349	0.0232268544429	0.226487187747	0.0225187932452	0.727767164565
S1135	0.023414582242	0.221857207839	0.0229288642644	0.731799345654
S11352	0.0237008597357	0.217440693114	0.0222007392758	0.736657707875
S11353	0.0240428686141	0.224185536041	0.0227792318612	0.728992363484
S11368	0.0232790320546	0.220350235603	0.0225177160068	0.733853016336
S11369	0.0227631257504	0.223482667455	0.0224142024826	0.731340004312
S11371	0.0223081374397	0.224601181006	0.0217558442754	0.731334837279
S11377	0.0234454414809	0.219138124846	0.0229356076303	0.734480826043
S11378	0.021694739539	0.223882891076	0.0220006844648	0.73242168492
S11383	0.0229651578252	0.23089970487	0.0223995660879	0.723735571217
S11384	0.0220521509701	0.225462854497	0.0211317289874	0.731353265545
S11392	0.0229779675603	0.224977674023	0.0221409187427	0.729903439674
S1140	0.0229088904622	0.219627287403	0.0219338910722	0.735529931062
S11410	0.0235028578762	0.224194032042	0.022684138653	0.729618971429
S11411	0.0227917035441	0.231687177705	0.0223373605671	0.723183758184
S11414	0.0230141406128	0.222552947374	0.0214433847323	0.732989527281
S11419	0.0236547827306	0.225673064907	0.0226336945854	0.728038457778
S11424	0.0225756141487	0.223420725223	0.0222298501488	0.731773810479
S11425	0.0232996175134	0.228961412493	0.0219441102864	0.725794859708
S11433	0.023031441153	0.226885046801	0.0224618698606	0.727621642185
S11434	0.0232487013562	0.229199468322	0.0222810746006	0.725270755721
S11436	0.0232729728548	0.224815090329	0.0229354966826	0.728976440133
S11437	0.0227255810093	0.228873373458	0.0216796626499	0.726721382883
S11440	0.0245666614166	0.217785224507	0.0221217046708	0.735526409405
S11449	0.0235238570081	0.231576582351	0.0218645566409	0.723035004
S11459	0.0222145755349	0.225952771548	0.0218667078456	0.729965945072
S11477	0.0237255364856	0.223906502382	0.0225406604631	0.72982730067
S11480	0.023522536007	0.223121511426	0.0220516953753	0.731304257191
S11486	0.0231848264641	0.226889362061	0.0221639101105	0.727761901365
S11501	0.0224490341775	0.218339446203	0.0220113078363	0.737200211783
S11504	0.0219608281678	0.2240071531	0.0215892883635	0.732442730368
S11507	0.0224867314487	0.225978817338	0.0213366648486	0.730197786364
S11518	0.0220599277959	0.230823724775	0.0228274561147	0.724288891314
S11525	0.0222492649885	0.226051683808	0.0219081911885	0.729790860015
S11531	0.0232911331894	0.224727087465	0.0222893273385	0.729692452007
S11532	0.022536516834	0.22773657271	0.0213978850472	0.728329025408
S1154	0.0226740723013	0.225379745214	0.0223586032807	0.729587579204
S11542	0.0231606138808	0.21959338264	0.0215566081217	0.735689395357
S11543	0.0236151177709	0.224291157404	0.0227592508184	0.729334474006
S11546	0.0239204181856	0.225866372885	0.0223619051375	0.727851303792
S1155	0.0236575474309	0.219451441362	0.0226044551168	0.73428655609
S1156	0.0211349767307	0.227801693787	0.0213816273699	0.729681702113
S11568	0.0236836602433	0.221781060899	0.0223931103827	0.732142168475
S11576	0.0228103132634	0.231561911628	0.0223532454479	0.72327452966
S11584	0.0241787538843	0.219779543587	0.0222853843205	0.733756318208
S11586	0.023757041703	0.228271320752	0.0227047012392	0.725266936306
S11590	0.0237323056035	0.227287299989	0.0227525564552	0.726227837953
S11592	0.0223239008313	0.2219790841	0.0214516625552	0.734245352513
S11593	0.0236938186744	0.227522887932	0.0221692137964	0.726614079597
S11599	0.0227710190708	0.216732423619	0.0215838651529	0.738912692157
S1160	0.0224539668394	0.224603150356	0.0214908977463	0.731451985059
S11610	0.0234544468601	0.219010766022	0.0218611364331	0.735673650685
S11615	0.0235396864658	0.226494850033	0.0223731653037	0.727592298198
S11629	0.0234377041361	0.228262188337	0.0229297417025	0.725370365824
S11631	0.0223582197957	0.23101921047	0.0232060064086	0.723416563326
S1164	0.0235960212874	0.223411310801	0.0224156852314	0.73057698268
S11642	0.0227806378398	0.21573011234	0.0218813612292	0.739607888591
S11656	0.0222773469175	0.221073568267	0.021655008509	0.734994076307
S11663	0.0232305792834	0.225441863335	0.0219280175233	0.729399539858
S11667	0.0235197647717	0.228806173915	0.0224451363349	0.725228924979
S11668	0.0234084964924	0.22718705247	0.021810960276	0.727593490761
S1167	0.022978483482	0.224424661465	0.0217249414842	0.730871913569
S11673	0.0223182026034	0.219541062122	0.0214427472655	0.736697988009
S11682	0.0241161186606	0.226847648249	0.0223428322687	0.726693400822
S11693	0.0227447130666	0.224955247876	0.0216732601214	0.730626778936
S11696	0.0233230988946	0.225033283908	0.0224555408928	0.729188076305
S11699	0.0237019790729	0.229314566572	0.0225904056358	0.724393048719
S117	0.0218232490535	0.21645187828	0.0212495406601	0.740475332007
S1170	0.0232286762922	0.227816150057	0.0220825376771	0.726872635974
S11709	0.0237844898295	0.224445964868	0.0223573334772	0.729412211825
S11713	0.0209113925567	0.230945507135	0.0216393200332	0.726503780275
S11717	0.0225459637902	0.223633992754	0.0219425515254	0.731877491931
S1173	0.0231802215845	0.219177346424	0.0218826682202	0.735759763771
S11731	0.0243906039375	0.219739337987	0.0229366473222	0.732933410753
S11732	0.0234104377718	0.223724230126	0.0219665660151	0.730898766087
S11733	0.0225989652254	0.225994075883	0.02244837218	0.728958586712
S11734	0.0232319513539	0.220457421426	0.0221485393721	0.734162087848
S11735	0.0238617151166	0.226618554392	0.0221818243706	0.72733790612
S11737	0.0222783301996	0.218926847037	0.0214858599896	0.737308962774
S11745	0.0235377473832	0.219420683896	0.0223440624619	0.734697506259
S11760	0.0229281381833	0.217751090097	0.0216702066455	0.737650565074
S11761	0.021426255655	0.231448560132	0.0206948815394	0.726430302673
S11769	0.0239664134429	0.217008009087	0.0225613381571	0.736464239313
S11783	0.0229624908394	0.230642271248	0.022119078035	0.724276159877
S11784	0.0236585804342	0.227075917522	0.022130849578	0.727134652466
S11786	0.0237635506185	0.225691844076	0.0223406828361	0.72820392247
S11797	0.023128571362	0.223325229743	0.0224057327511	0.731140466144
S11799	0.0228248831967	0.222219426276	0.0220637562807	0.732891934247
S118	0.023773924475	0.225466707732	0.02251287949	0.728246488303
S11800	0.0229954269317	0.228756128615	0.0225912776779	0.725657166776
S11802	0.0230002736679	0.221238238724	0.022298412638	0.73346307497
S11806	0.0236311917631	0.217396996933	0.0222166461307	0.736755165173
S11807	0.0218031353681	0.228518727087	0.0213777435289	0.728300394016
S11810	0.0228478569361	0.226451960861	0.0217991136564	0.728901068547
S11811	0.0238723585288	0.224030268821	0.0228025899068	0.729294782744
S11812	0.0230001484026	0.220848288891	0.0216822738298	0.734469288877
S11820	0.0235448596292	0.225769925191	0.0220803422711	0.728604872909
S11822	0.0241354356377	0.222256068851	0.0221795569123	0.731428938599
S11823	0.0228096257001	0.222034123458	0.0216233926453	0.733532858196
S11826	0.0233396369151	0.223228294216	0.0215626399242	0.731869428945
S1183	0.0217738405511	0.220346564395	0.0213707079157	0.736508887138
S1184	0.0231603662304	0.227603881234	0.0225003816406	0.726735370895
S11842	0.0223771635257	0.22785178062	0.0222056090017	0.727565446853
S11843	0.0239179907529	0.225480119087	0.022342949183	0.728258940977
S11844	0.0230256413827	0.226454756785	0.0221217725693	0.728397829263
S11850	0.0224918520593	0.220811322805	0.0217860482314	0.734910776904
S11853	0.0232779695519	0.224544801639	0.0218628253896	0.730314403419
S11857	0.0235766521403	0.220348268016	0.0219128597717	0.734162220072
S11858	0.0232068413792	0.218561256599	0.022214510862	0.73601739116
S11860	0.0234414535964	0.225866108478	0.0223008182594	0.728391619666
S11864	0.0227960652842	0.222899411468	0.0227606969052	0.731543826343
S11870	0.0231945748282	0.225847808891	0.0223368437917	0.728620772489
S11875	0.0234002197175	0.225747642821	0.0215912076181	0.729260929843
S11877	0.0221116335581	0.215396415078	0.021891629836	0.740600321528
S11878	0.0228169852562	0.228964602672	0.0222999103899	0.725918501682
S11882	0.022220321675	0.221618884885	0.021865000447	0.734295792993
S11883	0.0230370763143	0.215329383154	0.0221402453357	0.739493295196
S11884	0.0242385982257	0.225794640779	0.0233180150351	0.72664874596
S11886	0.0234760036888	0.22137748114	0.0221066986459	0.733039816526
S11897	0.0237950692833	0.227100575679	0.0223177708609	0.726786584177
S1190	0.0233995339266	0.229200336174	0.0224863161431	0.724913813757
S11903	0.0240293377668	0.220810612739	0.022024427569	0.733135621925
S11905	0.0234964903328	0.214046716291	0.0226052958093	0.739851497566
S11907	0.0229244484663	0.221935439793	0.021913881954	0.733226229786
S11914	0.0231053121143	0.21608062773	0.0219268061864	0.73888725397
S11917	0.0231353416701	0.224710261327	0.0217866685694	0.730367728434
S11928	0.0227130565353	0.220246458211	0.0222390444335	0.73480144082
S11929	0.023316328229	0.227250916626	0.0219908871412	0.727441868004
S1193	0.022662786178	0.226851450969	0.0227298856955	0.727755877157
S11930	0.0224349566992	0.224192774269	0.0220528115187	0.731319457513
S11934	0.0229321618868	0.227949349307	0.0213704365928	0.727748052213
S11939	0.0243283685272	0.223257870902	0.0224966947745	0.729917065796
S11944	0.023307257704	0.22911129599	0.0217903255325	0.725791120773
S11945	0.0223661084208	0.221282344071	0.021814680438	0.73453686707
S11957	0.0236281626175	0.2285993642	0.0221485940085	0.725623879174
S11958	0.0236495689354	0.22098846242	0.0221156081675	0.733246360477
S1196	0.0237904409904	0.217839815062	0.0224728163264	0.735896927621
S11960	0.0229297881731	0.223938120048	0.0215231135539	0.731608978225
S11965	0.0223361672285	0.22519634137	0.0214430042719	0.73102448713
S11967	0.0238953820582	0.222426854561	0.0221371140108	0.73154064937
S1197	0.0229408138394	0.216386385985	0.0221726603794	0.738500139796
S11973	0.022780454605	0.234140349353	0.0220750443317	0.72100415171
S11974	0.0234571343013	0.2231055251	0.0231329784757	0.730304362123
S11980	0.0238809663683	0.22402812199	0.0224275574603	0.729663354182
S11985	0.0235033588518	0.224785142976	0.0225888139747	0.729122684198
S11987	0.0238523027623	0.219793997309	0.0220386111616	0.734315088767
S11993	0.0237455687385	0.226300714505	0.0221588552402	0.727794861517
S12001	0.0233401099148	0.219702563403	0.0221248064611	0.734832520221
S12004	0.0229083692885	0.221276652295	0.0219592149119	0.733855763505
S12006	0.0231036789158	0.229699297435	0.021104785694	0.726092237955
S12010	0.022170840958	0.22178617995	0.0217448991561	0.734298079936
S12011	0.0234830307635	0.225007962029	0.0226811422218	0.728827864986
S12012	0.0230938421861	0.215174486415	0.0220374999269	0.739694171472
S12022	0.0228487015372	0.221875192955	0.0221204164138	0.733155689094
S12043	0.0239830451619	0.230167184692	0.0229134878782	0.722936282268
S12052	0.0227562946024	0.226524050794	0.0219362221879	0.728783432416
S12056	0.0235779470856	0.225390274152	0.0219765944718	0.72905518429
S12057	0.0236233482254	0.221384916725	0.0225853869984	0.732406348051
S12058	0.0236044918865	0.214370216994	0.0217189173027	0.740306373817
S12061	0.0230701646915	0.225519761915	0.0219886462626	0.729421427131
S12064	0.022631426839	0.23184080274	0.0225261239257	0.723001646495
S12073	0.0239106762331	0.219792038045	0.0223130270428	0.733984258679
S12076	0.0228027119402	0.220337765115	0.0219779017562	0.734881621189
S12079	0.0231971530324	0.220986500866	0.0211369181394	0.734679427962
S12089	0.0231466044501	0.219253011683	0.0224111568629	0.735189227004
S12098	0.0231740431791	0.225152134388	0.0221931528638	0.729480669569
S1210	0.0234420236693	0.226867613437	0.0222092991434	0.72748106375
S12101	0.0227644923691	0.217550637201	0.021279315546	0.738405554884
S12105	0.02312682857	0.231184315315	0.0223307808546	0.72335807526
S12106	0.0227892668768	0.216698420443	0.0215520656482	0.738960247032
S1212	0.023433277067	0.229075160477	0.0222720415923	0.725219520863
S12120	0.0239506517448	0.225531880274	0.0222035639916	0.728313903989
S12129	0.0233155115761	0.225690286946	0.0222593667277	0.72873483475
S12137	0.024047487454	0.224058547261	0.0226151637911	0.729278801494
S12140	0.0224171370388	0.224117130833	0.0224477168959	0.731018015232
S12159	0.0230202052865	0.232205863639	0.0220636358423	0.722710295232
S12170	0.023878252921	0.222305874686	0.0224927744649	0.731323097928
S12178	0.0228232222539	0.228904218842	0.0219953426271	0.726277216277
S12179	0.0236405225573	0.233319142789	0.021956946091	0.721083388562
S1218	0.0231931139136	0.226279678955	0.0218258477547	0.728701359377
S12182	0.0228292257605	0.221397888401	0.0216931714436	0.734079714395
S12196	0.0231280084492	0.223477341675	0.0222822273589	0.731112422517
S12198	0.0234040828699	0.224675730726	0.0222884100984	0.729631776305
S1220	0.0229552303697	0.226065273341	0.02253954881	0.72843994748
S12200	0.0234732713712	0.224310126552	0.0217337715451	0.730482830532
S12202	0.023177524578	0.219902355021	0.0220608930721	0.734859227328
S12206	0.0233960673118	0.223348922094	0.0225541104131	0.730700900181
S12208	0.022740253758	0.229421042959	0.0227219424062	0.725116760877
S12215	0.0228177673605	0.225637542442	0.0221397243627	0.729404965835
S12221	0.0232831423309	0.234741185352	0.0221548462691	0.719820826048
S12228	0.023454931943	0.222624663825	0.0224244776555	0.731495926577
S12231	0.023649079272	0.221595310033	0.0220135908379	0.732742019857
S12240	0.0217478237365	0.225918405728	0.0213922325673	0.730941537968
S12241	0.0228534665658	0.224023543534	0.0227314893004	0.7303915006
S12244	0.0229203389428	0.220779782945	0.0221409183058	0.734158959806
S12245	0.0233062298603	0.222496657151	0.0221738490871	0.732023263902
S12249	0.0231149090039	0.227208887928	0.022327620505	0.727348582563
S12251	0.0231708073509	0.219477742836	0.0224264404644	0.734925009349
S12261	0.0224885270386	0.219826060232	0.0217310562084	0.735954356521
S12264	0.0229240047542	0.227777252257	0.0223509747052	0.726947768284
S12265	0.0230353092603	0.220358282099	0.0223631767258	0.734243231915
S12271	0.0239601973596	0.224010935806	0.0229010325637	0.72912783427
S12276	0.0226708444414	0.231247329516	0.0215975274861	0.724484298557
S12278	0.0231118462469	0.222968691088	0.0226993793797	0.731220083286
S12279	0.0235840879094	0.227578719989	0.02291639823	0.725920793871
S12282	0.0233667952744	0.220276424191	0.0225456799145	0.73381110062
S12285	0.023169486231	0.225647596228	0.0221891738357	0.728993743706
S12291	0.0234243981665	0.224554172332	0.0218519271858	0.730169502316
S12294	0.0235464617768	0.22115772286	0.0224318034286	0.732864011935
S12308	0.0234141215346	0.224174784303	0.0223640277102	0.730047066452
S12335	0.0227156454509	0.220453328909	0.0226434312493	0.734187594391
S12344	0.0227296218142	0.229696240839	0.0223667545487	0.725207382798
S12347	0.0232839248228	0.220946216757	0.0225769817928	0.733192876627
S12348	0.0229035046202	0.226809279938	0.0216723710485	0.728614844393
S12354	0.0223274477846	0.231877786752	0.0213490556859	0.724445709778
S1236	0.0237573618793	0.226172397995	0.0219167227733	0.728153517353
S12365	0.0225998987201	0.223690435788	0.0219522242002	0.731757441292
S12366	0.0242723913442	0.223688046556	0.0228067515795	0.72923281052
S12374	0.023986771473	0.227115586009	0.0224404284305	0.726457214087
S12385	0.0237431592878	0.225222962308	0.0226944301159	0.728339448288
S1239	0.0235362995716	0.224073933737	0.0227113237461	0.729678442945
S12391	0.0233953152495	0.225879324755	0.02178072885	0.728944631145
S12394	0.0239442692278	0.223124476655	0.0223244407799	0.730606813338
S12406	0.0236258571624	0.2233730118	0.0225148009852	0.730486330052
S1241	0.0232757261023	0.217439870022	0.0223469209968	0.736937482879
S12410	0.0227589742489	0.222799367586	0.0214912384237	0.732950419742
S12417	0.0239386546523	0.221147597996	0.0223569342245	0.732556813127
S12419	0.0237365283003	0.223631561691	0.0226462604642	0.729985649545
S12428	0.023219655132	0.223325947987	0.0220505545638	0.731403842318
S12431	0.0240350332613	0.229258185082	0.0227112955308	0.723995486126
S12432	0.0231012691616	0.229644715904	0.0223685819431	0.724885432991
S12436	0.0232967106117	0.224320020818	0.0222414310844	0.730141837486
S12437	0.0239243784277	0.223908328413	0.0226237372905	0.729543555869
S12439	0.023574683402	0.222445785141	0.0227749082873	0.73120462317
S12440	0.0233117943213	0.225073943208	0.022171808891	0.72944245358
S12441	0.0235783117934	0.218987067474	0.0229677158344	0.734466904898
S12447	0.0237038176744	0.224343646177	0.0223500712396	0.729602464909
S12450	0.0239497983246	0.218189123596	0.0223764795705	0.735484598509
S12452	0.0227184989221	0.227053477682	0.0222420860617	0.727985937334
S1246	0.0229282324487	0.224925144456	0.0222708199321	0.729875803164
S12463	0.0227021766815	0.226835570513	0.0221721052571	0.728290147549
S12464	0.0222251969387	0.231098043739	0.0211872366989	0.725489522624
S12488	0.0215508289093	0.227303221385	0.0211740298022	0.729971919903
S12489	0.0235915555579	0.219583865061	0.0222378798183	0.734586699563
S12496	0.022148426849	0.224624953374	0.0216795795002	0.731547040277
S12500	0.0236440517233	0.224496447889	0.0226070582765	0.729252442111
S12501	0.0229036673021	0.226292532637	0.0219815612708	0.728822238791
S1251	0.0230919430332	0.224791120351	0.0221417387809	0.729975197835
S12516	0.0228186079386	0.230018102546	0.022516219876	0.724647069639
S1252	0.0231340299472	0.224564351037	0.0222248946475	0.730076724369
S12524	0.0234842932959	0.222755558284	0.0225502641274	0.731209884293
S12527	0.0230702401038	0.221740637699	0.0218485141975	0.733340608
S12535	0.0242269647751	0.216793796223	0.0228644219483	0.736114817053
S12540	0.0237495270567	0.223995949668	0.0224644249091	0.729790098367
S12548	0.0233038681213	0.225933070721	0.0225581451528	0.728204916005
S12556	0.0238807350185	0.225357415506	0.0231539305937	0.727607918881
S12563	0.0239043976684	0.223231100196	0.0229538528441	0.729910649292
S12568	0.0222317270911	0.231785646517	0.021756498982	0.72422612741
S12569	0.0227950816122	0.225177377118	0.0222591245158	0.729768416753
S12570	0.0237284243505	0.223960687417	0.022715711879	0.729595176353
S12577	0.0235819928081	0.223961662451	0.0222733012151	0.730183043526
S12582	0.0236418478104	0.22179680782	0.0234235308897	0.73113781348
S12583	0.0234717996822	0.226328957612	0.0223077114273	0.727891531279
S12585	0.0231304835928	0.226136921742	0.0218856091297	0.728846985535
S12590	0.0222655024858	0.221876358563	0.0213537030384	0.734504435913
S12596	0.0232508838172	0.22180141493	0.0224082901313	0.732539411121
S12597	0.0234423359741	0.222874898247	0.0224994240184	0.73118334176
S12604	0.0231365384276	0.228134033092	0.0219789126759	0.726750515805
S12605	0.0228111690018	0.224578409649	0.0216719923708	0.730938428979
S12608	0.0227221122297	0.220152425913	0.0221405176977	0.73498494416
S12617	0.0228809666929	0.226665610844	0.022289946741	0.728163475722
S12618	0.0224674873475	0.227640300893	0.021974627923	0.727917583837
S12624	0.0232593457045	0.224978657481	0.0221110064794	0.729650990336
S12628	0.022926794573	0.222463927935	0.0218037245177	0.732805552974
S12637	0.0230697568788	0.224047078598	0.0218518998639	0.73103126466
S12655	0.0230014567548	0.228060801002	0.0221454565067	0.726792285736
S12658	0.0239236362259	0.220241440153	0.0227461437235	0.733088779898
S1266	0.0231091206615	0.230430025988	0.0218198302025	0.724641023148
S12665	0.0227561016499	0.230555023367	0.0219957871042	0.724693087879
S12666	0.0231782344214	0.22337843964	0.0221386755576	0.731304650381
S12667	0.0230592498421	0.225457771053	0.0220741019092	0.729408877196
S12675	0.0225265991909	0.229493197604	0.021338665245	0.72664153796
S12682	0.0232841749075	0.222433398179	0.0222459274294	0.732036499484
S12691	0.0235194006569	0.221483865368	0.0224872389556	0.73250949502
S12704	0.0236219481	0.226215532844	0.0226645971435	0.727497921912
S12706	0.022487579197	0.223668507763	0.0213836342286	0.732460278811
S12707	0.0231285216991	0.226419374639	0.0224337053646	0.728018398298
S12721	0.0230671375274	0.227901954295	0.0216025247099	0.727428383468
S12722	0.0233014229522	0.220704817451	0.0225147093065	0.733479050291
S12731	0.0232223436074	0.215353918786	0.0219756701627	0.739448067444
S12734	0.0223200940066	0.229593224192	0.0218939110944	0.726192770707
S12735	0.0226975968201	0.222768628024	0.0220194810222	0.732514294134
S12736	0.0238588120749	0.220325179792	0.0230001035191	0.732815904614
S12742	0.0241772615691	0.223371242598	0.0224791819389	0.729972313894
S12754	0.0233499103574	0.223385402875	0.021709553898	0.73155513287
S12760	0.0230120141301	0.222371008836	0.0212808202479	0.733336156786
S12773	0.0230122092096	0.218542407853	0.022246986925	0.736198396012
S12775	0.0235244815934	0.226817012463	0.0214813898233	0.72817711612
S12776	0.0254070574519	0.214095565897	0.0235828155252	0.736914561126
