	Neutrophils	Lymphocyte	Monocytes	Other
S10001	0.0505881554856	0.224693083292	0.0481388324112	0.676579928811
S10006	0.0505606981973	0.228477787241	0.0460533102474	0.674908204314
S1001	0.050470077387	0.233000448437	0.0473302809794	0.669199193196
S10010	0.054088516823	0.228302004199	0.0495553817764	0.668054097201
S10011	0.0509865669976	0.230505652427	0.0487747132621	0.669733067313
S10014	0.0503656628023	0.227020929453	0.0471106210627	0.675502786682
S10026	0.0523116380188	0.233692986291	0.0477864470756	0.666208928615
S10032	0.051567225513	0.230689991914	0.0510993921451	0.666643390427
S10036	0.0514909006405	0.230355364637	0.0459869968975	0.672166737825
S10042	0.0518157382183	0.230881086285	0.0494171250847	0.667886050412
S10044	0.0522032499141	0.234118702027	0.0480135440938	0.665664503965
S10049	0.0507361142791	0.235663466301	0.0474349847234	0.666165434697
S10057	0.0478990442945	0.227026626028	0.0457128486011	0.679361481076
S10062	0.0512202791364	0.231523912445	0.0499132503104	0.667342558108
S10066	0.0539939202437	0.225050166457	0.0483968061645	0.672559107135
S10067	0.0495694436995	0.237819009994	0.0473384238355	0.665273122471
S1007	0.0500097433152	0.228771487036	0.0472407429253	0.673978026723
S10073	0.0507745910676	0.237529695314	0.0476894088624	0.664006304756
S10077	0.0499314785436	0.226735184879	0.0485455522435	0.674787784334
S10080	0.0512156047568	0.231121848483	0.0487409969722	0.668921549788
S10082	0.0516961366724	0.234746581346	0.047824190285	0.665733091696
S10087	0.0501392196109	0.234945225872	0.0494559091656	0.665459645352
S10089	0.0509383050765	0.229622332413	0.0472097064264	0.672229656084
S1009	0.0486662252505	0.235939295707	0.0460922160467	0.669302262996
S10090	0.0500649510415	0.226605167099	0.0458759927656	0.677453889094
S10093	0.0507012949367	0.224424966189	0.0468589983356	0.678014740538
S10094	0.0518771141993	0.230996265448	0.0485574811237	0.668569139229
S1010	0.0497958452134	0.229975069825	0.0491710224362	0.671058062525
S10111	0.0502494037068	0.236227786057	0.0477095052307	0.665813305005
S10116	0.0465497717381	0.237038253812	0.0458973781331	0.670514596317
S10119	0.0495821764914	0.234361994756	0.0477672640345	0.668288564719
S10121	0.0510836272711	0.234376552233	0.0482206113641	0.666319209132
S10130	0.0513508719599	0.227425328983	0.049151488538	0.67207231052
S10140	0.053615182384	0.22848488018	0.0500515884804	0.667848348956
S10142	0.0485461155768	0.236309084621	0.048122050297	0.667022749506
S10150	0.0539835898692	0.220633493692	0.0488320260314	0.676550890407
S10155	0.0503763869344	0.232782772435	0.047972097152	0.668868743479
S1016	0.050664531035	0.229789768666	0.047758345353	0.671787354946
S10163	0.0509395674767	0.228025742737	0.0484031301856	0.672631559601
S10167	0.0501661583209	0.230507709555	0.0459808468621	0.673345285262
S10168	0.0491571164	0.23785904392	0.0462260728886	0.666757766791
S10173	0.0495799442601	0.237538082275	0.0472277474516	0.665654226013
S10175	0.0511363640555	0.230489637892	0.0480562050913	0.670317792961
S10179	0.0488933126961	0.239249653535	0.0473902918787	0.66446674189
S10186	0.0461068865288	0.238216258639	0.0485665747792	0.667110280053
S1019	0.0490308168848	0.232789549946	0.0479021824362	0.670277450733
S10190	0.0505979827908	0.238233327145	0.0479132746667	0.663255415398
S10195	0.0521432451123	0.227005096615	0.048342935726	0.672508722547
S10196	0.0510697554337	0.228678348721	0.0486425526378	0.671609343208
S10200	0.0519799823411	0.23006019113	0.0497002643094	0.668259562219
S10201	0.0542455869454	0.221229107753	0.0478926528272	0.676632652474
S10202	0.05099993322	0.231359402417	0.0492994848212	0.668341179542
S10205	0.0514934303959	0.236335644594	0.0469479924912	0.665222932519
S10211	0.0495981976415	0.230140114558	0.0452922203536	0.674969467447
S10221	0.051269348599	0.233050075166	0.0479675812225	0.667712995012
S10222	0.0513522649721	0.224676695604	0.0482062159343	0.67576482349
S10226	0.0515800598064	0.233131430461	0.0491970667247	0.666091443008
S10227	0.0517238282262	0.224993067282	0.0484519019509	0.674831202541
S10228	0.0507177008826	0.231831501013	0.0474482599602	0.670002538145
S10232	0.0474917987655	0.232803451965	0.0444292915	0.67527545777
S10248	0.0515392581035	0.235613590236	0.0462655280533	0.666581623607
S10249	0.0531027030127	0.221665599925	0.0519064755472	0.673325221516
S1025	0.0495426416951	0.236633561719	0.0483559299711	0.665467866615
S10266	0.0516823224473	0.225686036972	0.0487259275223	0.673905713058
S10269	0.0515031903854	0.23002811346	0.0473785244526	0.671090171702
S10272	0.0521538557895	0.228751118306	0.046691844027	0.672403181878
S10273	0.051702768489	0.233283965092	0.0480202917049	0.666992974714
S10274	0.0513084495255	0.230621434957	0.0476681801389	0.670401935378
S1028	0.0517677949292	0.232063101397	0.0476209876744	0.668548115999
S10280	0.0509608504059	0.236861435045	0.0500998605791	0.66207785397
S10283	0.0489639218757	0.240972322755	0.0488000654384	0.661263689931
S1029	0.0501345073874	0.232256445663	0.0480437609255	0.669565286024
S10292	0.0488398322108	0.232772870792	0.0466184144028	0.671768882594
S10294	0.0492187591326	0.23706407212	0.0466438249666	0.667073343781
S10302	0.0504796209776	0.230487010175	0.0476114101677	0.67142195868
S10303	0.0504616826735	0.231964437908	0.0489004978131	0.668673381605
S10323	0.0505979801835	0.231341827597	0.0472455306254	0.670814661594
S10326	0.0513571628891	0.231795452928	0.0488279176995	0.668019466483
S10328	0.0501457156312	0.239219739768	0.0465148889528	0.664119655648
S10329	0.0500697101602	0.235782408011	0.0482304906801	0.665917391149
S10336	0.050628559652	0.230097507758	0.0485214842396	0.67075244835
S10340	0.0515525276137	0.232872198671	0.0472354841223	0.668339789593
S10347	0.0491433386217	0.22603577128	0.0473900205924	0.677430869506
S10353	0.0503081061917	0.232038267531	0.0483196689349	0.669333957342
S10356	0.049413901691	0.230820572358	0.0471370956779	0.672628430274
S10358	0.0517873487093	0.228965173795	0.0483356078924	0.670911869603
S10365	0.0520386898507	0.228092830235	0.0486047202824	0.671263759632
S1037	0.0476885565394	0.239197715342	0.0460150570761	0.667098671043
S10373	0.0497456622294	0.232609569996	0.0479009093901	0.669743858384
S10374	0.0495579426563	0.229590013619	0.0442998265982	0.676552217127
S10375	0.0516541938577	0.23115329474	0.0477622600415	0.669430251361
S10377	0.0485909073327	0.222897062391	0.0452397284641	0.683272301812
S10378	0.0508276281816	0.238233829615	0.0489096637616	0.662028878441
S10390	0.0491397438756	0.223425820233	0.0468209687028	0.680613467189
S10391	0.0488440377365	0.225551986625	0.0466609160677	0.678943059571
S10393	0.0509132734909	0.235341287734	0.0469906972786	0.666754741496
S10400	0.0511683334	0.225140624392	0.0500248302043	0.673666212003
S10401	0.0498183287622	0.228719820953	0.0483423985974	0.673119451687
S10406	0.0527073013396	0.222816223012	0.0496182845308	0.674858191117
S10408	0.0510534123798	0.230296015627	0.0491829257777	0.669467646216
S10409	0.0504463253375	0.236576387503	0.0469776436781	0.665999643482
S10418	0.0511285590494	0.2176192691	0.0461452476062	0.685106924245
S10431	0.0507725735441	0.230174319935	0.0478711298887	0.671181976632
S10438	0.0504180444086	0.229165717505	0.0483321612012	0.672084076885
S10439	0.0519490715638	0.229723310285	0.0495743908171	0.668753227334
S10441	0.0530412938855	0.225899459138	0.0507335079399	0.670325739036
S10442	0.0512491653412	0.229584898744	0.0490175556286	0.670148380286
S1046	0.0532167334789	0.228042586554	0.0486470940815	0.670093585885
S10478	0.0547938469991	0.219723846763	0.0518026115273	0.673679694711
S10480	0.047150010041	0.235641038022	0.0452576772866	0.67195127465
S10484	0.0515261193403	0.227298213127	0.0492752484755	0.671900419057
S10492	0.0495480724591	0.237062615113	0.0469080586083	0.66648125382
S10496	0.0504214469822	0.239666039008	0.0478526271999	0.66205988681
S10510	0.0499098292053	0.226525725127	0.0482292887058	0.675335156961
S10513	0.0515920078933	0.230344848714	0.0499650357011	0.668098107692
S10516	0.0501759963812	0.228888501367	0.0494773680591	0.671458134193
S10534	0.0507140851192	0.233150512466	0.0489973436792	0.667138058736
S10535	0.0496325467728	0.234659342874	0.0483182610968	0.667389849256
S10537	0.0516040150831	0.23240174839	0.0505120785085	0.665482158019
S1054	0.0493028391645	0.230583275919	0.0479918043402	0.672122080577
S10543	0.0509245822179	0.235588786257	0.0473860970511	0.666100534474
S10546	0.0502974743432	0.226641273343	0.0484337258781	0.674627526435
S1055	0.0531320238976	0.223387479181	0.0483468632174	0.675133633704
S10551	0.0496878008479	0.228632641801	0.0479213464425	0.673758210909
S10552	0.0516105524244	0.221304870008	0.0489566905007	0.678127887067
S10555	0.0502259955902	0.242712956979	0.0474385973409	0.65962245009
S10559	0.0510396219284	0.229153141991	0.049410351758	0.670396884322
S1056	0.0506071131599	0.235697745492	0.048030724154	0.665664417194
S10563	0.0522872868266	0.230965910428	0.0481381327781	0.668608669967
S10574	0.0496879021183	0.236356463044	0.0487974637652	0.665158171073
S10576	0.053176018936	0.225363850563	0.0478715837366	0.673588546764
S10578	0.0522100403558	0.225302828295	0.0478212352678	0.674665896081
S10579	0.052621466977	0.230699595743	0.0475180573734	0.669160879907
S10582	0.0522676854744	0.23445973236	0.0493966994407	0.663875882725
S1059	0.0512328690337	0.233643146934	0.0476869657467	0.667437018286
S10599	0.0527952614973	0.228199917831	0.0501673008372	0.668837519834
S10611	0.0512995684324	0.230140706283	0.0495117121279	0.669048013157
S10614	0.0536094343125	0.227591749777	0.0495926195804	0.669206196331
S10624	0.0495689764146	0.230018613907	0.0489270703113	0.671485339367
S10632	0.0505109595058	0.224985265783	0.0463060602622	0.678197714449
S10634	0.0506329084182	0.234000712014	0.0468110113737	0.668555368194
S10638	0.0515673178916	0.229214038293	0.049328805865	0.669889837951
S10644	0.0496732031748	0.236304604765	0.0481964049069	0.665825787153
S10649	0.0539808991269	0.228915510043	0.0460499405672	0.671053650263
S10652	0.0525838005311	0.229309433814	0.0483112013903	0.669795564264
S10654	0.050983638099	0.235347496831	0.0493082775067	0.664360587563
S10655	0.0509866616895	0.231491967791	0.0480594188914	0.669461951628
S10656	0.0510798441256	0.241781558514	0.0464641539933	0.660674443367
S10657	0.0499110005542	0.22346641232	0.0474239728405	0.679198614285
S10658	0.0518380789102	0.238060510873	0.0479301647467	0.66217124547
S10660	0.0467110617394	0.233205048618	0.0464426952758	0.673641194367
S10661	0.0500440433496	0.236780426702	0.0465743428207	0.666601187128
S10676	0.0524683887391	0.228868183966	0.0504277878553	0.66823563944
S1068	0.0503045230946	0.23636039115	0.0492397937606	0.664095291995
S10681	0.0507317753771	0.22907726334	0.0467304755933	0.67346048569
S10686	0.0499518848273	0.226223655192	0.0478832349508	0.67594122503
S10688	0.0505861338114	0.234375758088	0.0479119003917	0.667126207709
S10690	0.049709878125	0.2290049354	0.0477264169684	0.673558769506
S10698	0.0496255203249	0.2367210195	0.048678039706	0.664975420469
S107	0.0505792804738	0.236588067014	0.0473721684894	0.665460484023
S10703	0.0493770886327	0.23715373125	0.048609125821	0.664860054296
S10726	0.0502586354651	0.231114094984	0.0468758852074	0.671751384344
S10729	0.0503827230787	0.22414797988	0.0492341890391	0.676235108002
S10733	0.051747472525	0.23330119122	0.0486654373469	0.666285898908
S10734	0.049764281056	0.229921434757	0.047712987098	0.672601297089
S10735	0.0506033981606	0.230863584574	0.046980559301	0.671552457964
S10740	0.0531724006455	0.224936060096	0.0497874601408	0.672104079118
S10745	0.0533303206226	0.228202026911	0.0499251685016	0.668542483965
S10748	0.0494094224704	0.230500220442	0.0464852124384	0.673605144649
S10753	0.0521158094668	0.232194341765	0.0495384016685	0.6661514471
S10756	0.0511008333573	0.235868550923	0.0477019375839	0.665328678136
S10757	0.0489449223255	0.241256452093	0.0463390373009	0.66345958828
S1076	0.0512487421471	0.233060286203	0.0496044289224	0.666086542728
S10764	0.0501055704947	0.225298255462	0.0485353103671	0.676060863676
S10767	0.0476219401459	0.237530556105	0.0450621625289	0.66978534122
S10776	0.0527964470379	0.23272954247	0.0500661516574	0.664407858835
S10778	0.0534407511351	0.232299830072	0.0479800844209	0.666279334372
S10784	0.0536459472281	0.228250526342	0.05053180196	0.66757172447
S10787	0.0499966745339	0.230646719954	0.0485501354929	0.670806470019
S10800	0.0509346804521	0.235199252096	0.0476201597108	0.666245907741
S10805	0.0512207646157	0.227271764789	0.0494156932392	0.672091777356
S10813	0.0513158725958	0.23296063354	0.0487427049989	0.666980788865
S10814	0.0505743014088	0.224914258993	0.0450836857621	0.679427753836
S10815	0.0518548924736	0.234145012183	0.046410953894	0.66758914145
S10817	0.0490148371755	0.232125394717	0.0453777056227	0.673482062485
S1083	0.0504360970725	0.235458410764	0.0483794848182	0.665726007345
S10835	0.0506141291377	0.224799736453	0.0508787005523	0.673707433857
S10838	0.0518258562896	0.233806279073	0.0486123878218	0.665755476816
S10844	0.0502809084038	0.234372296091	0.0461407833472	0.669206012158
S10845	0.0516374092662	0.229171704847	0.0499039955874	0.669286890299
S10846	0.0479684888916	0.240336645558	0.0460524208399	0.66564244471
S10853	0.0529964079301	0.222649015988	0.04891010633	0.675444469752
S10854	0.0488236956996	0.237117696926	0.0481518530306	0.665906754344
S10865	0.0505871594473	0.23192752982	0.0495227628998	0.667962547833
S10866	0.0516829676254	0.232333007048	0.0483934393636	0.667590585963
S10869	0.0544050453173	0.225102614515	0.051297534721	0.669194805447
S10873	0.051193153813	0.230698385365	0.0480415790751	0.670066881747
S10876	0.0503454392432	0.237330033846	0.049242273946	0.663082252965
S10883	0.0514687317836	0.228726053198	0.0482969401226	0.671508274896
S10885	0.0512310622848	0.225220060051	0.0486430949085	0.674905782755
S10893	0.052690267827	0.229702596896	0.0496867019774	0.6679204333
S10895	0.0523636014825	0.228773951544	0.050024086813	0.668838360161
S10902	0.0497849198309	0.230492206017	0.0459774586504	0.673745415501
S10903	0.0521225770392	0.227278703937	0.0482607074786	0.672338011545
S1092	0.0538156932948	0.228851239389	0.0498849541331	0.667448113183
S10925	0.050404453826	0.230594571683	0.0490485970184	0.669952377473
S10927	0.0526030022208	0.228823468802	0.0499785296763	0.668594999301
S10936	0.0496975165983	0.23634208147	0.0481565263091	0.665803875622
S10945	0.0536559625064	0.233945823603	0.0504949105741	0.661903303316
S10947	0.050230376588	0.224530905345	0.0461371353848	0.679101582682
S10949	0.051087969617	0.236269620798	0.0455783675516	0.667064042033
S1095	0.0501355460353	0.222799193664	0.0473127835142	0.679752476786
S10961	0.0519176753334	0.227920833161	0.0479324895118	0.672229001994
S10969	0.0506525360071	0.236633130182	0.0492380595649	0.663476274246
S10972	0.0505210226941	0.23254746325	0.046919982284	0.670011531772
S10973	0.0533725590356	0.228047557197	0.0491595877953	0.669420295972
S10978	0.0526716984528	0.235228812097	0.0482277021061	0.663871787344
S10979	0.0503707003193	0.233224789686	0.0487423646963	0.667662145298
S10986	0.0518638157226	0.225375662095	0.0477468204372	0.675013701745
S10989	0.0512043346325	0.234317217109	0.0486026830859	0.665875765173
S10995	0.0522754980877	0.233432713452	0.0484451025573	0.665846685903
S11005	0.049701436316	0.231367289588	0.0476737504656	0.67125752363
S11008	0.0516088411345	0.231336853771	0.0475941553436	0.669460149751
S11010	0.0490421038213	0.228177864048	0.0470776446872	0.675702387443
S11013	0.0506815834648	0.233260556465	0.0479615872292	0.668096272841
S11016	0.050969469585	0.234999455724	0.0486966478704	0.665334426821
S11017	0.0510609778396	0.228922845056	0.0510030800322	0.669013097072
S11020	0.0517680668871	0.231962299225	0.0502764509314	0.665993182956
S11027	0.0526963974714	0.229505423268	0.0487704223644	0.669027756896
S11035	0.0522556130871	0.229563764636	0.0461832381144	0.671997384162
S11041	0.0514276463756	0.232366598107	0.047234924619	0.668970830898
S1106	0.0511964561044	0.234768040181	0.0477785155407	0.666256988174
S11071	0.0471342711509	0.241013445222	0.0478249117662	0.664027371861
S11076	0.0502080766995	0.230963760071	0.047487611437	0.671340551793
S11078	0.0522308689366	0.232383064067	0.0479257937553	0.667460273241
S11081	0.0500030778618	0.231853791347	0.0492388884747	0.668904242316
S11086	0.051752769789	0.229954751398	0.0470490435563	0.671243435256
S1109	0.0526181042575	0.230691574995	0.0511139169453	0.665576403802
S11096	0.0534629821148	0.22773463054	0.0497867429133	0.669015644432
S11100	0.0500269844002	0.229436882344	0.0475945684948	0.672941564761
S11107	0.0522551977953	0.229137161789	0.048521201362	0.670086439054
S11109	0.0525580627629	0.225870414533	0.0472415847965	0.674329937908
S1111	0.0484451110098	0.236340022769	0.0469998803459	0.668214985875
S11119	0.0511471570676	0.229879511697	0.0470356553178	0.671937675918
S11127	0.0508769296005	0.235593233558	0.0474830001631	0.666046836678
S11136	0.0489652814275	0.228880762697	0.0456115384448	0.67654241743
S11147	0.0525152462154	0.230584023083	0.0473133834237	0.669587347277
S11150	0.0534425135995	0.229272134294	0.0477759360974	0.66950941601
S11152	0.0512564199047	0.227815531291	0.0490349312193	0.671893117585
S1116	0.0498712595982	0.237259865937	0.0470595342014	0.665809340263
S11163	0.0505271147787	0.236263616568	0.0460956974137	0.66711357124
S11164	0.0530799346294	0.224897038588	0.0489982288204	0.673024797962
S11166	0.0472135957223	0.220008101286	0.0465166975626	0.686261605429
S11173	0.051654555745	0.233946952118	0.0473645497363	0.6670339424
S11174	0.0497596353788	0.231878843762	0.047369277937	0.670992242922
S11182	0.0515984586893	0.23786253769	0.0478030957158	0.662735907905
S11188	0.0523640841024	0.231467216791	0.0499607333647	0.666207965742
S11189	0.0515797292327	0.23555153224	0.0493750654299	0.663493673098
S1119	0.0476181668149	0.236316792175	0.0482829784057	0.667782062604
S11195	0.0506286077951	0.239090083514	0.0482333250972	0.662047983593
S11197	0.0490329406931	0.23116859594	0.0456853337725	0.674113129594
S11198	0.0547848619906	0.22570502852	0.0502350956581	0.669275013831
S11211	0.0502936959972	0.228505178254	0.0492850268958	0.671916098853
S11214	0.0503970297469	0.231841101628	0.048345023824	0.669416844802
S11216	0.051951553246	0.231606700579	0.0494610208313	0.666980725344
S11224	0.051145934133	0.233260190681	0.0476825258813	0.667911349305
S11236	0.0518441236349	0.231583196686	0.0497528689456	0.666819810734
S11241	0.05083663764	0.228854366987	0.0471261582138	0.673182837159
S11243	0.0505445528582	0.23013214698	0.0479987098565	0.671324590305
S11245	0.0505032188496	0.227083941897	0.0472903960682	0.675122443186
S11249	0.0499758178389	0.229028894525	0.0490757607385	0.671919526898
S11274	0.047931015443	0.223364825002	0.0462475479886	0.682456611567
S11280	0.0496453219744	0.234959206171	0.0477762239167	0.667619247938
S11281	0.049759085501	0.230428018746	0.0484637503422	0.671349145411
S11285	0.04916694817	0.225196896994	0.0481494878491	0.677486666987
S11298	0.0493541681315	0.229201851593	0.0479531527995	0.673490827476
S11311	0.0505801637903	0.231963284884	0.0471613060415	0.670295245284
S11312	0.0517642615159	0.228889093323	0.0476178590331	0.671728786128
S11316	0.0509836234822	0.233609902545	0.0501996319098	0.665206842063
S1133	0.050019290865	0.228901205497	0.0461931287535	0.674886374885
S11330	0.0523446216128	0.235041546027	0.0466468456532	0.665966986707
S11332	0.0488257600231	0.241444799702	0.0464515948006	0.663277845474
S11334	0.0505194737615	0.234305178538	0.0487416025224	0.666433745178
S11335	0.0527157662523	0.230342511249	0.0465344188293	0.670407303669
S11345	0.0485917173967	0.225522037596	0.0444873084925	0.681398936514
S11349	0.0508428259592	0.23365961264	0.0492989065614	0.666198654839
S1135	0.0508780866558	0.22849718666	0.050993603357	0.669631123328
S11352	0.0526587021324	0.221385635483	0.0489195574267	0.677036104957
S11353	0.0525923192665	0.229688250792	0.0497780388735	0.667941391068
S11368	0.0520077691979	0.227251471657	0.049688399929	0.671052359216
S11369	0.0494659092478	0.230269953934	0.0488636450576	0.671400491761
S11371	0.0489295905895	0.232499733608	0.0473428387008	0.671227837101
S11377	0.0522922031497	0.222634656139	0.0508550113461	0.674218129365
S11378	0.0491812847763	0.229994190487	0.0475761392904	0.673248385446
S11383	0.0501013207445	0.237958810906	0.0479302890957	0.664009579254
S11384	0.0488716199888	0.234574864384	0.0458025985258	0.670750917102
S11392	0.0496490356843	0.231316245586	0.0485799558386	0.670454762891
S1140	0.0507288485684	0.226708704664	0.0484972490636	0.674065197704
S11410	0.0510754063941	0.23007081771	0.0483453093895	0.670508466507
S11411	0.0495741722492	0.237419908203	0.0489927799954	0.664013139553
S11414	0.0500585008165	0.228734204387	0.0460125426301	0.675194752166
S11419	0.0519982363028	0.231632425639	0.0487303636469	0.667638974411
S11424	0.0497846382459	0.22679933003	0.0490894084258	0.674326623299
S11425	0.050112475132	0.235438533153	0.0470578997643	0.667391091951
S11433	0.0498783132538	0.230201248879	0.0490074246185	0.670913013249
S11434	0.0512478545115	0.235745395726	0.0478944999192	0.665112249843
S11436	0.0519683982021	0.229771921713	0.0503902200852	0.667869459999
S11437	0.0496713864892	0.236807894253	0.045455821391	0.668064897867
S11440	0.0548240217101	0.22448449486	0.0467389443107	0.67395253912
S11449	0.0507712994822	0.238162949023	0.0470002328641	0.66406551863
S11459	0.0482175200738	0.230840882766	0.0468714278078	0.674070169353
S11477	0.0518957312729	0.230843259715	0.0487024705251	0.668558538487
S11480	0.0523933126489	0.227906483727	0.0475169343624	0.672183269261
S11486	0.0508986153602	0.230519113921	0.047444008054	0.671138262665
S11501	0.0506207352372	0.223036604705	0.0475901917396	0.678752468318
S11504	0.0475182503954	0.232881970979	0.0466651761087	0.672934602517
S11507	0.0488596792282	0.23517498758	0.0455318103182	0.670433522874
S11518	0.047946329043	0.236889520809	0.0504420430664	0.664722107081
S11525	0.0483087714195	0.232028992435	0.0472496276694	0.672412608476
S11531	0.0508596194135	0.230573115373	0.048730572093	0.66983669312
S11532	0.0489847327325	0.233762514676	0.0468489620808	0.67040379051
S1154	0.0503951561711	0.231662484567	0.0482289407881	0.669713418474
S11542	0.0508128003431	0.224174293911	0.0459859670918	0.679026938654
S11543	0.0518144251389	0.231095633207	0.0491941795005	0.667895762154
S11546	0.0522295024465	0.231012081613	0.049602027151	0.66715638879
S1155	0.051480943922	0.225275622903	0.0481284519962	0.675114981179
S1156	0.0470371761304	0.237350728941	0.0456070517064	0.670005043222
S11568	0.0520530309245	0.228341607714	0.0488390857533	0.670766275608
S11576	0.0503982750111	0.239420043507	0.0487911284816	0.661390553
S11584	0.0532287779524	0.226420709544	0.0482815673918	0.672068945111
S11586	0.0518947322375	0.234730194826	0.0482553444959	0.665119728441
S11590	0.0526946661769	0.234377688893	0.0496087284702	0.66331891646
S11592	0.0486974948951	0.227691409887	0.0464536145149	0.677157480703
S11593	0.0519192746497	0.234175571451	0.0475912437247	0.666313910174
S11599	0.0500441035989	0.223339900851	0.0474282293528	0.679187766197
S1160	0.0487468709043	0.2324749517	0.0463777847077	0.672400392688
S11610	0.0514046035197	0.225832695668	0.0470627603724	0.67569994044
S11615	0.0513020307636	0.233621281547	0.048334192426	0.666742495263
S11629	0.0525575821127	0.234545746673	0.0491917614239	0.663704909791
S11631	0.0494871034797	0.235959422837	0.0509106491233	0.66364282456
S1164	0.0519360466584	0.232546872205	0.0485529226017	0.666964158535
S11642	0.0500300644511	0.222465136678	0.0467514676966	0.680753331175
S11656	0.0482644217379	0.224602423959	0.0473996774478	0.679733476855
S11663	0.0505355009096	0.232356294116	0.0467415648029	0.670366640172
S11667	0.0517087689792	0.232741985274	0.0484210855709	0.667128160176
S11668	0.0507540568219	0.233454532407	0.0458303615079	0.669961049263
S1167	0.0497819176678	0.232107882029	0.047978911408	0.670131288895
S11673	0.0483114941474	0.227408448803	0.0456550744236	0.678624982626
S11682	0.0525451300746	0.233016186925	0.0488771682774	0.665561514723
S11693	0.0497707959429	0.230668905806	0.0474543550799	0.672105943172
S11696	0.0511701443032	0.231761484089	0.0489457929442	0.668122578663
S11699	0.0514087116101	0.235097992749	0.0490016361172	0.664491659523
S117	0.0478360156863	0.222377246176	0.0461104336274	0.683676304511
S1170	0.0506466697238	0.234920614231	0.0480219263758	0.666410789669
S11709	0.0517714190127	0.229384386656	0.047656512694	0.671187681638
S11713	0.0451752993674	0.238305596324	0.0474462425322	0.669072861777
S11717	0.0490811851418	0.231250098293	0.046507103153	0.673161613412
S1173	0.051046147598	0.226277030969	0.0481680191338	0.674508802299
S11731	0.0540356517132	0.222480137889	0.0502713925619	0.673212817836
S11732	0.0519155316242	0.232000779952	0.0481549927048	0.667928695719
S11733	0.0491051107822	0.23322193035	0.0482417146164	0.669431244251
S11734	0.0518900623936	0.228830136402	0.0482196513841	0.671060149821
S11735	0.0521033467825	0.23398293912	0.0479025947816	0.666011119316
S11737	0.0482306977288	0.226291467293	0.0463190134333	0.679158821545
S11745	0.0515294239762	0.224518404899	0.0482649177915	0.675687253334
S11760	0.0500777675567	0.224137906234	0.0461713067737	0.679613019435
S11761	0.0458707471741	0.237489821234	0.0446797530779	0.671959678515
S11769	0.0535625360672	0.223340263249	0.0488101749577	0.674287025726
S11783	0.050388496694	0.239579981409	0.0473763395447	0.662655182352
S11784	0.0509031082099	0.232120101553	0.0475783569416	0.669398433296
S11786	0.0526086236209	0.232013583803	0.04859784768	0.666779944897
S11797	0.0509009139249	0.228918163237	0.0479444322438	0.672236490595
S11799	0.0502762374843	0.229835379615	0.0466615670475	0.673226815853
S118	0.0519809113068	0.230001697814	0.0483227690858	0.669694621794
S11800	0.0505911230512	0.23622440845	0.0485820680279	0.664602400471
S11802	0.0505655018719	0.227154318153	0.047404062857	0.674876117118
S11806	0.0521619357878	0.222942490872	0.0479803883457	0.676915184995
S11807	0.0473519352705	0.230722085873	0.0470720486791	0.674853930178
S11810	0.0495755372136	0.232595173055	0.0476450385355	0.670184251196
S11811	0.0529974099227	0.229557091422	0.0497138247175	0.667731673937
S11812	0.0497196274233	0.22407531901	0.0473215311599	0.678883522407
S11820	0.0520114873813	0.230597636242	0.047954074421	0.669436801956
S11822	0.0537373500771	0.227847909708	0.0489745193155	0.669440220899
S11823	0.0503047590278	0.229925233048	0.0471597861324	0.672610221792
S11826	0.0510064860714	0.232242336164	0.047500434228	0.669250743537
S1183	0.0482791944257	0.226755271623	0.0455873421273	0.679378191824
S1184	0.0503728268755	0.233307900968	0.0474404592811	0.668878812876
S11842	0.0496335241807	0.234630864429	0.0481663017445	0.667569309646
S11843	0.0525689673728	0.232499059473	0.0487492895108	0.666182683644
S11844	0.0497323767985	0.233573773922	0.0495173995683	0.667176449711
S11850	0.0486514937737	0.22881658187	0.0472208515563	0.6753110728
S11853	0.0508696318061	0.231974596412	0.046416448778	0.670739323004
S11857	0.0514090038138	0.22596205368	0.0477446126375	0.674884329869
S11858	0.05137506487	0.225749183302	0.0484363899869	0.674439361841
S11860	0.0513252830161	0.23165426751	0.0478687385142	0.66915171096
S11864	0.0494221927866	0.22883251022	0.0495487100709	0.672196586923
S11870	0.0512186613246	0.23271013387	0.0487680244543	0.667303180351
S11875	0.0510337197656	0.234028104667	0.0472116820333	0.667726493534
S11877	0.0487502728306	0.217976133244	0.0482195979385	0.685053995987
S11878	0.0504775638092	0.234586140961	0.0477863430005	0.667149952229
S11882	0.0490477230908	0.228447977317	0.0481205774669	0.674383722125
S11883	0.0510328714276	0.222082199552	0.0491676888056	0.677717240215
S11884	0.0532168375531	0.232205152753	0.0508336732306	0.663744336463
S11886	0.0514707795086	0.226083614342	0.0468411828748	0.675604423275
S11897	0.0522702152029	0.231222376747	0.0488471524884	0.667660255562
S1190	0.0510580786275	0.235733161344	0.0497367392162	0.663472020812
S11903	0.0535656313326	0.229371973868	0.0477077586785	0.669354636121
S11905	0.0527180386704	0.218314811638	0.0507110685548	0.678256081137
S11907	0.0506139302412	0.228008345819	0.0471990243987	0.674178699541
S11914	0.0516419124499	0.22221626638	0.0472646104828	0.678877210687
S11917	0.0510829806989	0.232210687207	0.046211000007	0.670495332087
S11928	0.0495983309953	0.226220393668	0.0480515064217	0.676129768915
S11929	0.0507394105531	0.232994190214	0.0477148015493	0.668551597684
S1193	0.0493383916295	0.232499830884	0.0497186107722	0.668443166714
S11930	0.0489808495994	0.230357426989	0.048003758836	0.672657964576
S11934	0.0496552572317	0.237271058445	0.045855968291	0.667217716033
S11939	0.0529658058658	0.22658254896	0.0489924634347	0.671459181739
S11944	0.0510670941397	0.236614969765	0.0461293802738	0.666188555822
S11945	0.0499707322886	0.231465058177	0.0458058032754	0.672758406259
S11957	0.0526584089439	0.231816904136	0.0487189136784	0.666805773242
S11958	0.0512103823078	0.224646683205	0.0483260423849	0.675816892102
S1196	0.0526023259822	0.223744346775	0.0477899619081	0.675863365335
S11960	0.0496484582892	0.230637535229	0.0462717594634	0.673442247018
S11965	0.0494403966933	0.234913538678	0.0454434238991	0.67020264073
S11967	0.0518560544033	0.227656236304	0.0469840056686	0.673503703624
S1197	0.0501813008736	0.219948763352	0.0484778902941	0.68139204548
S11973	0.0508011252628	0.240436605257	0.0461266737056	0.662635595775
S11974	0.0518963736736	0.226752727815	0.0513339977983	0.670016900713
S11980	0.0526099682545	0.230592002552	0.0489586686311	0.667839360562
S11985	0.0516755205677	0.231218632067	0.0491430336905	0.667962813675
S11987	0.0523118304614	0.225750251116	0.0493794173501	0.672558501073
S11993	0.0523853678162	0.231644705571	0.048569382552	0.667400544061
S12001	0.0512530645978	0.22629482425	0.0488839634507	0.673568147702
S12004	0.0497089193385	0.226604274954	0.0486612166481	0.675025589059
S12006	0.0496196811742	0.238378164123	0.0443782665085	0.667623888194
S12010	0.0480915060834	0.228078759444	0.04715664166	0.676673092812
S12011	0.0513437100427	0.230282093124	0.0488503551189	0.669523841714
S12012	0.0509348360357	0.220088047712	0.0472943027961	0.681682813456
S12022	0.0491281652463	0.225283210753	0.0481889486679	0.677399675332
S12043	0.0523550159999	0.235122827974	0.0500384293923	0.662483726634
S12052	0.050047075534	0.232677783273	0.0475138051058	0.669761336087
S12056	0.0514319816687	0.230181862333	0.0476023633365	0.670783792662
S12057	0.0521532879006	0.227066734333	0.0496800383725	0.671099939394
S12058	0.0515169203643	0.221689823908	0.0482475885408	0.678545667187
S12061	0.050304342387	0.231500406015	0.0471916735747	0.671003578023
S12064	0.0496827700562	0.236737196098	0.0489792716664	0.664600762179
S12073	0.0522692876411	0.224066594846	0.0477865497884	0.675877567725
S12076	0.0493290986463	0.227779690965	0.0479403092352	0.674950901154
S12079	0.0523993485648	0.226453855987	0.0471641173092	0.673982678139
S12089	0.0509457202892	0.226500019183	0.0491329370763	0.673421323451
S12098	0.0512171646638	0.231228239734	0.048377171817	0.669177423785
S1210	0.0519438773115	0.233771603054	0.0476169374261	0.666667582209
S12101	0.0495912444947	0.223671383198	0.0464216135086	0.680315758799
S12105	0.0504525620877	0.23733204007	0.048082463169	0.664132934674
S12106	0.0491306429938	0.219138164848	0.04693438586	0.684796806298
S1212	0.0510296937772	0.235096781838	0.0477838846458	0.666089639739
S12120	0.0531057486364	0.229119885937	0.0489874360762	0.668786929351
S12129	0.0508606324996	0.231973621762	0.0478098135368	0.669355932202
S12137	0.0530440894942	0.230426507319	0.0495007145209	0.667028688666
S12140	0.0499608687238	0.229932827038	0.049056597913	0.671049706325
S12159	0.0502286648638	0.240263404228	0.047833579475	0.661674351433
S12170	0.0529672825061	0.229039424069	0.0488779631421	0.669115330282
S12178	0.0493397607971	0.234481469672	0.0482854544196	0.667893315112
S12179	0.0511062081123	0.238762442628	0.0477844548561	0.662346894404
S1218	0.0504489672079	0.23047849997	0.0463335307452	0.672739002077
S12182	0.0493144012073	0.229185750561	0.0474333612605	0.674066486971
S12196	0.050727230918	0.22792370561	0.0480859463961	0.673263117075
S12198	0.0517891447482	0.233826531012	0.0474837610833	0.666900563157
S1220	0.050775343796	0.232205039557	0.0496499527913	0.667369663856
S12200	0.0514116192898	0.230799357375	0.0471955302298	0.670593493105
S12202	0.0509912654997	0.226963504444	0.0479238832519	0.674121346804
S12206	0.0515414578605	0.229676743147	0.0498588257283	0.668922973264
S12208	0.0499073836765	0.23616729656	0.0502016476525	0.663723672111
S12215	0.0490663179692	0.233913766871	0.0481305511535	0.668889364007
S12221	0.0501206662082	0.238791995988	0.0476324342037	0.6634549036
S12228	0.0510750578771	0.22673690932	0.0478697356809	0.674318297122
S12231	0.0518193494018	0.228748325286	0.048269169994	0.671163155318
S12240	0.0478597498284	0.234658916663	0.0455024267872	0.671978906721
S12241	0.0492282623584	0.228776202805	0.0495784164442	0.672417118393
S12244	0.0498894157674	0.226534813032	0.0489222266468	0.674653544554
S12245	0.0510231604214	0.229021166304	0.0479964280376	0.671959245237
S12249	0.0501502782443	0.233216598256	0.0468623688109	0.669770754689
S12251	0.0508310411985	0.226043426501	0.0479509456038	0.675174586697
S12261	0.0489807030251	0.224786177767	0.0471412157393	0.679091903469
S12264	0.0502014888188	0.234297006737	0.0497010692083	0.665800435236
S12265	0.0513628574428	0.227522911317	0.0494667661282	0.671647465112
S12271	0.0529014724686	0.229938967686	0.0505470539645	0.666612505881
S12276	0.0487586944946	0.238816759998	0.0479872769281	0.664437268579
S12278	0.0509931307671	0.228586442127	0.050525885711	0.669894541395
S12279	0.0516967338229	0.231926321617	0.049356899336	0.667020045225
S12282	0.0515924490334	0.225307313227	0.0488612903528	0.674238947386
S12285	0.0505162925571	0.230813859278	0.0486363025937	0.670033545571
S12291	0.0515150647416	0.230816406394	0.0469166965595	0.670751832305
S12294	0.0521539294629	0.22783690695	0.048598210197	0.67141095339
S12308	0.0518134536901	0.230201754923	0.0478387023653	0.670146089021
S12335	0.0499825991433	0.224524292446	0.0502523613241	0.675240747086
S12344	0.0507246417111	0.234196780807	0.0478197843048	0.667258793177
S12347	0.0511298790957	0.228195564786	0.0491339138464	0.671540642272
S12348	0.0497701873841	0.232774354001	0.0459061527847	0.67154930583
S12354	0.0485375723472	0.235683681812	0.0463748348813	0.66940391096
S1236	0.0517936557579	0.23256965457	0.0465593218491	0.669077367823
S12365	0.0494262470669	0.230344302992	0.0482513678601	0.671978082081
S12366	0.0530818298367	0.228368551163	0.0495676595013	0.668981959499
S12374	0.0523468440818	0.232752723197	0.0490929118176	0.665807520904
S12385	0.0516748787781	0.230070409427	0.0494632789492	0.668791432846
S1239	0.052611834853	0.226548616199	0.050745868744	0.670093680204
S12391	0.0513729124063	0.233295641515	0.0468769733114	0.668454472768
S12394	0.0523305065151	0.228699018523	0.0478706060212	0.67109986894
S12406	0.0524606387429	0.22961762935	0.0490908684304	0.668830863477
S1241	0.0521124834164	0.22502308813	0.0479363649825	0.674928063471
S12410	0.048893899343	0.228578320632	0.0473082257207	0.675219554304
S12417	0.0527650213403	0.227058840036	0.0492607318551	0.670915406769
S12419	0.0528598488463	0.231647446593	0.0486798707467	0.666812833814
S12428	0.0510865545785	0.227748639244	0.0489258807488	0.672238925429
S12431	0.0524363780405	0.233714841583	0.0492535402762	0.6645952401
S12432	0.0501749106552	0.236985238035	0.048943656269	0.66389619504
S12436	0.0514806577756	0.231573769479	0.0481325696324	0.668813003113
S12437	0.0525338244801	0.228420380285	0.0491884325667	0.669857362668
S12439	0.0515474827457	0.226073250765	0.0489938225233	0.673385443966
S12440	0.0506871602704	0.230975863434	0.0472246067784	0.671112369517
S12441	0.0518878955489	0.222592108294	0.050724013558	0.674795982599
S12447	0.0521938986911	0.229094165605	0.048033062426	0.670678873278
S12450	0.0535405910486	0.226714181955	0.0475530254408	0.672192201555
S12452	0.0491918044125	0.232885957282	0.0485070372545	0.669415201051
S1246	0.0506946594877	0.231922066979	0.0483873132215	0.668995960312
S12463	0.050395281068	0.234390005819	0.04897136826	0.666243344853
S12464	0.0478368241717	0.236207241264	0.0459436414645	0.670012293099
S12488	0.0463191067629	0.235595785472	0.0454641045337	0.672621003231
S12489	0.052207161103	0.225507014923	0.0474130929125	0.674872731061
S12496	0.0489188058181	0.231771835711	0.0465521291797	0.672757229291
S12500	0.0513189592496	0.2293207462	0.0502850995664	0.669075194984
S12501	0.0498314832058	0.232800819232	0.0488516286154	0.668516068947
S1251	0.0512981048909	0.229578949801	0.0486939621751	0.670428983133
S12516	0.0497605498613	0.234704051066	0.0476700830841	0.667865315989
S1252	0.0511506274317	0.230738908442	0.0484381327486	0.669672331377
S12524	0.0527798264371	0.230843632938	0.0488281148237	0.667548425801
S12527	0.0507487608129	0.2278862296	0.0473931492173	0.67397186037
S12535	0.0534532445912	0.220993084628	0.0491391456635	0.676414525117
S12540	0.0517423337938	0.227790758932	0.0494480552538	0.67101885202
S12548	0.0505420697653	0.230479153599	0.0493976321824	0.669581144453
S12556	0.0523454863266	0.230198314711	0.0503565945615	0.667099604401
S12563	0.0522097930241	0.230239944486	0.0494530933788	0.668097169111
S12568	0.0487374591792	0.233999300714	0.0482348431567	0.66902839695
S12569	0.0497739774587	0.231527495798	0.047802135346	0.670896391397
S12570	0.0518029273244	0.227668975369	0.0496083224794	0.670919774827
S12577	0.0522031592739	0.230135068295	0.0480341707212	0.66962760171
S12582	0.0521879588174	0.224995195442	0.0513091432169	0.671507702524
S12583	0.0517188962928	0.23326025243	0.049941688667	0.665079162611
S12585	0.0504502035879	0.232183959226	0.0471405452107	0.670225291975
S12590	0.0490987834442	0.227908673283	0.0453819504735	0.677610592799
S12596	0.0506191778462	0.227733706974	0.0487673068355	0.672879808344
S12597	0.0516300603742	0.229572041891	0.0495246815782	0.669273216156
S12604	0.050170603423	0.230220802641	0.0481294845349	0.671479109401
S12605	0.0501721963677	0.232947451951	0.0474537989747	0.669426552707
S12608	0.0503752561405	0.22661053452	0.0486459090888	0.67436830025
S12617	0.0504479977012	0.235782746231	0.0479484896647	0.665820766404
S12618	0.0499786689852	0.234127822433	0.0468091446347	0.669084363947
S12624	0.0508280503292	0.231627823519	0.0477705867749	0.669773539377
S12628	0.0497677242375	0.229801033835	0.04724257972	0.673188662207
S12637	0.0505712142904	0.231979044082	0.0474701653108	0.669979576317
S12655	0.0502588283628	0.234611515029	0.0487241737146	0.666405482894
S12658	0.0528168630311	0.225411777163	0.0496201357072	0.672151224099
S1266	0.0502136799037	0.23750158072	0.046755814539	0.665528924837
S12665	0.0489112819576	0.23534679288	0.0470937530551	0.668648172108
S12666	0.0508021286542	0.230486877397	0.0478488186228	0.670862175326
S12667	0.0497684284481	0.231855308909	0.0478897761676	0.670486486476
S12675	0.0486723340267	0.234442286387	0.0450294191641	0.671855960422
S12682	0.0508201542843	0.227372658703	0.0497734337999	0.672033753213
S12691	0.0520526861242	0.227585403875	0.0490340686136	0.671327841388
S12704	0.0515969613987	0.231538406194	0.0489462368199	0.667918395588
S12706	0.049596011013	0.231777263923	0.0467253239579	0.671901401106
S12707	0.0513364170417	0.234488830128	0.0494900613674	0.664684691463
S12721	0.0500213802814	0.236839578581	0.047196112268	0.665942928869
S12722	0.0515560621365	0.227367715586	0.0479537817423	0.673122440535
S12731	0.0518691220731	0.22063853975	0.0473316061533	0.680160732023
S12734	0.0481784105301	0.235551600788	0.0466840301212	0.669585958561
S12735	0.0501001593611	0.229924161292	0.0468973928645	0.673078286483
S12736	0.0528264585758	0.221314977264	0.0506376212552	0.675220942905
S12742	0.0531522698381	0.230547587225	0.0501362052879	0.666163937649
S12754	0.0506281276599	0.230757590094	0.0478047660404	0.670809516206
S12760	0.0504840535108	0.230714422185	0.0458420733185	0.672959450986
S12773	0.0505256891749	0.224554812566	0.0488498937932	0.676069604466
S12775	0.0509365321664	0.230506801885	0.0472198905715	0.671336775377
