	Neutrophils	Lymphocyte	Monocytes	Other
S10001	0.00020694109813	0.076859746142	0.000102454980982	0.922830857779
S10006	2.7848624721e-06	0.0778244317643	0.000118187845354	0.922054595528
S1001	0.000278118385029	0.0776067557269	1.50797601024e-08	0.922115110808
S10010	0.000409008621973	0.0769267456023	3.82522445374e-09	0.92266424195
S10011	8.72923507877e-06	0.0781915595954	2.42641468861e-05	0.921775447023
S10014	3.44982505934e-05	0.0772320178622	1.20506797454e-05	0.922721433207
S10026	0.000582350164956	0.0763689098041	0.000740474507203	0.922308265524
S10032	3.11169354127e-05	0.0779048218252	4.17014669327e-05	0.922022359772
S10036	5.93582825557e-05	0.0769815070914	1.19952374977e-07	0.922959014674
S10042	0.000236450968288	0.0774514040795	0.000125642725589	0.922186502227
S10044	0.000102708224388	0.0777121297864	4.85042903516e-05	0.922136657699
S10049	0.000152714580598	0.0772074415374	9.9050757423e-06	0.922629938806
S10057	9.75279629675e-06	0.0771055216294	8.68063671212e-08	0.922884638768
S10062	7.33183758586e-06	0.077764916472	7.81594908741e-05	0.9221495922
S10066	0.000129592481415	0.0776389459645	2.02461784139e-07	0.922231259092
S10067	3.51922593323e-06	0.0776581953663	1.13131726059e-05	0.922326972235
S1007	4.12871155154e-06	0.0776782283998	6.09895614275e-05	0.922256653327
S10073	5.98482407189e-05	0.0768527993255	0.00129580654765	0.921791545886
S10077	6.74522383509e-06	0.0772333042205	2.7249128287e-06	0.922757225643
S10080	1.46301007089e-07	0.0783159797544	5.81892316211e-07	0.921683292052
S10082	0.000276808460105	0.0780646951644	6.28426216172e-08	0.921658433533
S10087	0.000165674355197	0.0774171660584	7.47908006447e-05	0.922342368786
S10089	2.48935679869e-05	0.0776260619419	3.11539102932e-07	0.922348732951
S1009	0.000436847062403	0.0777347974954	0.000249664101178	0.921578691341
S10090	3.79642867095e-05	0.0769561658803	5.0690288866e-05	0.922955179544
S10093	0.000134685816315	0.0765088366565	0.0011058564526	0.922250621075
S10094	8.02506162956e-06	0.0775764228705	4.21087538808e-06	0.922411341193
S1010	5.25536544892e-05	0.0775768478311	2.09041522579e-05	0.922349694362
S10111	0.00133174745216	0.0760547039645	0.000287165401479	0.922326383182
S10116	0.000137106854312	0.0776819803741	0.000376499104967	0.921804413667
S10119	1.02422286993e-05	0.0782586829112	3.86152142302e-05	0.921692459646
S10121	0.000214816766614	0.0753405045633	0.00173743975135	0.922707238919
S10130	0.000225834633686	0.0767146588606	0.000213087044311	0.922846419461
S10140	0.000198770753526	0.0773114702437	5.87072954487e-05	0.922431051707
S10142	8.09135393257e-07	0.0772256847827	3.77424413605e-05	0.922735763641
S10150	9.24021626585e-06	0.0776006437153	4.02009536892e-06	0.922386095973
S10155	0.000387491999372	0.0776789175831	3.32481317556e-05	0.921900342286
S1016	2.4140522253e-05	0.0772184603483	9.06628783014e-05	0.922666736251
S10163	5.59598590645e-06	0.0779432444323	8.23112796719e-06	0.922042928454
S10167	6.77456687513e-05	0.0779419115379	0.000149092033789	0.92184125076
S10168	7.79662717746e-06	0.0778879412448	1.85707633535e-07	0.92210407642
S10173	2.42657660472e-05	0.0785637928891	1.29353402183e-06	0.921410647811
S10175	2.22253291708e-06	0.0779575962766	2.94743423551e-06	0.922037233756
S10179	3.95712157552e-08	0.0781922216927	7.50428494977e-06	0.921800234451
S10186	0.000187357967084	0.0774682895239	6.17245538514e-06	0.922338180054
S1019	0.000171508126122	0.0769956542204	3.785489813e-05	0.922794982755
S10190	2.53126034674e-06	0.0785678658293	3.80360140856e-05	0.921391566896
S10195	0.000229073129631	0.0770796395125	4.70277085612e-05	0.922644259649
S10196	2.08235381794e-05	0.0777919039118	4.03106831986e-06	0.922183241482
S10200	5.65521091537e-05	0.077699263516	4.34203600209e-05	0.922200764015
S10201	0.000477891230075	0.076010055601	1.12411705676e-06	0.923510929052
S10202	5.30489250005e-05	0.0773423236341	6.17048993539e-06	0.922598456951
S10205	0.00123011452863	0.0756360619231	0.000559936457801	0.92257388709
S10211	0.000264946913315	0.0772564311027	1.2845588309e-05	0.922465776396
S10221	0.000132968172943	0.0780318541188	2.44731725353e-05	0.921810704536
S10222	6.39021967737e-05	0.0770638908619	6.4705187678e-09	0.922872200471
S10226	1.66748082615e-05	0.077287193436	0.000245445246648	0.922450686509
S10227	0.000300925578925	0.0777598752188	5.75457699537e-05	0.921881653432
S10228	0.000445802528545	0.0762299237359	0.000748852771087	0.922575420964
S10232	2.88726713186e-05	0.0789207819583	8.16390161209e-08	0.921050263731
S10248	8.54627587629e-05	0.0777151217078	7.75798471479e-05	0.922121835686
S10249	3.99769089236e-07	0.0779429771344	8.72208200449e-08	0.922056535876
S1025	0.000492346250422	0.0771705316509	5.1365492336e-05	0.922285756606
S10266	0.000439928184924	0.0771448765302	7.22081318271e-08	0.922415123077
S10269	0.000307486300906	0.077298858356	7.98135949303e-05	0.922313841748
S10272	5.40482698876e-05	0.0766037718216	0.000211016858962	0.92313116305
S10273	1.62226326093e-05	0.0776534171566	5.31614464645e-05	0.922277198764
S10274	4.76840550333e-06	0.0779200536562	5.34902408942e-05	0.922021687697
S1028	2.39314451194e-05	0.0781660728052	7.26870115618e-08	0.921809923063
S10280	4.17697987506e-07	0.0768942396276	3.50682087516e-06	0.923101835853
S10283	1.93891473349e-05	0.0779637256696	4.23580680111e-05	0.921974527115
S1029	0.000443235587305	0.0769021928068	1.06310849314e-05	0.922643940521
S10292	1.39324571888e-05	0.0783268151609	2.86029761066e-05	0.921630649406
S10294	1.52331183751e-06	0.0778769759791	1.97364106875e-08	0.922121480973
S10302	0.000200550132729	0.078085265691	4.11523107812e-05	0.921673031865
S10303	3.68807051043e-06	0.077986655961	4.57798503189e-06	0.922005077983
S10323	0.00043256280238	0.0768694747285	3.52879951658e-05	0.922662674474
S10326	6.81896211714e-06	0.0772534806306	4.97451509721e-05	0.922689955256
S10328	2.54346186648e-07	0.0775611175685	3.03396343836e-05	0.922408288451
S10329	1.02099734009e-07	0.0777333016566	5.3700167596e-09	0.922266590874
S10336	1.33786746331e-06	0.0776057743053	1.18416607137e-08	0.922392875986
S10340	5.19490756811e-05	0.0780371609155	7.79751273312e-05	0.921832914882
S10347	2.19328168897e-05	0.077075064587	4.28790293331e-09	0.922902998308
S10353	0.000621608643425	0.0775773708867	4.48875026056e-06	0.92179653172
S10356	2.15635583367e-05	0.077604409869	7.91081914807e-06	0.922366115753
S10358	4.73251634911e-06	0.0776753362315	3.20576700399e-08	0.922319899194
S10365	2.57004760521e-08	0.077506357212	6.52394146703e-05	0.922428377673
S1037	3.42827636108e-06	0.0779848760496	5.39256181263e-06	0.922006303112
S10373	9.3149945118e-06	0.0783350044739	3.83632624122e-07	0.921655296899
S10374	1.39825699827e-07	0.0774657737171	4.49286476499e-06	0.922529593592
S10375	0.000146913455507	0.0783767070023	5.00636861374e-07	0.921475878905
S10377	2.16544217364e-06	0.0783941996576	3.07159085802e-05	0.921572918992
S10378	1.08865783204e-05	0.0782992387253	2.49263071108e-05	0.921664948389
S10390	0.000849548100684	0.0759891013316	2.25797699142e-05	0.923138770798
S10391	5.29072624773e-05	0.0775056183051	4.20595461052e-07	0.922441053837
S10393	0.000141516616924	0.0779539347899	5.71751759507e-07	0.921903976841
S10400	4.5167375325e-06	0.0779457204461	3.73684260673e-07	0.922049389132
S10401	0.000465270707441	0.0772739330685	6.64515433138e-06	0.92225415107
S10406	4.80654431812e-05	0.0775233748347	7.97665344277e-09	0.922428551745
S10408	0.000578623226556	0.0772146403994	2.7667979092e-06	0.922203969576
S10409	2.40422510541e-06	0.078519875184	6.46002349005e-05	0.921413120356
S10418	5.01850393132e-05	0.0759448106161	2.97877841827e-05	0.92397521656
S10431	7.35405945929e-08	0.0779325430465	0.000121643671731	0.921945739741
S10438	6.40183231639e-05	0.0774955021721	4.17535736622e-07	0.922440061969
S10439	0.000101450166436	0.0782380187858	4.15075162691e-08	0.92166048954
S10441	6.38398996808e-06	0.0768603067532	9.51145137216e-05	0.923038194743
S10442	0.00056746349306	0.0772114686608	4.03140508964e-05	0.922180753795
S1046	9.62604915827e-09	0.0778400856906	2.61865041339e-05	0.922133718179
S10478	4.47833962037e-05	0.0772933086035	6.91202298933e-05	0.92259278777
S10480	1.31991065687e-05	0.0771129916303	0.00026279305009	0.922611016213
S10484	0.000488127264086	0.0769716652643	8.83392950284e-05	0.922451868177
S10492	2.17548551722e-05	0.0785276538052	7.71318332127e-05	0.921373459506
S10496	8.53527790393e-05	0.0774216606493	3.96706344603e-05	0.922453315937
S10510	0.000123978973114	0.0769525295615	9.16400595095e-08	0.922923399825
S10513	6.36752212451e-05	0.0775243206377	6.94321980626e-06	0.922405060921
S10516	5.25134725748e-06	0.0773644829049	1.7919312069e-08	0.922630247829
S10534	2.17730022529e-09	0.0776148151442	7.6070924521e-07	0.922384421969
S10535	6.44840631992e-05	0.0779442765205	3.53926838567e-06	0.921987700148
S10537	7.83759639149e-06	0.078159783785	2.6405567345e-06	0.921829738062
S1054	1.02313124415e-05	0.0772493931015	2.24231623351e-05	0.922717952424
S10543	9.12790881841e-07	0.0774266108386	3.44304374729e-05	0.922538045933
S10546	4.45796323674e-06	0.0774687997922	3.41451196818e-08	0.922526708099
S1055	0.00012060803515	0.0773613835155	0.000298255878976	0.92221975257
S10551	1.85453321625e-05	0.0779149268171	9.25277692174e-09	0.922066518598
S10552	0.00095409031888	0.0757572242364	5.29793268363e-06	0.923283387512
S10555	3.05014473325e-06	0.0783117935685	6.89150849378e-07	0.921684467136
S10559	1.27209345645e-07	0.0777230002316	3.56310180069e-06	0.922273309457
S1056	0.000139104773607	0.0780310856401	5.70382918723e-05	0.921772771294
S10563	4.32668435159e-05	0.0783492146771	4.56902175196e-05	0.921561828262
S10574	0.000311380793306	0.0774596780234	2.98028561009e-06	0.922225960898
S10576	0.000791730930553	0.0764734058697	1.26113519916e-06	0.922733602065
S10578	3.54322382548e-05	0.0777966797109	1.64000477918e-07	0.92216772405
S10579	2.53058542836e-07	0.0771671622265	4.13148977541e-08	0.9228325434
S10582	2.63507540013e-06	0.0781700121567	9.04435096551e-06	0.921818308417
S1059	1.90574199914e-05	0.0780006228104	1.5635168554e-05	0.921964684601
S10599	2.75327602783e-05	0.0785302842396	0.000112153020843	0.921330029979
S10611	3.41376694146e-05	0.0773768164941	1.99363723205e-05	0.922569109464
S10614	2.06650140115e-05	0.0775141927655	7.28305221939e-05	0.922392311698
S10624	6.58438101931e-06	0.0777454534916	3.57247090648e-05	0.922212237418
S10632	0.000125197063288	0.0769421493751	5.1126313518e-05	0.922881527248
S10634	1.93754084649e-05	0.0778315658563	4.291607931e-07	0.922148629574
S10638	0.000227237265839	0.0765023159583	1.29609306056e-05	0.923257485845
S10644	1.35161323142e-05	0.0784425516733	7.08005447622e-07	0.921543224189
S10649	0.000132498299823	0.0769173485482	3.74234912461e-05	0.922912729661
S10652	0.000189578670473	0.0769487615087	5.02157913244e-06	0.922856638242
S10654	9.63466697043e-09	0.0769061128892	3.87212010253e-06	0.923090005356
S10655	0.000175477936935	0.0771284681004	1.25966943929e-07	0.922695927996
S10656	1.49268786328e-05	0.0779387564461	2.11898788211e-06	0.922044197687
S10657	0.000105006236928	0.0778803752126	3.5404642471e-05	0.921979213908
S10658	5.92660986418e-05	0.0779789154011	8.00259039566e-07	0.921961018241
S10660	1.06680930405e-05	0.0776737477052	2.55714554939e-05	0.922290012746
S10661	5.7440174732e-06	0.0776881673508	1.83937886582e-05	0.922287694843
S10676	1.43186721496e-06	0.0774340374818	6.31620314249e-06	0.922558214448
S1068	6.60581260836e-06	0.077875080681	1.27400180701e-05	0.922105573488
S10681	0.000477457252169	0.0755984691181	7.71959826845e-05	0.923846877647
S10686	0.000387940691629	0.0772414277851	2.38587640784e-05	0.922346772759
S10688	0.000196600300783	0.0770203200907	2.70987486391e-07	0.922782808621
S10690	1.81586296213e-06	0.0771477534785	6.47219056677e-06	0.922843958468
S10698	7.89758941984e-06	0.0781343878626	4.76014165326e-08	0.921857666947
S107	2.02145763423e-05	0.0782467961957	1.98682850344e-07	0.921732790545
S10703	2.0506471284e-08	0.0779620026744	7.55131988715e-07	0.922037221687
S10726	3.5675033731e-06	0.0776370350932	5.70545046082e-07	0.922358826858
S10729	4.86540258312e-09	0.0774518986771	4.25287319752e-05	0.922505567726
S10733	8.80884301328e-06	0.0775728249607	6.82066698372e-07	0.92241768413
S10734	0.00112851277234	0.0771381547407	7.39337748011e-07	0.921732593149
S10735	6.03136026227e-05	0.0780648708534	3.58835905096e-05	0.921838931954
S10740	0.000366825130746	0.0775250457075	0.000261429457654	0.921846699704
S10745	9.24640639278e-05	0.0773203549717	3.87205629995e-05	0.922548460401
S10748	3.3424328808e-05	0.0776134812736	4.42782947288e-07	0.922352651615
S10753	1.45567708054e-06	0.0782398431484	8.4927380811e-05	0.921673773794
S10756	0.000993752932066	0.0767405642531	9.40552433684e-09	0.922265673409
S10757	1.97668533599e-05	0.0776131917523	1.99911963244e-05	0.922347050198
S1076	4.61214735645e-05	0.0781559327898	1.32880349765e-05	0.921784657702
S10764	0.000432088274214	0.0765360926255	7.78509569876e-05	0.922953968143
S10767	8.01945007741e-10	0.0783217848464	2.51566254962e-06	0.921675698689
S10776	8.77139063937e-09	0.0776106339442	5.5654022677e-05	0.922333703262
S10778	8.77758154281e-08	0.0776933353401	9.99995927832e-07	0.922305576888
S10784	5.47087926322e-06	0.0774761111276	5.86855057302e-07	0.922517831138
S10787	4.61861130925e-09	0.078169817608	5.61875044722e-05	0.921773990269
S10800	0.000382394036685	0.0779141756837	1.92345990814e-05	0.921684195681
S10805	1.33029325998e-05	0.0774727638672	3.37243268088e-07	0.922513595957
S10813	1.2672900922e-05	0.0774951177474	4.31285102192e-05	0.922449080841
S10814	0.000461594202681	0.0745734091835	0.00102156561365	0.923943431
S10815	0.000179196826096	0.0768951018209	1.51079081802e-05	0.922910593445
S10817	6.40258067343e-05	0.0776217816554	2.9002778321e-05	0.92228518976
S1083	0.000251695352546	0.0772943607163	4.48924935303e-05	0.922409051438
S10835	9.26439488475e-06	0.0778218133572	2.76701283729e-07	0.922168645547
S10838	0.000127863511576	0.0771777777549	1.67528834401e-06	0.922692683445
S10844	6.34985065451e-05	0.077675670323	2.8971160808e-05	0.92223186001
S10845	0.000668407517468	0.0762373577668	3.81147912044e-05	0.923056119925
S10846	0.000379053391767	0.0785361390436	4.30418296534e-06	0.921080503382
S10853	2.83472182309e-05	0.0777555424955	5.80353532464e-08	0.922216052251
S10854	4.47259280574e-07	0.0780031623159	0.000109854302522	0.921886536122
S10865	0.000230495043786	0.0773220232608	6.07404574966e-05	0.922386741238
S10866	0.000148829230416	0.0772125460689	0.000176439501162	0.9224621852
S10869	2.55524342823e-06	0.0776265150354	1.32177172973e-06	0.922369607949
S10873	2.80421668044e-07	0.0777629101288	1.41909909051e-05	0.922222618459
S10876	5.31915841726e-05	0.0784818143944	4.46371152976e-08	0.921464949384
S10883	1.64297606511e-05	0.0779870483316	4.64872239529e-06	0.921991873185
S10885	1.56268392217e-05	0.0785174036374	3.53305281635e-06	0.921463436471
S10893	0.000539757745543	0.0772614734883	5.93336451142e-05	0.922139435121
S10895	1.65437089386e-05	0.0774211966641	8.66477756051e-06	0.922553594849
S10902	0.000977348172989	0.0771759390142	2.64948597148e-06	0.921844063327
S10903	2.72240076872e-05	0.0779676229008	1.52238009995e-06	0.922003630711
S1092	7.44989975841e-05	0.0770904999733	1.53129507105e-07	0.9228348479
S10925	1.83208955468e-06	0.0776314532034	3.95283028288e-08	0.922366675179
S10927	2.51547461073e-05	0.0780878470116	2.37064701336e-07	0.921886761178
S10936	9.7437400668e-06	0.0779305676031	5.37157121642e-05	0.922005972945
S10945	0.000514767949278	0.0771674708019	0.000154654867662	0.922163106381
S10947	0.00065868097885	0.0759374367072	6.3343335564e-09	0.92340387598
S10949	5.58952211509e-05	0.0780254904687	1.26713999353e-05	0.92190594291
S1095	0.000299991833661	0.0761061766309	0.000241326076982	0.923352505458
S10961	1.30664309557e-08	0.0772274135175	1.36292602053e-05	0.922758944156
S10969	0.000194699353806	0.0772114227723	1.93944451769e-09	0.922593875934
S10972	0.000431691769425	0.0773096650111	1.02173576444e-06	0.922257621484
S10973	2.00051464917e-05	0.0775996878614	5.09600169447e-07	0.922379797392
S10978	7.46074897952e-05	0.0771167908183	0.000106011493639	0.922702590198
S10979	0.000558179196059	0.0769062585044	1.34891614941e-06	0.922534213383
S10986	2.02682870792e-05	0.0777003380914	2.82805959753e-05	0.922251113026
S10989	0.000237374472336	0.0769038991357	0.000183689848857	0.922675036543
S10995	0.000328351965982	0.0772045272959	0.000127262500177	0.922339858238
S11005	3.26168454337e-06	0.0783378394707	1.06196907918e-05	0.921648279154
S11008	0.000414351072065	0.0767787487514	7.43826615628e-05	0.922732517515
S11010	1.14779516216e-05	0.0756125730969	6.72128628231e-09	0.92437594223
S11013	2.14484310014e-06	0.0780392104414	4.96258068094e-05	0.921909018909
S11016	0.000315634057599	0.0778200275521	0.000204285034637	0.921660053356
S11017	7.42293449279e-06	0.0767469777282	0.00156286656379	0.921682732774
S11020	0.000354218037506	0.0781857675398	1.7596247852e-05	0.921442418175
S11027	0.000353035257639	0.0774495412763	8.58646544871e-06	0.922188837001
S11035	0.000464343716167	0.0772356452572	6.06907084912e-05	0.922239320318
S11041	0.000184282443739	0.0769604653737	0.000112793850881	0.922742458332
S1106	0.000589667025567	0.0769952294657	1.26621834105e-08	0.922415090847
S11071	4.15936913111e-05	0.0788217747992	8.21629795049e-05	0.92105446853
S11076	4.87674585521e-07	0.0776416556367	7.8699856128e-06	0.922349986703
S11078	8.95959813628e-06	0.0780057375182	2.64897354189e-05	0.921958813148
S11081	0.000360635965366	0.077097345922	0.000769315955531	0.921772702157
S11086	1.74537260217e-05	0.0775920630276	5.28965513635e-05	0.922337586695
S1109	2.1780361118e-06	0.0787028543571	2.26553629917e-06	0.921292702071
S11096	0.000187265371538	0.0781673830522	3.28270985272e-06	0.921642068866
S11100	0.00103578267447	0.0746010882859	0.00163725266671	0.922725876373
S11107	2.49862996414e-06	0.0779252130159	6.62467991404e-08	0.922072222107
S11109	1.78858582879e-05	0.0769686850686	2.62623487968e-05	0.922987166724
S1111	7.18669416626e-06	0.0779528581756	2.40163177049e-05	0.922015938812
S11119	0.000785562484654	0.0749602796862	0.00117306222464	0.923081095604
S11127	4.48014473428e-06	0.0781768972687	6.36095927915e-10	0.92181862195
S11136	0.000136651316923	0.0776751786864	9.09541046653e-07	0.922187260456
S11147	0.000104381314481	0.077012649606	4.30068002699e-05	0.922839962279
S11150	0.000253508564551	0.077227211652	2.3366738741e-05	0.922495913045
S11152	1.39690102133e-05	0.0767474365321	0.000322949095925	0.922915645362
S1116	7.12427506344e-05	0.0785622286348	2.04919282748e-06	0.921364479422
S11163	2.7589380166e-05	0.0774649668262	5.13401267563e-07	0.922506930392
S11164	6.21177458342e-07	0.0776105632548	2.87724008684e-08	0.922388786795
S11166	2.63242980509e-06	0.0766891739992	1.07989185523e-05	0.923297394652
S11173	9.97448485686e-06	0.0782014359842	9.77371517912e-09	0.921788579757
S11174	6.08729377908e-10	0.0776332206131	0.000139793976033	0.922226984802
S11182	3.11421579224e-05	0.0782086188188	1.67138291029e-05	0.921743525194
S11188	1.28847620517e-05	0.0777274001204	8.35747226216e-08	0.922259631543
S11189	3.25839649622e-05	0.0781137967474	6.20409781353e-06	0.92184741519
S1119	3.22715737706e-06	0.0786724625475	3.54217879464e-06	0.921320768116
S11195	1.81091599955e-07	0.0790170858615	1.69099475679e-05	0.920965823099
S11197	4.96007373303e-06	0.0767439239523	3.41548669965e-07	0.923250774425
S11198	0.000517743317275	0.0763785221626	0.000140341149859	0.92296339337
S11211	0.000194236744981	0.0776911048828	6.11872801563e-07	0.922114046499
S11214	1.22035949387e-05	0.0778636058505	6.56300670563e-06	0.922117627548
S11216	8.98005230822e-05	0.0784277143614	1.66674187902e-05	0.921465817697
S11224	1.18288792063e-05	0.0773635804071	6.15241301675e-05	0.922563066584
S11236	4.76946683571e-05	0.0783529706251	4.45766949086e-07	0.92159888894
S11241	0.000731894732362	0.0765563849442	0.000232527464228	0.922479192859
S11243	1.88010625153e-05	0.0772219686783	6.26302993344e-05	0.92269659996
S11245	0.000585232755888	0.0765805997329	9.48500681743e-07	0.92283321901
S11249	2.76710010053e-06	0.0773238950044	3.2963042553e-05	0.922640374853
S11274	0.000405808206075	0.0767544073649	3.19338584245e-05	0.922807850571
S11280	1.29646721509e-05	0.0780483025724	1.52887725751e-05	0.921923443983
S11281	0.00012800928867	0.0770090628856	9.4969877575e-05	0.922767957948
S11285	9.36089294951e-06	0.0774178349658	4.16251663663e-05	0.922531178975
S11298	1.78643257575e-05	0.0780114760796	1.65129988392e-06	0.921969008295
S11311	8.07486397463e-08	0.0777321793828	2.77749692813e-05	0.922239964899
S11312	1.91606627519e-05	0.078079863414	7.47908536773e-06	0.921893496838
S11316	5.75098157863e-06	0.077959291862	2.17357590084e-06	0.92203278358
S1133	8.98583109733e-06	0.0773488343212	5.61938516443e-06	0.922636560463
S11330	5.89731493607e-06	0.0771668801816	2.64170584954e-06	0.922824580798
S11332	6.21218603554e-06	0.0782699439902	0.000147464742717	0.921576379081
S11334	2.68837288052e-06	0.0780087479304	0.000493214142204	0.921495349554
S11335	1.4714833807e-05	0.0776691902584	4.53580334842e-08	0.92231604955
S11345	0.000480773583124	0.0769132174865	3.02395888368e-05	0.922575769342
S11349	0.000133728867346	0.0784852188405	4.32406538258e-05	0.921337811638
S1135	6.96992148429e-07	0.0778100127123	7.11651632197e-09	0.922189283179
S11352	0.000344004517365	0.0774017929495	5.07872572622e-05	0.922203415276
S11353	6.00567829103e-05	0.0774048010175	7.98889048713e-05	0.922455253295
S11368	0.000519369754707	0.0772842877546	3.49440824622e-05	0.922161398408
S11369	0.00106349294363	0.0762940480072	6.9413592553e-10	0.922642458355
S11371	0.000260652802212	0.0772653273218	3.07208777199e-06	0.922470947788
S11377	9.02246289152e-05	0.0773672511343	2.50698477128e-08	0.922542499167
S11378	9.00151567457e-08	0.0770281247825	8.3109294355e-05	0.922888675908
S11383	3.93761048991e-06	0.0786314129674	1.13756094196e-06	0.921363511861
S11384	5.66314010257e-05	0.0776062877122	7.89861818932e-05	0.922258094705
S11392	3.21742313165e-06	0.0776376644536	1.79373155563e-07	0.92235893875
S1140	0.000102538494829	0.0765584086231	7.75757693826e-06	0.923331295305
S11410	8.78674283972e-05	0.0778557401097	1.9398229964e-08	0.922056373064
S11411	9.28750319312e-05	0.0746197795497	0.002260329141	0.923027016277
S11414	1.0393967243e-07	0.0774572049256	2.85066243576e-06	0.922539840472
S11419	0.000166484027987	0.0749282999179	0.00243958098329	0.922465635071
S11424	1.29444209142e-06	0.0776360419715	6.92627894315e-05	0.922293400797
S11425	9.82371961047e-08	0.077738757584	1.72262582482e-09	0.922261142456
S11433	0.000272643593137	0.0783358611065	9.95666803754e-06	0.921381538632
S11434	5.13187789949e-05	0.0783795146794	4.72186451993e-06	0.921564444677
S11436	5.64226121606e-05	0.0779803266715	4.1723465696e-05	0.921921527251
S11437	1.48391489553e-06	0.0779100925409	1.24783971599e-05	0.922075945147
S11440	0.000162188877267	0.0773852901156	2.25232676664e-07	0.922452295774
S11449	0.000172896469276	0.0772961425499	1.7606163472e-06	0.922529200365
S11459	2.21674719872e-06	0.0780034262211	1.83745270496e-05	0.921975982505
S11477	1.79992056858e-08	0.0781081293948	1.82591842609e-05	0.921873593422
S11480	7.18049225577e-05	0.0772369715657	1.8213034789e-07	0.922691041381
S11486	5.39569945113e-05	0.0765747938817	7.04146970116e-06	0.923364207654
S11501	2.02553941408e-06	0.0762121581871	9.90486964578e-06	0.923775911404
S11504	6.67148963432e-06	0.0773781457137	5.95484715279e-07	0.922614587312
S11507	0.000177950505525	0.0757813108195	0.00131868656347	0.922722052111
S11518	0.000641031886403	0.0778045102992	2.29760748776e-06	0.921552160207
S11525	0.00014701453137	0.077160226959	0.000104633880812	0.922588124629
S11531	3.22141970804e-06	0.0777413667994	2.64974959575e-07	0.922255146806
S11532	1.58159041578e-07	0.0769217517709	0.000996784371473	0.922081305699
S1154	6.27371043687e-06	0.0778983459603	3.03221369653e-05	0.922065058192
S11542	1.97286599795e-05	0.0773777350587	3.06617533507e-07	0.922602229664
S11543	6.61457930938e-06	0.0778237776161	3.3742946128e-05	0.922135864858
S11546	3.1198750607e-06	0.0779654845588	5.46833861846e-05	0.92197671218
S1155	5.68370734365e-06	0.0774954194731	6.96955929093e-05	0.922429201227
S1156	0.000437751279299	0.0763107931343	2.21754045719e-05	0.923229280182
S11568	0.000204607989537	0.075305590898	0.00132494715394	0.923164853959
S11576	1.15623535685e-06	0.0780991529095	1.41779961024e-05	0.921885512859
S11584	0.000978134058948	0.07601933094	8.38169199183e-05	0.922918718081
S11586	7.06145710446e-05	0.0782721900804	3.06920338492e-05	0.921626503315
S11590	7.40556816812e-05	0.0776345090134	2.33824348443e-05	0.92226805287
S11592	0.000135271033461	0.0775640350984	3.97124275854e-05	0.922260981441
S11593	6.52202398319e-05	0.077744028991	0.00013052750544	0.922060223264
S11599	1.72376339308e-06	0.0775486820148	2.68727892795e-09	0.922449591535
S1160	0.000195290472891	0.0776453946457	2.24757629533e-06	0.922157067305
S11610	0.000281124362294	0.0773720407895	3.98178192602e-06	0.922342853066
S11615	1.61104835078e-05	0.0779474906852	4.46600417042e-06	0.922031932827
S11629	1.84864403e-05	0.0779445913308	0.000157613853959	0.921879308375
S11631	8.13362087373e-05	0.0776966048472	1.65323428651e-07	0.922221893621
S1164	6.69171332993e-09	0.0775679784428	0.000229465516765	0.922202549349
S11642	2.02927364939e-05	0.076643685539	7.80009453839e-05	0.923258020779
S11656	0.000223005534894	0.0775465294552	1.6274500588e-05	0.922214190509
S11663	4.98180187056e-05	0.0777580993665	9.15076103302e-06	0.922182931854
S11667	0.00059317600757	0.0778719972884	4.03447964422e-08	0.921534786359
S11668	7.03022020137e-05	0.0775235208242	2.19353823174e-09	0.92240617478
S1167	1.94984635848e-08	0.0777681412921	1.88374005781e-06	0.922229955469
S11673	2.29170128094e-05	0.0770661474944	1.13811543169e-07	0.922910821681
S11682	0.000128396358941	0.0775378903285	0.000279808734044	0.922053904579
S11693	0.000136649817615	0.0779691925277	6.67307232153e-09	0.921894150982
S11696	3.22368439612e-05	0.0779045451296	3.84498466096e-06	0.922059373042
S11699	0.00104804594567	0.0764416461131	5.57807308998e-06	0.922504729868
S117	2.7789227364e-06	0.0766473470101	6.73130303009e-05	0.923282561037
S1170	0.00139059350377	0.0762199473633	4.24535257253e-05	0.922347005607
S11709	2.63678095304e-06	0.0763374889096	0.000350297842943	0.923309576466
S11713	2.87032254351e-07	0.0777466069803	8.54262548912e-09	0.922253097445
S11717	0.000132814965879	0.0775189061109	0.000303575978736	0.922044702944
S1173	2.17170335675e-06	0.0772362300304	2.98632970336e-05	0.922731734969
S11731	2.08749986134e-05	0.0773647443184	1.82209254532e-05	0.922596159758
S11732	8.77114827909e-05	0.0775883969696	2.78759351573e-06	0.922321103954
S11733	3.37680184284e-07	0.0780022787413	1.05641647662e-07	0.921997277937
S11734	1.04716257907e-05	0.0771493829302	2.06159525774e-05	0.922819529491
S11735	0.00044877756873	0.0773898883414	1.79988991866e-05	0.922143335191
S11737	0.000109514943659	0.0770935638023	5.62857709765e-06	0.922791292677
S11745	4.32987835946e-05	0.0781523555791	1.51223760823e-07	0.921804194414
S11760	0.000121153518083	0.0769099934284	0.000103963479905	0.922864889574
S11761	9.42859298905e-06	0.0791398025052	3.43385437684e-06	0.920847335047
S11769	0.000145465331026	0.0772838747294	5.40328901936e-10	0.922570659399
S11783	1.44637419881e-06	0.077847006916	1.42470768324e-08	0.922151532463
S11784	8.49366709292e-05	0.0772947092926	5.11617234182e-08	0.922620302875
S11786	2.6387790605e-08	0.0783248226593	4.1610661161e-05	0.921633540292
S11797	0.000198192580632	0.0775224090094	0.000615278489008	0.921664119921
S11799	6.08149102187e-05	0.077244921627	2.24116589139e-07	0.922694039346
S118	0.000299659418738	0.0773856167495	4.85720352878e-05	0.922266151796
S11800	5.21279123938e-06	0.0778524108024	3.11636638725e-06	0.92213926004
S11802	0.000268227568473	0.0774167837421	1.44299999468e-06	0.922313545689
S11806	0.000300281424876	0.076756725192	3.88071265032e-07	0.922942605312
S11807	6.67740015776e-05	0.0791099871836	8.07968581988e-06	0.920815159129
S11810	3.39800256919e-06	0.077415225772	0.000103600465811	0.92247777576
S11811	0.000603026508106	0.0772199007566	0.000213257431411	0.921963815304
S11812	7.22609370325e-07	0.0771291811381	1.68632647732e-05	0.922853232988
S11820	1.26742738701e-07	0.0775319138064	2.60270833531e-06	0.922465356743
S11822	0.000355213065882	0.0765427084839	1.037234355e-08	0.923102068078
S11823	3.42855516675e-07	0.0776307513274	1.61221261588e-07	0.922368744596
S11826	0.000672829191737	0.0767655110799	3.64716670867e-05	0.922525188061
S1183	9.3353695408e-06	0.0772037565049	3.40091275255e-05	0.922752898998
S1184	0.0002882737059	0.0774075559308	8.9610568069e-05	0.922214559795
S11842	1.42602411089e-05	0.0775975480992	0.000304414016038	0.922083777644
S11843	4.16527130684e-06	0.0773438058669	8.25984627801e-06	0.922643769015
S11844	3.11849330439e-07	0.0779231164695	9.02155261255e-07	0.922075669526
S11850	1.66577249342e-07	0.0773141973105	0.000352683848125	0.922332952264
S11853	0.000105571349838	0.0773959788526	4.28236845497e-05	0.922455626113
S11857	4.19790284153e-06	0.0768480234756	9.40508535039e-06	0.923138373536
S11858	1.46130663588e-09	0.0775068382826	2.78970566383e-06	0.92249037055
S11860	2.83663962472e-05	0.0783459256195	1.23972850722e-07	0.921625584011
S11864	0.000412545953087	0.0771802014844	9.26767217001e-06	0.92239798489
S11870	2.32913259402e-06	0.0774891982778	4.19665710859e-06	0.922504275932
S11875	1.94043244355e-08	0.0777895949726	1.19622383891e-05	0.922198423385
S11877	0.000151476078519	0.0766225907387	9.15683258048e-06	0.92321677635
S11878	6.47701252092e-09	0.0796382863735	9.88310992947e-06	0.92035182404
S11882	0.000439242350378	0.0762839471662	7.25990806191e-05	0.923204211403
S11883	0.000136389783074	0.0762627610875	0.000245929107643	0.923354920022
S11884	7.79778587762e-05	0.0778221017063	4.14863677866e-05	0.922058434067
S11886	8.09664779631e-06	0.0776900013365	2.41500136292e-08	0.922301877866
S11897	0.000738409030069	0.0769262452393	0.000176505914713	0.922158839816
S1190	1.1275483182e-05	0.0769988974542	2.85929563799e-05	0.922961234106
S11903	0.000474145845014	0.0768986450077	1.98397319354e-06	0.922625225174
S11905	1.79008514052e-05	0.076936925447	2.87504135445e-08	0.923045144951
S11907	6.34893430256e-05	0.0780001457854	6.14719247781e-07	0.921935750152
S11914	2.08474475936e-05	0.0774494946488	0.00021475903178	0.922314898872
S11917	0.000322120518124	0.0773830708251	0.000113470590109	0.922181338067
S11928	9.57584167309e-05	0.0779145635371	0.000164187558547	0.921825490488
S11929	0.000595015803647	0.0771846226428	2.5572331039e-09	0.922220358996
S1193	0.000525570220143	0.0763187107468	2.50243992971e-07	0.923155468789
S11930	0.0012974393085	0.0757742721517	1.24019771018e-07	0.92292816452
S11934	0.000514860927284	0.0767116725029	8.93774474927e-06	0.922764528825
S11939	0.000116757410224	0.0773220119321	4.71472452506e-05	0.922514083412
S11944	6.7882564344e-05	0.0778228174147	6.80952552373e-05	0.922041204766
S11945	0.00067290810837	0.0772628305988	5.3255962014e-06	0.922058935697
S11957	0.00085137027928	0.0760717421495	2.25428759697e-06	0.923074633284
S11958	2.23284978167e-06	0.0773479403516	0.000215675642366	0.922434151156
S1196	2.86889389062e-05	0.0768690693647	1.85867788127e-05	0.923083654918
S11960	0.000571229952236	0.074817077541	0.0021720401662	0.922439652341
S11965	1.27919112705e-05	0.0773543543345	2.33704632724e-05	0.922609483291
S11967	2.01332382873e-06	0.0772446048744	8.17379730148e-08	0.922753300064
S1197	3.653872561e-06	0.0770700756909	6.16054187581e-06	0.922920109895
S11973	2.10307596558e-08	0.0788610976968	1.71747372026e-05	0.921121706535
S11974	3.657418954e-06	0.0777207168571	2.020551973e-07	0.922275423669
S11980	4.50577305558e-09	0.077033418102	0.000116739652112	0.92284983774
S11985	6.79840547271e-06	0.0775370211884	6.95558143644e-06	0.922449224825
S11987	0.000104857316805	0.0771086243094	0.000203170648353	0.922583347725
S11993	0.000135324843739	0.0776350851	1.57139351646e-05	0.922213876121
S12001	2.72906124428e-05	0.0769741520038	2.85986742284e-08	0.922998528785
S12004	0.000286755954201	0.0771508468609	2.54962527004e-05	0.922536900932
S12006	2.28104690283e-05	0.0773005149692	4.40056117282e-05	0.92263266895
S12010	0.000153945731496	0.0770641448552	3.8136285955e-05	0.922743773127
S12011	1.63444405242e-05	0.0781604916327	4.3656808696e-07	0.921822727359
S12012	0.000673496763694	0.0759944897935	4.25650309027e-06	0.92332775694
S12022	0.000551984491544	0.0767651722026	5.21986676803e-06	0.922677623439
S12043	3.18865928886e-10	0.077841407135	2.38814841239e-06	0.922156204398
S12052	5.08855769198e-07	0.0782238864152	3.14353896445e-05	0.921744169339
S12056	0.000637882498967	0.0774315804418	9.49778245472e-06	0.921921039277
S12057	0.000248295060215	0.0771697520315	3.58973674502e-05	0.922546055541
S12058	1.3885357341e-05	0.0767180586341	2.24965647303e-07	0.923267831043
S12061	0.000446921839843	0.0773858202913	0.000104558872767	0.922062698996
S12064	9.06592601991e-06	0.0780472866679	0.000365370465411	0.921578276941
S12073	1.81869205648e-05	0.0780692629662	3.44902102443e-07	0.921912205211
S12076	0.00062676033262	0.0760808150226	1.0411856435e-07	0.923292320526
S12079	2.85221165859e-05	0.0773890520168	2.06807457161e-05	0.922561745121
S12089	3.25899949403e-09	0.0773797640074	1.55169830205e-06	0.922618681035
S12098	0.000392179897238	0.0769597028688	0.000191770333044	0.922456346901
S1210	5.07839517825e-08	0.0771922592442	2.25664588576e-05	0.922785123513
S12101	2.97615698221e-07	0.07708249904	2.03723585782e-05	0.922896830986
S12105	8.10232390235e-08	0.0782734314506	6.19121662993e-09	0.921726481335
S12106	3.11514968578e-07	0.0771677764741	1.07257263294e-05	0.922821186285
S1212	1.09843057811e-07	0.0770058219599	1.62623691855e-08	0.922994051935
S12120	1.91329521687e-08	0.074767738378	0.0015832482729	0.923648994216
S12129	2.26083937541e-05	0.0776496987484	4.12893407615e-08	0.922327651569
S12137	8.50680343939e-05	0.0775733214509	4.11420680594e-06	0.922337496308
S12140	0.000572723749604	0.0764608838089	5.53706224998e-05	0.922911021819
S12159	2.05969820286e-05	0.0784508750519	8.13021377452e-06	0.921520397752
S12170	7.86512159852e-05	0.0750852032618	0.00173231508289	0.923103830439
S12178	1.41299556174e-05	0.0768013555797	0.000257067388467	0.922927447076
S12179	5.52389992269e-05	0.0776184175527	4.5388982572e-05	0.922280954465
S1218	0.000247722599303	0.0775925288729	0.000172158421248	0.921987590107
S12182	1.36199405985e-05	0.0771305505007	5.48925501395e-06	0.922850340304
S12196	0.000253119025408	0.0781566416055	7.51736623544e-09	0.921590231852
S12198	0.000182578889511	0.0777454240244	3.63033586618e-05	0.922035693727
S1220	0.000117865568477	0.0774755809843	2.0633460625e-06	0.922404490101
S12200	0.000622868081291	0.0763941511839	2.24840394501e-06	0.922980732331
S12202	6.7659115645e-05	0.0767338084913	1.59075152554e-05	0.923182624878
S12206	0.000216897627918	0.0779776520488	2.79695568963e-07	0.921805170628
S12208	0.000430279359184	0.0771592796983	3.89223519257e-05	0.922371518591
S12215	7.34275440482e-05	0.0777717849458	8.97613652088e-05	0.922065026145
S12221	4.72183043757e-06	0.0769859306056	2.39166584895e-06	0.923006955898
S12228	5.44477270818e-05	0.0784828063553	4.75999998676e-05	0.921415145918
S12231	8.4476136397e-06	0.0770339811573	2.48300313902e-08	0.922957546399
S12240	8.5154984859e-05	0.0777053084796	1.651479454e-05	0.922193021741
S12241	4.47241597304e-06	0.0775455617024	3.57890334226e-08	0.922449930093
S12244	0.00048207219802	0.0766429889536	7.37267631562e-05	0.922801212085
S12245	0.000104341066841	0.0772463473276	1.45949419519e-05	0.922634716664
S12249	1.01802906236e-07	0.0784896359869	2.52010809468e-06	0.921507742102
S12251	1.59717849456e-08	0.0776247512759	4.10490275541e-06	0.92237112785
S12261	3.32348262373e-06	0.0764645207646	9.41174382543e-06	0.923522744009
S12264	7.49545484673e-05	0.0775586434154	1.95683139822e-05	0.922346833722
S12265	0.000121703268029	0.0770848013954	0.000204046607374	0.922589448729
S12271	8.17894433989e-05	0.077359172125	4.36783527824e-08	0.922558994753
S12276	9.36764151757e-07	0.0782628351217	4.4747387816e-05	0.921691480726
S12278	0.000305150658918	0.0768806711705	6.12901108802e-05	0.92275288806
S12279	2.07196106365e-05	0.0787962558816	0.000102625126819	0.921080399381
S12282	1.32376025897e-05	0.0779238755466	1.32639144085e-07	0.922062754212
S12285	3.49747950242e-05	0.0775024583341	1.90462013486e-06	0.922460662251
S12291	0.000168734855862	0.0771491603581	8.37038817261e-06	0.922673734398
S12294	0.000500695351556	0.076844937717	2.50985447297e-05	0.922629268387
S12308	0.00104658334603	0.0757166355964	3.12088871548e-07	0.923236468969
S12335	8.77509656786e-06	0.0774238195291	2.54475749425e-05	0.922541957799
S12344	8.52080813934e-05	0.0788506076586	5.18240345059e-07	0.92106366602
S12347	2.2942902064e-06	0.0776898127732	2.4499635096e-05	0.922283393301
S12348	0.000100931142991	0.0782349069948	1.3280624794e-05	0.921650881237
S12354	3.53437190907e-07	0.0769099632179	2.06516560053e-07	0.923089476828
S1236	0.001104891477	0.0760830121877	8.31833293195e-06	0.922803778002
S12365	2.71457147523e-06	0.0762345371413	0.00149728465476	0.922265463632
S12366	0.000200172556668	0.0773238799889	5.28532513586e-05	0.922423094203
S12374	9.93472953446e-05	0.0775484308617	2.88839464434e-05	0.922323337897
S12385	2.98957142108e-05	0.0780170843065	1.86685154104e-08	0.921953001311
S1239	8.06620208932e-05	0.0776166245436	2.72627977969e-05	0.922275450638
S12391	6.63380969557e-06	0.0771374848277	3.62352965593e-06	0.922852257833
S12394	5.26988537183e-06	0.0777010679409	1.60902698481e-05	0.922277571904
S12406	0.000127393326958	0.0776369338009	2.54342447675e-05	0.922210238627
S1241	1.46946373304e-05	0.0777004127744	2.48055581832e-05	0.92226008703
S12410	1.85000953112e-06	0.0774926349324	1.03130438169e-07	0.922505411928
S12417	1.13432425823e-07	0.0769445820052	4.50037724383e-05	0.92301030079
S12419	1.33697488429e-05	0.0778909566846	0.000291421096364	0.92180425247
S12428	1.22745642449e-07	0.0776075479677	4.45779975101e-05	0.922347751289
S12431	3.4347840444e-06	0.0776921094885	1.4143572167e-05	0.922290312155
S12432	4.86144757766e-06	0.0778985587732	2.13151476956e-06	0.922094448264
S12436	1.94705772221e-06	0.0778493311844	3.12010516471e-05	0.922117520706
S12437	0.00114563021969	0.0768982008233	3.59171764741e-06	0.921952577239
S12439	1.65811245928e-05	0.0781118115205	1.31148204741e-05	0.921858492534
S12440	0.00010800105881	0.0771644520354	0.000273932184975	0.922453614721
S12441	4.15109634242e-06	0.0770823481494	6.3920348639e-08	0.922913436834
S12447	3.84569486568e-07	0.0780429121389	5.2949215501e-05	0.921903754076
S12450	9.89976251673e-05	0.0771058204332	1.93367261431e-05	0.922775845216
S12452	0.000131171166093	0.0772706893004	2.58250502969e-05	0.922572314483
S1246	0.00018170543479	0.0772060317742	3.6505322452e-05	0.922575757469
S12463	7.35191753412e-06	0.0773741280424	2.43678868059e-07	0.922618276361
S12464	3.82478191611e-09	0.0780223127486	2.58823789186e-05	0.921951801048
S12488	7.27598244839e-08	0.0776436184986	3.6259948941e-05	0.922320048793
S12489	0.00114956762446	0.0761481116783	7.22630487805e-10	0.922702319975
S12496	7.43258178807e-05	0.0784936181613	2.846627937e-08	0.921432027555
S12500	0.000483421514301	0.0759858842481	0.000169048796053	0.923361645442
S12501	8.98060735748e-09	0.0779434387178	2.26352330854e-05	0.922033917068
S1251	5.53815584252e-05	0.0772781999492	9.78919733916e-09	0.922666408703
S12516	0.000208950546647	0.0779977028011	4.41102081225e-05	0.921749236444
S1252	7.45944396125e-06	0.0777668490958	0.000202310867636	0.922023380593
S12524	9.52346553057e-07	0.0776160481897	1.44307056843e-08	0.922382985033
S12527	2.94958354819e-07	0.0770094285468	1.55998523308e-05	0.922974676643
S12535	0.000964666561971	0.0751011323586	0.00186585875493	0.922068342324
S12540	6.2612840571e-10	0.0772912860026	1.14645677701e-05	0.922697248803
S12548	4.10109636433e-05	0.0775853961246	2.492905409e-05	0.922348663858
S12556	1.01976850351e-05	0.0776795241323	9.52829930916e-08	0.9223101829
S12563	1.21684023304e-05	0.0773787689668	1.08302298652e-06	0.922607979608
S12568	1.60822717792e-06	0.0796829356923	2.79871959224e-06	0.920312657361
S12569	1.46662065722e-06	0.0778132217036	8.45323845362e-06	0.922176858437
