	B Cells	CD4 T Cells	CD8 T Cells	Monocytes	NK Cells	Other
mix_1	0.0530099969638	1.9457475101e-06	0.0771745177925	0.217382403556	0.652430261227	8.74713107613e-07
mix_2	0.15711413879	5.32546591463e-07	0.000145130003947	0.234217494586	0.608521974801	7.29272185307e-07
mix_3	0.249812108084	0.000296029098954	0.10265585028	0.000564039837194	0.6466715607	4.11999378946e-07
mix_4	0.176776961815	1.15205400345e-06	0.156139202329	0.0546739263434	0.612407788971	9.68487332442e-07
mix_5	0.0346429055509	0.000663949949012	0.293151886525	0.0434472722087	0.628091784755	2.20101158921e-06
mix_6	0.143294250753	6.99471603881e-05	0.152141445226	0.111301334792	0.593190677036	2.34503362295e-06
mix_7	0.223918315798	1.1011294644e-05	0.174690845321	0.000563295904846	0.600816529876	1.8048426087e-09
mix_8	0.209263471347	1.99821926758e-06	0.00222178083478	0.174424172775	0.614087541664	1.03516000027e-06
mix_9	0.121372160214	0.00032545252992	0.0850929992697	0.159683164701	0.633524212541	2.01074297579e-06
mix_10	0.324802311132	2.26051429084e-06	0.0752567660308	0.00423984176621	0.595696272004	2.54855304926e-06
mix_11	0.0405723132855	0.00126202407676	0.015813132633	0.265292083772	0.677055251961	5.19427224621e-06
mix_12	0.0718267672064	3.77932631451e-06	0.144462428357	0.191318283754	0.59238581029	2.93106673566e-06
mix_13	0.275529002941	0.000680850893227	0.0926639068344	0.00450887661472	0.626617347091	1.56261865669e-08
mix_14	0.338397248088	9.74996652932e-07	0.0633279768951	0.000167299127865	0.598106427828	7.30637286228e-08
mix_15	0.238250242924	5.39658832517e-05	0.163130261854	4.36876346572e-06	0.598559769932	1.3906427685e-06
mix_16	0.133144556921	3.66549808914e-06	0.269172334431	0.00248596523697	0.595193315074	1.62839408513e-07
mix_17	0.248195981913	3.14679297322e-06	0.250731161868	2.53579867999e-06	0.501065611456	1.56217180003e-06
mix_18	0.0804474917604	5.48393234539e-05	2.53739004372e-05	0.290809458836	0.62866278757	4.86097275765e-08
mix_19	0.2323156354	0.000204922665158	0.0284998281246	0.108504276886	0.63047476815	5.68774543908e-07
mix_20	0.153493432667	1.04186469094e-07	0.263881927415	7.12966455321e-08	0.582624134765	3.29669577859e-07
mix_21	0.210414260331	3.8997339414e-06	0.206470180339	2.02997622454e-05	0.583091353571	6.26245821866e-09
mix_22	0.263597164614	0.000268205490862	0.00445450338198	0.0963294066455	0.635350117292	6.02575589648e-07
mix_23	0.279433471923	3.15977270584e-06	1.84160427647e-05	0.0975716736661	0.622973276655	1.93941451787e-09
mix_24	0.0232930481594	6.66659621283e-07	0.00256224934252	0.333918814939	0.640225166699	5.42001949988e-08
mix_25	0.0645678201449	3.03759082665e-05	0.166439367986	0.169849794802	0.599111795394	8.45765120161e-07
mix_26	0.157334293081	2.00810033225e-05	0.206342624673	1.89962374857e-08	0.636301307574	1.67467168322e-06
mix_27	0.0772384508661	0.000118925778728	0.000183396885056	0.247512734034	0.674945428992	1.06344357076e-06
mix_28	0.161958757318	0.000311623721882	0.265239000574	1.90461974751e-07	0.572490424046	3.87778087418e-09
mix_29	0.17725475304	0.000252335024148	0.0907131136626	0.132542409224	0.59923718592	2.03129764009e-07
mix_30	0.0714358198187	1.01432480869e-05	0.227534748298	0.126366725217	0.574652528641	3.47777301402e-08
mix_31	0.210267036313	0.000209452615618	0.0531136291179	0.134508979918	0.601885351787	1.55502488718e-05
mix_32	0.214523230409	0.00050109034407	0.113024861651	0.0481018386351	0.623844413565	4.56539643146e-06
mix_33	0.1397885377	3.15494628969e-07	0.116365935964	0.148365746533	0.59547913824	3.26068233081e-07
mix_34	0.131420245895	2.0478407442e-05	0.00144213394987	0.223756163843	0.643359198938	1.7789667951e-06
mix_35	0.221726787173	6.4243800554e-07	0.0355891697306	0.0963321008451	0.646350638891	6.60921678053e-07
mix_36	0.222914107704	2.032634097e-05	0.174054659678	0.00732403726156	0.595683909833	2.95918211712e-06
mix_37	0.201352930794	1.75027222028e-05	0.177577670043	0.0167993957237	0.60425245787	4.28458959423e-08
mix_38	0.124365604137	4.5718771887e-05	0.270669701652	1.9776794529e-08	0.604917508439	1.44722323447e-06
mix_39	0.190854269288	0.000247529127061	0.215926678705	0.000497172032215	0.592474349383	1.46434364634e-09
mix_40	0.153259870084	5.20296557537e-05	0.121855456613	0.0902881702926	0.634544177295	2.96060699179e-07
mix_41	0.0316496223334	0.00662444311802	0.121576176067	0.258555653129	0.581592160362	1.94498952388e-06
mix_42	0.24481470634	7.82287217319e-06	0.146683892444	2.96145737507e-08	0.60849322179	3.26939822437e-07
mix_43	0.155632164198	1.51541632913e-06	0.126859708985	0.0369509301647	0.680555360128	3.21107555545e-07
mix_44	0.222504343404	3.36510918118e-06	0.150779953839	8.99246515474e-06	0.626703126692	2.18490973647e-07
mix_45	0.132408072156	3.75668779461e-06	0.173788377616	0.0840116755251	0.609788110432	7.58275120472e-09
mix_46	0.221577651947	1.2186078613e-06	0.169949011835	3.56446013924e-08	0.608471712194	3.69771636199e-07
mix_47	0.254148603564	1.08518714268e-05	0.0215980149506	0.11663577617	0.60760439874	2.35470396337e-06
mix_48	0.122401139498	2.00461159065e-05	0.00223896536324	0.250168022435	0.62516926054	2.56604787408e-06
mix_49	0.141271908403	2.59054629999e-07	0.114573224462	0.124658561411	0.619494856794	1.18987507158e-06
mix_50	0.217885652916	0.000775083023633	0.208936259128	0.000610218846094	0.57178453241	8.25367689816e-06
mix_51	0.169906559415	5.10985724534e-05	0.00660699227039	0.208391157492	0.615042151143	2.04110654023e-06
mix_52	0.327175075808	0.000766962360046	0.118455104412	0.00289563981413	0.550707072747	1.44859206297e-07
mix_53	0.199678397042	1.91858117008e-05	0.000171046426377	0.179490020771	0.620641107262	2.42686152618e-07
mix_54	0.264735080112	5.87993784882e-07	0.207574632266	6.47986444478e-10	0.527689692659	6.32133312362e-09
mix_55	0.167661279654	4.18179096348e-06	0.015667157585	0.197756047587	0.618911301833	3.15491106573e-08
mix_56	0.243944673683	1.03897222954e-07	0.154062110808	0.0180095106447	0.583983591103	9.86417558746e-09
mix_57	0.104573501602	0.0136630275049	0.0761325796303	0.165145484924	0.640479642742	5.76359711535e-06
mix_58	0.129216681986	1.87031205258e-05	0.203767289947	0.0139791641505	0.653017185923	9.74873010096e-07
mix_59	0.0639785159397	4.77390301133e-06	0.143670199745	0.184007184428	0.608337963829	1.36215524582e-06
mix_60	0.300294729604	1.0916981891e-05	0.054690130786	0.0448538619499	0.600148380672	1.98000614471e-06
mix_61	0.237271166026	1.0055194773e-05	0.204586351408	1.47669288881e-07	0.558131922853	3.56848562366e-07
mix_62	0.253056062529	6.10208707516e-06	0.119967591495	2.25941624458e-08	0.626970210536	1.07590120146e-08
mix_63	0.162970737196	2.50702373054e-06	0.0774155642503	0.155068509599	0.604542490625	1.91306550379e-07
mix_64	0.229191100209	8.26382283433e-05	0.033625854503	0.149285212764	0.587814967397	2.26897985844e-07
mix_65	0.170653322398	3.42888866718e-06	0.129215579153	0.053196771188	0.64692548164	5.41673335219e-06
mix_66	0.0898469558287	1.30007371384e-06	0.00171267640374	0.262337658134	0.646101365843	4.37167565481e-08
mix_67	0.32163110918	8.94952664689e-06	0.0559861657509	2.58415802247e-06	0.622370904241	2.87142825406e-07
mix_68	0.194417066199	1.98088164911e-05	0.178538240622	2.42384209462e-07	0.627022648034	1.99394389044e-06
mix_69	0.0994144245118	0.000354279058696	0.116774312175	0.167149663749	0.616306728903	5.91602454136e-07
mix_70	0.206826176681	0.00026565167692	0.00283632957646	0.136821060411	0.65324612532	4.65633482549e-06
mix_71	0.144499653148	5.67487582049e-07	0.00315379353148	0.245329081893	0.607016564093	3.39846608299e-07
mix_72	0.212620372206	4.24755168407e-05	0.182540199681	1.15947473793e-07	0.604796833051	3.59754892543e-09
mix_73	0.360823518755	4.31653853728e-06	2.50953525676e-06	0.0232831396813	0.615886380433	1.35057575124e-07
mix_74	0.241205364542	1.06932998948e-05	0.0310629139738	0.0735426969348	0.654178031266	2.99984455832e-07
mix_75	0.104503039941	2.96057525519e-06	0.0305209178562	0.242688360428	0.622284700761	2.04391434888e-08
mix_76	0.12457004467	1.48975171134e-05	0.252428244535	0.00107784482786	0.621904477678	4.49077177511e-06
mix_77	0.139427691854	1.45474203541e-06	0.279624191642	7.01525116238e-09	0.580946552996	1.01750546766e-07
mix_78	0.158258850818	0.000125569625775	0.0678467373726	0.176412460089	0.597355462659	9.19434933189e-07
mix_79	0.0695560702831	1.78024642751e-06	0.0994956456497	0.219000834239	0.611944649609	1.01997263058e-06
mix_80	0.12136419058	1.5217918065e-05	0.309050540153	0.0184778828917	0.551090513538	1.65491975623e-06
mix_81	0.176057759859	0.000387711250347	0.199240581674	0.0224402754087	0.601870698906	2.97290166995e-06
mix_82	0.235766116403	0.000130497097483	0.0470307774943	0.120279489633	0.596790521081	2.59829111093e-06
mix_83	0.0964158696244	6.33651608341e-05	0.0347222393865	0.223659612764	0.645138755396	1.57668196388e-07
mix_84	0.249723032073	2.46675132946e-07	0.126440063884	0.0213113723583	0.602524982661	3.02348968417e-07
mix_85	0.193248213505	9.15387271936e-07	0.196901182064	0.0103594729886	0.599488567563	1.64849212558e-06
mix_86	0.186364232912	4.63630087789e-07	0.216878160202	4.71528854198e-09	0.596757124754	1.37860169946e-08
mix_87	0.176045826595	1.65852208958e-06	0.202310912866	0.132229703627	0.489411892576	5.81293035928e-09
mix_88	0.308122059914	3.57907711842e-06	0.0440932881838	0.0108385071902	0.636942493809	7.18259898225e-08
mix_89	0.231150520751	0.000141776842093	0.181976547518	7.92388729175e-05	0.586649631125	2.28489102982e-06
mix_90	0.187118299184	0.000149905814253	0.0893046011242	0.113023325148	0.610401759972	2.10875764861e-06
mix_91	0.0726553059233	0.000256074253421	0.119857781121	0.208865693858	0.598365136539	8.30496560411e-09
mix_92	0.146315403192	4.20793252993e-06	0.137160435729	0.119270745238	0.59724915508	5.28275707623e-08
mix_93	0.120748663576	0.0282022476128	0.00823531202112	0.298798307948	0.538759944929	0.00525552391285
mix_94	0.108150372709	7.77168102712e-06	0.00243176767108	0.25263185218	0.636777797432	4.38326362429e-07
mix_95	0.080841328522	2.65612346148e-06	0.161947467329	0.225322206807	0.531886016944	3.24274013308e-07
mix_96	0.101580313194	0.000135382256703	0.0314595530806	0.197292017066	0.669526774091	5.96031215283e-06
mix_97	0.186029845463	7.05248574445e-06	0.0626285371546	0.153617163094	0.597715591947	1.80985566178e-06
mix_98	0.151132312692	0.00585173114949	0.12039816938	0.160190309828	0.562423360976	4.1159746349e-06
mix_99	0.154482202006	3.93785345786e-07	0.292170400975	1.12868742209e-07	0.553346794861	9.55033654382e-08
mix_100	0.193338106135	1.69050790411e-07	0.107401677995	0.0962325987629	0.603027437076	1.09800659676e-08
