	Neutrophils	Lymphocyte	Monocytes	Other
S10001	0.177918149439	0.198529319827	0.0215430754081	0.602009455326
S10006	0.164449435327	0.190784751607	0.0202858505205	0.624479962546
S1001	0.160606313842	0.194702161507	0.0223455824872	0.622345942164
S10010	0.177116729017	0.193228351176	0.0224947998673	0.60716011994
S10011	0.172549634692	0.201499367543	0.0216811735791	0.604269824185
S10014	0.164892912163	0.195559963748	0.0221506919951	0.617396432093
S10026	0.16414226985	0.199704124591	0.0216501737012	0.614503431858
S10032	0.164024191415	0.197900850026	0.0239560503954	0.614118908163
S10036	0.162080599999	0.190630271851	0.0215606337844	0.625728494366
S10042	0.167887724994	0.199037362387	0.0217776187629	0.611297293856
S10044	0.167558012123	0.201863595382	0.0220584396012	0.608519952894
S10049	0.163663502698	0.205034997112	0.0223236735171	0.608977826673
S10057	0.158440970446	0.192896540565	0.020590453946	0.628072035043
S10062	0.168806105101	0.204903830616	0.023115189826	0.603174874458
S10066	0.183104476891	0.196762502939	0.0220044400689	0.598128580101
S10067	0.161966064539	0.208795685615	0.0222852136396	0.606953036206
S1007	0.169505883237	0.192510467828	0.0221307180189	0.615852930917
S10073	0.170429196189	0.211689769148	0.0222335140716	0.595647520592
S10077	0.172280739622	0.196887570395	0.0224023480193	0.608429341964
S10080	0.173062277598	0.191952398858	0.0221391401183	0.612846183425
S10082	0.16626459996	0.207464473529	0.0226605565672	0.603610369944
S10087	0.16635393729	0.207832391576	0.0226096703425	0.603204000791
S10089	0.174749476777	0.198203056577	0.021447494372	0.605599972274
S1009	0.162926725812	0.212059510593	0.0218321782993	0.603181585296
S10090	0.1748109328	0.195208323659	0.0209344257399	0.609046317802
S10093	0.162334784646	0.184861170883	0.0202954448046	0.632508599666
S10094	0.168707869431	0.197649935132	0.0227102976919	0.610931897745
S1010	0.169739612956	0.206020957182	0.0223110752268	0.601928354635
S10111	0.165438853179	0.207447377386	0.0222374943753	0.604876275059
S10116	0.162321450637	0.210221694184	0.021384866632	0.606071988547
S10119	0.162240856257	0.202473636683	0.0215117587083	0.613773748352
S10121	0.165052116638	0.205207014355	0.0221850546038	0.607555814403
S10130	0.174959840188	0.193445103374	0.0217994498229	0.609795606615
S10140	0.175156649613	0.191361531469	0.0225644943889	0.610917324529
S10142	0.15451519481	0.200745098478	0.0222995443154	0.622440162397
S10150	0.180538388684	0.180405251345	0.0211595237955	0.617896836175
S10155	0.167451797033	0.202939110731	0.0217655391287	0.607843553107
S1016	0.161067783155	0.195809709165	0.0216343751215	0.621488132559
S10163	0.177025377813	0.195547397905	0.0208180517294	0.606609172552
S10167	0.162120826826	0.187886677225	0.0206540118636	0.629338484085
S10168	0.160386733316	0.204826839452	0.0215695199687	0.613216907263
S10173	0.165931674524	0.207073037612	0.0215555506441	0.60543973722
S10175	0.167520195962	0.194874676229	0.0214240557823	0.616181072027
S10179	0.154811598196	0.205056955544	0.0219743447808	0.618157101479
S10186	0.145678015187	0.212491129066	0.0221996012697	0.619631254477
S1019	0.159004206767	0.201621860874	0.0223342381391	0.61703969422
S10190	0.160546350539	0.207661087255	0.0224753749643	0.609317187241
S10195	0.174872515206	0.190699035404	0.0213457710087	0.613082678381
S10196	0.168448899234	0.19800684738	0.0221303842633	0.611413869123
S10200	0.165357209396	0.193964595202	0.0222358605302	0.618442334871
S10201	0.180932145388	0.179405329105	0.0217813163443	0.617881209162
S10202	0.168502666842	0.200371521715	0.022359192513	0.60876661893
S10205	0.173829171054	0.201280195758	0.0215902489091	0.603300384279
S10211	0.157416050739	0.192116716196	0.0218198438353	0.62864738923
S10221	0.165502796661	0.201716438187	0.0219251070028	0.610855658149
S10222	0.166453972144	0.189470968202	0.0212178530642	0.622857206591
S10226	0.170435343054	0.201144468328	0.022093975783	0.606326212835
S10227	0.170476183944	0.192377427878	0.0215382511157	0.615608137062
S10228	0.166455039206	0.201487737959	0.0214697741644	0.61058744867
S10232	0.150345334514	0.206363080434	0.0198818108688	0.623409774184
S10248	0.162515834622	0.202199257352	0.0212620337984	0.614022874228
S10249	0.17565725429	0.192906786265	0.0239025103278	0.607533449117
S1025	0.16058440994	0.204498399123	0.0226334019197	0.612283789017
S10266	0.176691171946	0.196362153961	0.0220589844893	0.604887689604
S10269	0.168499189801	0.196133823465	0.0215554120832	0.613811574651
S10272	0.168576085306	0.186441233553	0.0210572218348	0.623925459306
S10273	0.170284777312	0.195664476992	0.0214503236392	0.612600422057
S10274	0.170627956149	0.193040137251	0.0215490490333	0.614782857567
S1028	0.17390945716	0.194601865445	0.02207815408	0.609410523315
S10280	0.164515046275	0.207163081392	0.0226881444279	0.605633727905
S10283	0.157647159118	0.210790521287	0.0230826120503	0.608479707545
S1029	0.165410149428	0.200014972617	0.0218653068266	0.612709571129
S10292	0.16011684584	0.203296380211	0.0211127565556	0.615474017394
S10294	0.157329849734	0.201734514471	0.0221082904501	0.618827345345
S10302	0.162702652712	0.200585176386	0.0218026642335	0.614909506669
S10303	0.17096222135	0.196705104669	0.0222506817248	0.610081992257
S10323	0.170502803758	0.198752268783	0.0217195471862	0.609025380273
S10326	0.165376571733	0.199022566843	0.0225009220202	0.613099939403
S10328	0.170441043473	0.207381970441	0.02159833767	0.600578648416
S10329	0.166639460448	0.203769267057	0.022740104906	0.606851167589
S10336	0.168075755562	0.193029587938	0.0226532571918	0.616241399308
S10340	0.169949926678	0.206073634683	0.0219992823674	0.601977156271
S10347	0.17062163221	0.197206406251	0.0214031937256	0.610768767814
S10353	0.170630753282	0.198840595429	0.0218473612646	0.608681290025
S10356	0.166004193008	0.203413339289	0.0220257346476	0.608556733056
S10358	0.171143700488	0.19853174456	0.0227882940678	0.607536260885
S10365	0.168700317056	0.194389907133	0.0223846258741	0.614525149936
S1037	0.156695697675	0.216907880747	0.0218255002823	0.604570921295
S10373	0.162863156331	0.202472201057	0.0219555154632	0.612709127149
S10374	0.160717101078	0.188561222189	0.0210133931559	0.629708283577
S10375	0.171795240759	0.191544174572	0.0215971463163	0.615063438353
S10377	0.165178521591	0.190235106691	0.0202385187529	0.624347852964
S10378	0.169510745907	0.204920575437	0.0217588465125	0.603809832143
S10390	0.167752379566	0.193942329455	0.0198889535011	0.618416337478
S10391	0.161063680368	0.188284188202	0.0223422099494	0.628309921481
S10393	0.157760856583	0.194780569651	0.0216094723325	0.625849101433
S10400	0.16707514341	0.196575311702	0.0231770287484	0.61317251614
S10401	0.171463895916	0.196839662799	0.0221198235774	0.609576617707
S10406	0.169679511033	0.188706635598	0.0224999988693	0.6191138545
S10408	0.179284284038	0.198015335778	0.022000984101	0.600699396083
S10409	0.162358168583	0.202803475037	0.0221992453938	0.612639110987
S10418	0.177596002118	0.180536972398	0.0202828785729	0.621584146911
S10431	0.165339087989	0.199662805368	0.0220273875315	0.612970719112
S10438	0.162625204768	0.19574248717	0.0215225617118	0.62010974635
S10439	0.169863951674	0.195056543237	0.0228090945374	0.612270410552
S10441	0.170925532016	0.190642040005	0.0234418121682	0.614990615811
S10442	0.169168695396	0.197783159209	0.0225361922345	0.61051195316
S1046	0.174628306471	0.191329410065	0.0219364476504	0.612105835813
S10478	0.179468187404	0.184392857992	0.023212607043	0.612926347561
S10480	0.155616100219	0.205058295337	0.0208905910849	0.618435013359
S10484	0.176129571181	0.194579050257	0.0224797980989	0.606811580464
S10492	0.158944756622	0.20679337103	0.0220572674778	0.612204604871
S10496	0.162472591073	0.207456304944	0.0220308135053	0.608040290477
S10510	0.155347125622	0.196946903151	0.0226111369147	0.625094834312
S10513	0.167929394776	0.198653891518	0.0232628960784	0.610153817627
S10516	0.167550694673	0.196952732049	0.0226287114044	0.612867861873
S10534	0.163250773741	0.203091129886	0.023137112302	0.610520984071
S10535	0.152939146702	0.204445078471	0.0222843761452	0.620331398682
S10537	0.168958715707	0.198703588514	0.0232459475734	0.609091748206
S1054	0.159637615433	0.198975384903	0.0218311741161	0.619555825548
S10543	0.168352365634	0.197458167782	0.0207848751088	0.613404591475
S10546	0.160938075192	0.189058245372	0.0216626986422	0.628340980794
S1055	0.171203054003	0.188213122212	0.0221038339937	0.618479989791
S10551	0.165866096337	0.20101695279	0.0226116996066	0.610505251266
S10552	0.172534113715	0.183655072035	0.0218985028145	0.621912311435
S10555	0.163337924315	0.206801541625	0.0219674851762	0.607893048884
S10559	0.168874062237	0.195027500918	0.023576711551	0.612521725294
S1056	0.16811467041	0.205200933825	0.022407709933	0.604276685832
S10563	0.176157328085	0.202590875245	0.0225572227422	0.598694573929
S10574	0.160634108309	0.20815250697	0.0223629772092	0.608850407512
S10576	0.170225960096	0.185827918717	0.0205923783173	0.62335374287
S10578	0.166510161742	0.185047722917	0.0221447711553	0.626297344186
S10579	0.172830784904	0.19463812545	0.0212024922678	0.611328597379
S10582	0.170856556269	0.197535030007	0.0212645447704	0.610343868953
S1059	0.168676442722	0.200701757448	0.0222162896106	0.60840551022
S10599	0.17171469118	0.191933718362	0.0232317624148	0.613119828042
S10611	0.169186395317	0.199253286925	0.0225173676694	0.609042950089
S10614	0.177296885658	0.194331242451	0.0221417446238	0.606230127268
S10624	0.162658908782	0.198064926382	0.0227617200199	0.616514444816
S10632	0.171009625577	0.191558620972	0.0212809275251	0.616150825926
S10634	0.163920794633	0.201539258441	0.0215468123687	0.612993134557
S10638	0.170920346476	0.196059394252	0.022951601824	0.610068657449
S10644	0.162153653948	0.208664480284	0.0226466751318	0.606535190636
S10649	0.172776271121	0.193237473443	0.020881414483	0.613104840953
S10652	0.171126619715	0.18600177566	0.0211626451704	0.621708959455
S10654	0.159707254051	0.198309301588	0.0224586385316	0.61952480583
S10655	0.163395225976	0.200468603262	0.0217544386808	0.614381732081
S10656	0.169684537363	0.208188243443	0.0216719374945	0.6004552817
S10657	0.166377807307	0.191709643677	0.021246405826	0.62066614319
S10658	0.167879578524	0.205377868469	0.0218395703155	0.604902982691
S10660	0.148706003808	0.204988624841	0.0223934488454	0.623911922505
S10661	0.161946071994	0.206317836376	0.0216972094923	0.610038882138
S10676	0.16472145143	0.186947443339	0.0234651096622	0.624865995569
S1068	0.16358669487	0.20896856969	0.0225284685636	0.604916266876
S10681	0.158278607574	0.186471221029	0.0215539562197	0.633696215177
S10686	0.163139031073	0.193495261688	0.0226230402372	0.620742667002
S10688	0.167407211964	0.20801767707	0.0220333976453	0.60254171332
S10690	0.168866132178	0.189009799393	0.0219718785264	0.620152189903
S10698	0.163792417797	0.209020776447	0.0230980233507	0.604088782405
S107	0.164467587376	0.205601195099	0.0212924701355	0.608638747389
S10703	0.157695274782	0.204948606825	0.0226317365246	0.614724381868
S10726	0.165405094437	0.202604586972	0.0217519157167	0.610238402874
S10729	0.169198348239	0.194560860238	0.0225550461843	0.613685745339
S10733	0.163946935583	0.199623044681	0.0228480496597	0.613581970076
S10734	0.159472386301	0.198347985137	0.0231277234857	0.619051905076
S10735	0.163672760075	0.197621565898	0.02211255674	0.616593117287
S10740	0.179336603797	0.198153978805	0.023473809574	0.599035607824
S10745	0.174178562864	0.186932787674	0.022543704411	0.616344945051
S10748	0.163709666022	0.200549000281	0.0215463492167	0.61419498448
S10753	0.17454794815	0.204591762269	0.0230995945236	0.597760695058
S10756	0.164896428155	0.200413585381	0.0222846832569	0.612405303207
S10757	0.158153959281	0.213783397918	0.0219562326795	0.606106410122
S1076	0.172037434479	0.20122822472	0.0222345879292	0.604499752872
S10764	0.166125008879	0.19559732003	0.0215782795078	0.616699391584
S10767	0.159035275066	0.205015323536	0.0215327009505	0.614416700448
S10776	0.176679306519	0.198346193416	0.0224934941342	0.602481005931
S10778	0.176405374117	0.200767053595	0.0218018978102	0.601025674478
S10784	0.179696806251	0.193875895058	0.0227347647489	0.603692533943
S10787	0.161119638563	0.200401595238	0.0218262595561	0.616652506643
S10800	0.167672703068	0.199110065216	0.0209944251509	0.612222806565
S10805	0.174601065591	0.195797877652	0.0222044001176	0.60739665664
S10813	0.168675116328	0.194244311965	0.0228222566629	0.614258315044
S10814	0.16198910259	0.188291392124	0.0213614691263	0.62835803616
S10815	0.169077392082	0.200997829414	0.0211564999974	0.608768278507
S10817	0.164758339921	0.195260216265	0.020647463536	0.619333980278
S1083	0.160158766298	0.20747259342	0.0232780751068	0.609090565176
S10835	0.156178291678	0.19041045373	0.0230219295957	0.630389324997
S10838	0.161269452905	0.198571237251	0.0220533593102	0.618105950533
S10844	0.16475159054	0.198198522566	0.0211164569787	0.615933429916
S10845	0.16800691463	0.193534899997	0.0230976917305	0.615360493642
S10846	0.158090106496	0.209122362308	0.0217579716087	0.611029559587
S10853	0.165062266263	0.181361673324	0.02140156167	0.632174498744
S10854	0.160941347156	0.210447200837	0.0226391930845	0.605972258922
S10865	0.170411665678	0.199442088225	0.0226210465569	0.60752519954
S10866	0.166340205827	0.195224389293	0.0224636349879	0.615971769893
S10869	0.176253434689	0.187352890902	0.0234695906608	0.612924083748
S10873	0.172115606173	0.19255782613	0.0221439005838	0.613182667113
S10876	0.161637443786	0.208408925768	0.0230589520856	0.606894678361
S10883	0.16951740468	0.187185196326	0.0222235540753	0.621073844919
S10885	0.167190683575	0.19326986176	0.0214598821744	0.61807957249
S10893	0.170014967994	0.189030157205	0.0224107845244	0.618544090277
S10895	0.169192083171	0.19153298666	0.0226198336825	0.616655096486
S10902	0.16355259279	0.197580642372	0.0213143994952	0.617552365343
S10903	0.165221620072	0.184902719594	0.0218749051727	0.628000755161
S1092	0.172626457921	0.196426540365	0.0224676033347	0.608479398379
S10925	0.162247384096	0.199398076973	0.0226189245881	0.615735614343
S10927	0.174646980906	0.200811149514	0.0226953102215	0.601846559359
S10936	0.162450560627	0.206097841059	0.0226922321976	0.608759366117
S10945	0.175668801103	0.198747251747	0.0233513770836	0.602232570067
S10947	0.16012446751	0.193861559606	0.0215366680129	0.624477304871
S10949	0.163086018757	0.200879735303	0.0211155633	0.61491868264
S1095	0.170379639271	0.188487303825	0.0217122429773	0.619420813927
S10961	0.167022691373	0.18825289676	0.0218497401737	0.622874671694
S10969	0.166218070798	0.203419888254	0.0227410680595	0.607620972888
S10972	0.167238783857	0.19290721058	0.0222735279815	0.617580477581
S10973	0.178619204733	0.196678229522	0.0214222623167	0.603280303428
S10978	0.175082176587	0.199864447131	0.0215609119613	0.603492464321
S10979	0.167675714862	0.205118601452	0.0217434307952	0.605462252891
S10986	0.167193827501	0.190515828258	0.0215536334534	0.620736710787
S10989	0.164689860458	0.200107735102	0.02190604828	0.61329635616
S10995	0.167195144428	0.199219319277	0.0231090846325	0.610476451662
S11005	0.1632780414	0.197770006132	0.0218847517212	0.617067200747
S11008	0.168728371398	0.19889436397	0.0213140254941	0.611063239138
S11010	0.147047588852	0.194865878577	0.0218866314612	0.63619990111
S11013	0.163941515767	0.202997605351	0.0226323059957	0.610428572887
S11016	0.162594648682	0.202633441088	0.0228204558521	0.611951454378
S11017	0.173443574613	0.189488876665	0.0234921315009	0.613575417221
S11020	0.175215877764	0.193033516781	0.0231385367161	0.608612068739
S11027	0.173143305965	0.19007038901	0.0227879157072	0.613998389318
S11035	0.167031318036	0.191528008324	0.0213695017435	0.620071171897
S11041	0.163547349095	0.199933998096	0.0213795710369	0.615139081772
S1106	0.165682646212	0.202699800198	0.0219427305913	0.609674822998
S11071	0.153089669303	0.208757852935	0.0224607231159	0.615691754646
S11076	0.166166850056	0.198778547176	0.0214092067042	0.613645396063
S11078	0.174649886283	0.195009114079	0.0220167883365	0.608324211301
S11081	0.16978178519	0.199035380558	0.0224668293296	0.608716004923
S11086	0.171238952742	0.195014139151	0.0212261202283	0.612520787879
S1109	0.173027688192	0.190397306715	0.0234031701676	0.613171834926
S11096	0.177020351673	0.192943500699	0.0226092756583	0.60742687197
S11100	0.171934344328	0.20509002731	0.0212902014357	0.601685426926
S11107	0.173730346796	0.197924379866	0.0214929623252	0.606852311012
S11109	0.17444327997	0.188830057586	0.0219720029517	0.614754659492
S1111	0.155934560772	0.204283411533	0.0216245782842	0.61815744941
S11119	0.167101489453	0.196294520219	0.0214133133563	0.615190676972
S11127	0.158704308851	0.195527074084	0.0217065174498	0.624062099616
S11136	0.165066320203	0.200665094042	0.0211086040368	0.613159981719
S11147	0.171574967759	0.200390113792	0.0218759027664	0.606159015683
S11150	0.173695178168	0.197542960812	0.0211529193021	0.607608941718
S11152	0.16600330377	0.191771816971	0.0221658091356	0.620059070123
S1116	0.165000410658	0.209551788383	0.0216926477094	0.60375515325
S11163	0.167387192305	0.209704497008	0.0213927978656	0.601515512821
S11164	0.171116955875	0.189697146253	0.0225859138726	0.616599983999
S11166	0.162297484306	0.186277938584	0.021346406506	0.630078170604
S11173	0.169591904313	0.19712698362	0.0217670400198	0.611514072047
S11174	0.159633162978	0.200859638863	0.0223003315486	0.617206866611
S11182	0.164913238585	0.211009275979	0.0212458177563	0.60283166768
S11188	0.168365723895	0.195624670301	0.0229183434603	0.613091262344
S11189	0.173659858306	0.206124871699	0.0225735765866	0.597641693408
S1119	0.155711986978	0.209491195828	0.0224309689452	0.612365848249
S11195	0.173918123249	0.213445487856	0.022407367196	0.590229021698
S11197	0.160840989541	0.206834881687	0.0206115058571	0.611712622915
S11198	0.182077419876	0.182212153858	0.0228897519469	0.612820674319
S11211	0.169183325909	0.199801485414	0.0226263394982	0.608388849178
S11214	0.158819668431	0.193640649647	0.0217792335927	0.625760448329
S11216	0.17536249328	0.199626854942	0.022579773788	0.602430877989
S11224	0.164567237329	0.199708371028	0.0218715750567	0.613852816587
S11236	0.16962868669	0.200024310168	0.0227405545744	0.607606448568
S11241	0.166726144568	0.192370379242	0.021513376952	0.619390099238
S11243	0.168411547862	0.201816649872	0.0212858929055	0.60848590936
S11245	0.171464081369	0.194620246149	0.0213523923569	0.612563280125
S11249	0.168359162401	0.198391734282	0.0216562804713	0.611592822845
S11274	0.170854302324	0.188106290503	0.0209186781732	0.620120728999
S11280	0.164093853182	0.204617161147	0.0222450590374	0.609043926633
S11281	0.161487469214	0.200587098661	0.0227792736217	0.615146158504
S11285	0.161285339656	0.198494496697	0.0217162320307	0.618503931617
S11298	0.159260878924	0.200213868297	0.0215637473056	0.618961505473
S11311	0.165585494561	0.197278044899	0.0220140481888	0.615122412351
S11312	0.172915552016	0.197483016888	0.0223361057632	0.607265325333
S11316	0.164821953721	0.202055741952	0.0228466885987	0.610275615729
S1133	0.168161746126	0.194508424315	0.020572117866	0.616757711692
S11330	0.168931397289	0.194645119351	0.0216220126734	0.614801470687
S11332	0.164257039579	0.215601572696	0.0216661901099	0.598475197615
S11334	0.166051363343	0.198710424735	0.0228256037322	0.61241260819
S11335	0.174071473637	0.199720830975	0.0216643049402	0.604543390448
S11345	0.176401267573	0.19284994648	0.0204580380769	0.61029074787
S11349	0.169690597114	0.197017727074	0.0230392414798	0.610252434332
S1135	0.169859515135	0.193731721452	0.0237942941185	0.612614469295
S11352	0.177312621119	0.182186033906	0.0222288219813	0.618272522994
S11353	0.172888564949	0.19852211671	0.02249098147	0.606098336872
S11368	0.164870447927	0.189778481095	0.0225852065833	0.622765864394
S11369	0.164711830507	0.201342181251	0.0225810564671	0.611364931775
S11371	0.157732801405	0.193662434469	0.0216716100307	0.626933154095
S11377	0.164020554346	0.190522510482	0.023443290325	0.622013644847
S11378	0.152858736986	0.191000213686	0.0224032655243	0.633737783804
S11383	0.164580744029	0.203624569646	0.022437540158	0.609357146167
S11384	0.153334745236	0.198764436884	0.021492826084	0.626407991796
S11392	0.168665337912	0.204504084205	0.0218219861783	0.605008591704
S1140	0.164583012363	0.18923622843	0.021408951905	0.624771807302
S11410	0.173803404933	0.20093670162	0.0223738031505	0.602886090297
S11411	0.161778340488	0.20745794318	0.0223037144321	0.6084600019
S11414	0.171505725982	0.19288578198	0.0206024040799	0.615006087957
S11419	0.170089660746	0.199403030967	0.0232514898206	0.607255818467
S11424	0.160484504222	0.195899342871	0.0218433352708	0.621772817636
S11425	0.16943098741	0.210467505548	0.0214086690215	0.598692838021
S11433	0.17534237563	0.203201012891	0.022298822571	0.599157788908
S11434	0.166825855126	0.205631636303	0.0224778970655	0.605064611506
S11436	0.163841338125	0.198387689386	0.0232118737326	0.614559098756
S11437	0.161493163178	0.206239903271	0.0215570368976	0.610709896653
S11440	0.180834184887	0.181995699008	0.0204953922436	0.616674723861
S11449	0.167910736852	0.207626646932	0.0217151445958	0.60274747162
S11459	0.155386831703	0.200573655836	0.0223394647124	0.621700047749
S11477	0.170162843053	0.193079447846	0.0219094216172	0.614848287484
S11480	0.169065818577	0.193521922769	0.0219138766122	0.615498382042
S11486	0.161939061353	0.197266494044	0.0214945686996	0.619299875903
S11501	0.157514311511	0.182931267152	0.0228587438366	0.6366956775
S11504	0.158516446285	0.200172848651	0.0211447005101	0.620166004554
S11507	0.161871407334	0.206003613716	0.020390422728	0.611734556222
S11518	0.152952458952	0.213497315887	0.0237163569884	0.609833868172
S11525	0.157264526564	0.204098603892	0.0212310187447	0.617405850799
S11531	0.167431118992	0.201615565517	0.0220101192731	0.608943196217
S11532	0.156149780814	0.20726176769	0.0216674202321	0.614921031264
S1154	0.161086781703	0.197358221543	0.0227821551259	0.618772841629
S11542	0.172919529473	0.191202697922	0.0207378517377	0.615139920867
S11543	0.166442866419	0.197202892604	0.022956442739	0.613397798237
S11546	0.174741211208	0.198881043012	0.0220421912634	0.604335554516
S1155	0.177949195254	0.190101612521	0.0222895714556	0.609659620769
S1156	0.143679158387	0.199253516051	0.0214942266489	0.635573098913
S11568	0.172123469615	0.196171122977	0.0219267872267	0.609778620182
S11576	0.158789693978	0.210060843315	0.0228563106605	0.608293152046
S11584	0.173920009325	0.19058938753	0.022297777762	0.613192825383
S11586	0.174510074206	0.203422332202	0.022655941186	0.599411652406
S11590	0.168627989605	0.20346035109	0.0227564075416	0.605155251764
S11592	0.162703980684	0.195690886269	0.0207438801324	0.620861252915
S11593	0.169873044798	0.197893146509	0.0218448980732	0.61038891062
S11599	0.169061780214	0.188941615146	0.0210633489656	0.620933255675
S1160	0.158521033487	0.200339117142	0.0217269032767	0.619412946095
S11610	0.172946484692	0.193493637035	0.0214074068178	0.612152471455
S11615	0.168206368355	0.196770046002	0.0222590380315	0.612764547611
S11629	0.165162745925	0.19488626774	0.0220434399503	0.617907546384
S11631	0.153455293248	0.2077392897	0.0241178250703	0.614687591981
S1164	0.170398623961	0.193599863435	0.0226417909828	0.613359721621
S11642	0.166787911646	0.177308022256	0.0213637645181	0.63454030158
S11656	0.163238516258	0.197318741364	0.0210781901778	0.6183645522
S11663	0.173407389177	0.197745926847	0.021230261972	0.607616422004
S11667	0.170273680415	0.20143872808	0.0224374968793	0.605850094625
S11668	0.169204364353	0.199335331847	0.0215391410027	0.609921162798
S1167	0.167608514046	0.197721807686	0.0218009218024	0.612868756466
S11673	0.17002861189	0.191994196633	0.0212221267585	0.616755064718
S11682	0.170082722929	0.19953283201	0.0220618915414	0.608322553519
S11693	0.163757436351	0.203954557776	0.0217672527247	0.610520753149
S11696	0.165746321406	0.204517162609	0.0221478116255	0.607588704359
S11699	0.169866941925	0.202289896827	0.0226243364278	0.60521882482
S117	0.161856861683	0.191985546634	0.0217879732152	0.624369618468
S1170	0.165468652396	0.205457295713	0.0217886627099	0.607285389181
S11709	0.170483370211	0.194924839232	0.0226946207217	0.611897169835
S11713	0.14308621707	0.209534777293	0.0224757375207	0.624903268116
S11717	0.162323562842	0.201857268609	0.0212320372984	0.61458713125
S1173	0.170996162381	0.184531865987	0.0215112229682	0.622960748663
S11731	0.178893165201	0.186281181157	0.0236561456857	0.611169507957
S11732	0.168043538654	0.198439247661	0.0214844744562	0.612032739229
S11733	0.167405685576	0.201662262791	0.0221570636419	0.608774987991
S11734	0.165046602881	0.189139010939	0.0223230748201	0.623491311361
S11735	0.172587252281	0.198347650744	0.0221044181124	0.606960678862
S11737	0.167930613639	0.189970846562	0.0214609495369	0.620637590262
S11745	0.172065165833	0.1926141543	0.0216877751121	0.613632904755
S11760	0.173314911786	0.191687451815	0.0203612621161	0.614636374283
S11761	0.139981505076	0.199706103879	0.0208757100801	0.639436680965
S11769	0.174667223527	0.181918372527	0.0224607666138	0.620953637332
S11783	0.163686775465	0.205373647681	0.0220206533224	0.608918923532
S11784	0.170571016107	0.205271371907	0.0218616208179	0.602295991168
S11786	0.171162001377	0.201007109306	0.0224447468761	0.605386142441
S11797	0.167889126278	0.194792071173	0.0225817926253	0.614737009924
S11799	0.165228305652	0.190320916817	0.0223543939862	0.622096383545
S118	0.169058265337	0.200428569015	0.0223745054088	0.608138660239
S11800	0.159655220088	0.200908711133	0.0227137203988	0.616722348381
S11802	0.16759793791	0.190509990246	0.0215576033585	0.620334468485
S11806	0.176097094416	0.186388854925	0.0210052259481	0.61650882471
S11807	0.163873451167	0.188523054269	0.0216867547898	0.625916739774
S11810	0.159883649552	0.208552452621	0.0217399817942	0.609823916034
S11811	0.16794092116	0.193570791173	0.0227237394167	0.61576454825
S11812	0.172434896942	0.191710331897	0.0209421128907	0.61491265827
S11820	0.166186752446	0.19553417949	0.0224906104479	0.615788457617
S11822	0.170529803097	0.194860853394	0.0222938547225	0.612315488786
S11823	0.159738782494	0.197456040334	0.0207530610411	0.622052116131
S11826	0.168858474944	0.190734465362	0.0216093311982	0.618797728496
S1183	0.156617466369	0.194382123819	0.0211695182731	0.627830891539
S1184	0.161813537643	0.203800139741	0.0227649890541	0.611621333562
S11842	0.160643030446	0.200382056799	0.0215403075187	0.617434605237
S11843	0.17221286776	0.197629823403	0.022390964112	0.607766344725
S11844	0.170127397026	0.200988061297	0.0227413359864	0.60614320569
S11850	0.177044641958	0.18834222687	0.021885436264	0.612727694908
S11853	0.171725989495	0.196663700603	0.0209282720814	0.610682037821
S11857	0.173276248027	0.1908993229	0.0213277717669	0.614496657306
S11858	0.16980220338	0.192843740061	0.0218738185899	0.615480237969
S11860	0.168625581519	0.201934211488	0.0216645983083	0.607775608685
S11864	0.161351238562	0.192698348949	0.0239673620338	0.621983050455
S11870	0.166176188138	0.201806971131	0.0224706556331	0.609546185098
S11875	0.16550677725	0.205488619556	0.0212136529523	0.607790950242
S11877	0.156360831915	0.185795066073	0.0223281738533	0.635515928159
S11878	0.16530311064	0.198014900839	0.0223064222284	0.614375566292
S11882	0.15485129301	0.195768017923	0.021763025385	0.627617663682
S11883	0.167021100456	0.181843604951	0.0215003965801	0.629634898014
S11884	0.1737856598	0.196119220307	0.0232295803788	0.606865539514
S11886	0.173416305939	0.190538485195	0.0215396146413	0.614505594225
S11897	0.169492151932	0.202520229463	0.0222907963462	0.605696822259
S1190	0.163195841675	0.200487089166	0.022861946053	0.613455123106
S11903	0.169893521053	0.188041026392	0.0213846620057	0.620680790549
S11905	0.169089946081	0.182303072097	0.022523967842	0.62608301398
S11907	0.165519355446	0.191338698184	0.0216125580046	0.621529388366
S11914	0.168286817172	0.186062723558	0.0222231029883	0.623427356282
S11917	0.166073597149	0.197796378628	0.0214279354048	0.614702088818
S11928	0.164070821512	0.19458514898	0.0216383110041	0.619705718503
S11929	0.171827557723	0.203630322321	0.021592734902	0.602949385055
S1193	0.158128147372	0.200462465879	0.0237517732014	0.617657613548
S11930	0.158281435622	0.198501783669	0.0220166164667	0.621200164242
S11934	0.164768014144	0.207173542744	0.0215818075185	0.606476635594
S11939	0.178082268996	0.196508465801	0.0225921104733	0.60281715473
S11944	0.164190647959	0.205140221054	0.0221191263377	0.608550004649
S11945	0.161372276708	0.190206604762	0.0208337134818	0.627587405048
S11957	0.166559534433	0.20174502376	0.0219670073732	0.609728434434
S11958	0.183066741628	0.192279773045	0.021626509705	0.603026975622
S1196	0.174553776062	0.185543793115	0.0219384352805	0.617963995542
S11960	0.165410708641	0.197179025841	0.0208043525685	0.616605912949
S11965	0.155707659081	0.196920332417	0.0217590563301	0.625612952172
S11967	0.176797592146	0.199679560725	0.0214904122619	0.602032434866
S1197	0.165556086782	0.185068543993	0.0214569537286	0.627918415497
S11973	0.16172019894	0.209688011717	0.0208196810678	0.607772108275
S11974	0.164047185111	0.191510370476	0.0237567050072	0.620685739406
S11980	0.172059573797	0.193648377687	0.0228093029572	0.611482745558
S11985	0.166740459403	0.19548212776	0.0222110805598	0.615566332277
S11987	0.175176766815	0.190604284946	0.0220219049309	0.612197043308
S11993	0.16976165584	0.199959225199	0.0218911385026	0.608387980458
S12001	0.167171458734	0.191073414899	0.0222198464206	0.619535279947
S12004	0.17079592615	0.195669471086	0.0217063020407	0.611828300723
S12006	0.164820274476	0.206826478391	0.020753681412	0.607599565721
S12010	0.163677545289	0.196447483359	0.0211718112287	0.618703160123
S12011	0.170035376388	0.19823055714	0.0225185603591	0.609215506114
S12012	0.170122184611	0.183588531362	0.0218129066974	0.62447637733
S12022	0.177031159285	0.197033546423	0.0212371444929	0.6046981498
S12043	0.170900965247	0.203705364586	0.0230662804782	0.602327389689
S12052	0.1606960408	0.201315582945	0.0215532704669	0.616435105787
S12056	0.172117598128	0.19785914657	0.0217034897393	0.608319765562
S12057	0.168538181419	0.195663185553	0.0223971329398	0.613401500088
S12058	0.173435474706	0.177009473167	0.0208487245794	0.628706327548
S12061	0.163832279573	0.197340142515	0.0218789627494	0.616948615163
S12064	0.157839736806	0.204881319651	0.0230615930662	0.614217350476
S12073	0.180940683857	0.18706249785	0.021740602045	0.610256216247
S12076	0.170598429459	0.194088627143	0.0215641060362	0.613748837362
S12079	0.162228607177	0.189513895716	0.0219302800331	0.626327217074
S12089	0.167674402576	0.191185149236	0.0227546140956	0.618385834092
S12098	0.161068381586	0.193573061384	0.0219030284227	0.623455528608
S1210	0.166091847741	0.201534417106	0.021985744191	0.610387990962
S12101	0.166423216507	0.188278948045	0.0204890988608	0.624808736587
S12105	0.162508205631	0.212987721594	0.0229471725536	0.601556900222
S12106	0.177179694996	0.189172830417	0.0209964187866	0.6126510558
S1212	0.166447996117	0.20606002368	0.0222479590921	0.605244021111
S12120	0.17162196786	0.198672483711	0.0224192171529	0.607286331277
S12129	0.169881613229	0.20008316474	0.0224989504347	0.607536271597
S12137	0.173991261012	0.195989512847	0.0223954325781	0.607623793563
S12140	0.15428604751	0.190771813789	0.0229303301037	0.632011808597
S12159	0.162728089116	0.207433448432	0.0219888548363	0.607849607616
S12170	0.171930405474	0.191651670101	0.022084690199	0.614333234226
S12178	0.161435312137	0.206969216243	0.0220225483643	0.609572923255
S12179	0.169604343222	0.21184481502	0.0214800145674	0.59707082719
S1218	0.170723380949	0.202471926385	0.0219138490585	0.604890843607
S12182	0.169540873503	0.200082670348	0.0210760375958	0.609300418554
S12196	0.164035396304	0.197212225251	0.0217545925017	0.616997785943
S12198	0.167947567643	0.194951787081	0.0216701393727	0.615430505903
S1220	0.16030579552	0.19680642378	0.0227906351319	0.620097145568
S12200	0.161970156023	0.201633190883	0.022156014369	0.614240638725
S12202	0.164129206245	0.189702655412	0.0217460527413	0.624422085602
S12206	0.165558954422	0.19487192754	0.0228031847799	0.616765933259
S12208	0.161130284036	0.205468624596	0.023049240084	0.610351851284
S12215	0.165401548796	0.204974080084	0.0223525743422	0.607271796777
S12221	0.168008564779	0.209861792786	0.0211424920791	0.600987150356
S12228	0.178134830469	0.198442077807	0.0220052307229	0.601417861001
S12231	0.169268494896	0.193167856398	0.0217518020662	0.61581184664
S12240	0.152726199849	0.19850622196	0.0210895672028	0.627678010988
S12241	0.16812798568	0.195051241553	0.0231628281606	0.613657944607
S12244	0.166814388956	0.196135471226	0.0224001490453	0.614649990773
S12245	0.170363689743	0.197232438613	0.0221040482227	0.610299823421
S12249	0.165971642382	0.200710845336	0.0216798025026	0.61163770978
S12251	0.165228928837	0.189773853142	0.0236664156468	0.621330802375
S12261	0.162134587421	0.194609908597	0.0215114199416	0.621744084041
S12264	0.157850465271	0.201533059096	0.0229150562837	0.617701419349
S12265	0.162780007524	0.189880558676	0.02276581224	0.62457362156
S12271	0.171780478181	0.198134892435	0.0227940668959	0.607290562489
S12276	0.16695174972	0.208936777674	0.021819484849	0.602291987757
S12278	0.162425506696	0.196588228553	0.0233552209577	0.617631043793
S12279	0.171190392855	0.197947127552	0.0228215762277	0.608040903366
S12282	0.166457294118	0.190536019163	0.0221332190159	0.620873467703
S12285	0.167521117714	0.199889409906	0.0225220906506	0.61006738173
S12291	0.162476051221	0.199641956804	0.0218923752686	0.615989616707
S12294	0.171539476434	0.196505409625	0.0221688592567	0.609786254684
S12308	0.169270203152	0.192476986916	0.0228023804526	0.61545042948
S12335	0.157180965242	0.194240008933	0.0228352613465	0.625743764479
S12344	0.158879536623	0.199970978415	0.0219099514238	0.619239533538
S12347	0.166610561181	0.190843551976	0.0230689042414	0.619476982602
S12348	0.164486667918	0.197100695687	0.0208465334567	0.617566102939
S12354	0.161329986456	0.210035204193	0.0204893441471	0.608145465204
S1236	0.169260539822	0.198814247199	0.0211641214341	0.610761091544
S12365	0.158676373316	0.20007758236	0.0223902816623	0.618855762662
S12366	0.177571230019	0.19695926777	0.0225719822284	0.602897519983
S12374	0.170618681346	0.199953409234	0.0226801393174	0.606747770102
S12385	0.176786801857	0.201538342296	0.0224233755639	0.599251480283
S1239	0.160579588652	0.19473105783	0.0238971480418	0.620792205477
S12391	0.167188830636	0.197902086504	0.0213893113026	0.613519771558
S12394	0.175178466204	0.198910809533	0.0212078459746	0.604702878288
S12406	0.170786871795	0.196795984919	0.0226774877153	0.609739655571
S1241	0.170498313196	0.183450104387	0.0221073746147	0.623944207802
S12410	0.16946026149	0.19817788855	0.0215430596096	0.61081879035
S12417	0.170646168102	0.192688903758	0.0217272625281	0.614937665612
S12419	0.171620746763	0.193057195024	0.0222388505221	0.613083207691
S12428	0.165189322283	0.195781608808	0.0226504453694	0.61637862354
S12431	0.173751639257	0.206866905277	0.0224018095457	0.59697964592
S12432	0.164452967594	0.206908198087	0.0222413545318	0.606397479788
S12436	0.165412500478	0.194652261834	0.0221666730808	0.617768564607
S12437	0.172217860259	0.197537335925	0.0223726940857	0.607872109731
S12439	0.174317127672	0.19525788065	0.0230688188695	0.607356172809
S12440	0.165763642809	0.202156425643	0.0222260430073	0.60985388854
S12441	0.171420368406	0.181475151329	0.0238428226737	0.623261657591
S12447	0.173149813468	0.197710662484	0.0216464595157	0.607493064533
S12450	0.169491227537	0.185946889391	0.0218330097015	0.622728873371
S12452	0.159539784971	0.205750101581	0.0226623634509	0.612047749997
S1246	0.165233339032	0.194988668985	0.0230996578646	0.616678334119
S12463	0.161242935881	0.197399768773	0.0227202282215	0.618637067125
S12464	0.158200760955	0.207862115217	0.0205143262874	0.613422797541
S12488	0.1520645081	0.206569951976	0.0214168938852	0.619948646038
S12489	0.172930833075	0.192603990702	0.0214863912092	0.612978785013
S12496	0.158891765208	0.200102375615	0.0215636387158	0.619442220461
S12500	0.166776321589	0.197403819488	0.0227104248534	0.613109434069
S12501	0.162477409446	0.19877010002	0.0223004517978	0.616452038736
S1251	0.156776846773	0.197548454512	0.0216941675011	0.623980531214
S12516	0.164228867818	0.20517267569	0.0230738341832	0.607524622309
S1252	0.164226641	0.194517886932	0.0224374836466	0.618817988422
S12524	0.170228836508	0.185959768956	0.0214317707738	0.622379623762
S12527	0.16565982213	0.196267383997	0.0217719968732	0.616300796999
S12535	0.183777284728	0.188364751202	0.0220117354706	0.605846228599
S12540	0.171479306302	0.197909744552	0.0224241590233	0.608186790122
S12548	0.169388233366	0.197566983196	0.0230446359215	0.610000147516
S12556	0.169452250568	0.198885992544	0.0223850313269	0.609276725561
S12563	0.174035333646	0.193722209363	0.0226264894248	0.609615967566
S12568	0.157153334329	0.195617853938	0.0220490144333	0.6251797973
S12569	0.161357280114	0.204661276579	0.0218705714487	0.612110871858
S12570	0.171022939395	0.198511642251	0.0227229103733	0.60774250798
S12577	0.174014754498	0.191560242682	0.02213169091	0.61229331191
S12582	0.168339432174	0.194023255602	0.0247069890843	0.612930323139
S12583	0.168634526812	0.199917893828	0.0226532827038	0.608794296656
S12585	0.166830614434	0.202437314782	0.0213033828529	0.609428687932
S12590	0.161417158382	0.190907694376	0.0207557142155	0.626919433026
S12596	0.171486181811	0.196592085062	0.0219716476178	0.60995008551
S12597	0.167711057517	0.195193854403	0.0227268723777	0.614368215702
S12604	0.166319370471	0.208281975746	0.0212765180567	0.604122135726
S12605	0.16023155377	0.200273214896	0.0215985972537	0.61789663408
S12608	0.161486850867	0.194438334442	0.0224253425947	0.621649472096
S12617	0.161899469508	0.194017113833	0.0216903067232	0.622393109936
S12618	0.156202271595	0.197482509684	0.0228825759266	0.623432642794
S12624	0.170818221554	0.199963425652	0.021999301528	0.607219051266
S12628	0.171534902817	0.193509824789	0.0219221234026	0.613033148992
S12637	0.165199160271	0.196650842829	0.0222549971246	0.615894999775
S12655	0.163097884148	0.207597420285	0.022195213016	0.607109482551
S12658	0.179482126053	0.192589471873	0.02255105837	0.605377343704
S1266	0.162979992457	0.205944024614	0.0220795372155	0.608996445713
S12665	0.164814002573	0.208728275267	0.0212355973545	0.605222124806
S12666	0.165113314627	0.190370101688	0.0220151516689	0.622501432017
S12667	0.163642426798	0.202156567715	0.0221057969222	0.612095208565
S12675	0.162916489086	0.209795184589	0.0216600730147	0.605628253311
S12682	0.163738002492	0.195281741387	0.0227148953667	0.618265360754
S12691	0.170320148231	0.194925294558	0.0225665919715	0.61218796524
S12704	0.174398339147	0.200433489866	0.0227630628151	0.602405108172
S12706	0.159013394097	0.195109969231	0.0204731463624	0.62540349031
S12707	0.163160180025	0.196550785518	0.0228697521934	0.617419282264
S12721	0.165396876501	0.201273809524	0.0210906460462	0.612238667929
S12722	0.169863573884	0.196432976994	0.0222737912655	0.611429657857
S12731	0.166127105879	0.179967834669	0.0219690717705	0.631935987682
S12734	0.156676099916	0.206126757711	0.0224093652083	0.614787777164
S12735	0.158555290699	0.191864626659	0.0225087445323	0.62707133811
S12736	0.179631434529	0.188654908493	0.0229368552016	0.608776801776
S12742	0.175699995348	0.195824846568	0.0226357191728	0.605839438911
S12754	0.171517394954	0.199216897951	0.0222168267918	0.607048880304
S12760	0.167176144072	0.197242270111	0.0209249492751	0.614656636542
S12773	0.166999558152	0.18536735382	0.0219540445845	0.625679043443
S12775	0.168592821821	0.20262998142	0.0205181083647	0.608259088394
S12776	0.181013341643	0.176080333756	0.0233870067144	0.619519317886
S12779	0.15796053821	0.203790002686	0.0225900310372	0.615659428067
S12781	0.171203998325	0.196891333742	0.022579144597	0.609325523336
S12785	0.167646494524	0.208837010037	0.0219146555416	0.601601839898
S12790	0.161965093783	0.206670047901	0.0223290167052	0.609035841611
S12794	0.170608542676	0.195172599757	0.0207922668593	0.613426590708
S12796	0.167628590393	0.19181414541	0.0215907346583	0.618966529539
S12798	0.15412678109	0.21549728394	0.0215882247823	0.608787710188
S128	0.148374411757	0.223917699399	0.0217694403293	0.605938448515
