	Neutrophils	Lymphocyte	Monocytes	Other
S10001	0.4387006531	0.0927264225501	7.16600812737e-05	0.468501264268
S10006	0.414550559609	0.107026558028	2.30946284921e-05	0.478399787735
S1001	0.402540354871	0.125021279612	9.67531101308e-06	0.472428690206
S10010	0.482942287631	0.106335975515	2.40386573659e-05	0.410697698197
S10011	0.4213574423	0.0962356543726	1.07115313289e-06	0.482405832175
S10014	0.428675295341	0.102683371392	9.50509851508e-06	0.468631828169
S10026	0.43497854998	0.143591465463	3.6990291331e-06	0.421426285528
S10032	0.425390108668	0.146098527405	3.18830303951e-05	0.428479480897
S10036	0.445634074005	0.106191030023	2.44022081862e-05	0.448150493764
S10042	0.426102040538	0.135635015935	1.29773834766e-05	0.438249966144
S10044	0.430643017519	0.138211107005	1.55271517622e-08	0.431145859949
S10049	0.414280965408	0.143473484024	8.23205389886e-07	0.442244727363
S10057	0.366295935961	0.0960357992805	1.28230867407e-05	0.537655441672
S10062	0.422895633207	0.132388040487	1.71906625217e-05	0.444699135643
S10066	0.499731723695	0.0824159961128	3.74206386413e-05	0.417814859554
S10067	0.385420134659	0.170897634414	2.9569624695e-05	0.443652661302
S1007	0.407291560416	0.114345034061	2.94640206922e-06	0.478360459121
S10073	0.408784188441	0.151085650487	6.32137450166e-07	0.440129528935
S10077	0.424212885602	0.125246305234	6.3851774191e-06	0.450534423987
S10080	0.433208105453	0.0834854645725	6.28018297729e-05	0.483243628145
S10082	0.416414282218	0.147226390096	6.83750633749e-06	0.43635249018
S10087	0.407133282684	0.154514496143	1.11740772238e-05	0.438341047096
S10089	0.443287819304	0.105387099046	1.01807133695e-05	0.451314900936
S1009	0.361655109296	0.1595216678	2.12376278116e-05	0.478801985276
S10090	0.427063105969	0.104416082882	3.42966733969e-05	0.468486514476
S10093	0.400671572419	0.0840811140518	2.09905813349e-05	0.515226322948
S10094	0.448762225082	0.124927979471	1.50177479198e-05	0.426294777699
S1010	0.413359530735	0.112496157916	2.30962618489e-05	0.474121215088
S10111	0.390703993615	0.154467027874	8.64627624717e-06	0.454820332235
S10116	0.331505509469	0.161714979602	2.25947045296e-05	0.506756916224
S10119	0.383962412633	0.149493358474	1.74241064034e-05	0.466526804787
S10121	0.436431556638	0.126746987583	1.0862110515e-05	0.436810593668
S10130	0.445635829371	0.0930269107389	6.04042331531e-05	0.461276855657
S10140	0.463065784772	0.12496940681	1.45394738458e-05	0.411950268944
S10142	0.38134986944	0.160124014846	3.97433142971e-06	0.458522141382
S10150	0.486813401701	0.0808639769555	1.35754537897e-06	0.432321263798
S10155	0.413847839239	0.113740865202	6.16237411047e-06	0.472405133184
S1016	0.421980628414	0.123267460678	1.46063923754e-05	0.454737304516
S10163	0.442126122464	0.0676843609112	9.05642960403e-06	0.490180460196
S10167	0.41397603555	0.115080410829	5.09431403792e-06	0.470938459308
S10168	0.387552678623	0.167835925032	1.88240120787e-05	0.444592572333
S10173	0.384331121462	0.165590710676	2.51267043749e-06	0.450075655191
S10175	0.447132115878	0.117881063591	8.12954382338e-06	0.434978690987
S10179	0.356600607894	0.14688342084	2.3316472258e-06	0.496513639619
S10186	0.316452426869	0.186582215644	2.93174543985e-06	0.496962425741
S1019	0.39962739086	0.14006604432	6.36570284139e-06	0.460300199117
S10190	0.387054352751	0.173984771713	2.24241547883e-05	0.438938451382
S10195	0.443955653515	0.100271525592	7.4763701688e-06	0.455765344523
S10196	0.417754322962	0.126989691353	2.19549842406e-05	0.455234030701
S10200	0.451442796512	0.120591782104	6.60246464943e-06	0.42795881892
S10201	0.5195449133	0.0652906862546	9.44856336533e-06	0.415154951882
S10202	0.437831113683	0.0951319025862	6.58264359928e-05	0.466971157295
S10205	0.431330073051	0.113726957174	3.70672656097e-05	0.454905902509
S10211	0.38346652233	0.118751319498	3.80147051235e-05	0.497744143467
S10221	0.40680353754	0.129675412246	3.59819796132e-06	0.463517452016
S10222	0.43914404648	0.107386661055	2.30857050664e-05	0.45344620676
S10226	0.439515838396	0.105558474324	5.10273308488e-06	0.454920584548
S10227	0.438933224145	0.100255964087	2.99952241733e-05	0.460780816544
S10228	0.43163638072	0.123892038395	1.0666662683e-05	0.444460914223
S10232	0.329911187235	0.14981620802	1.76941467451e-07	0.520272427803
S10248	0.414604416806	0.139274224371	2.20489786764e-09	0.446121356618
S10249	0.488118361073	0.0738452831001	3.79976188685e-06	0.438032556065
S1025	0.402501895895	0.154440691058	7.74140020642e-06	0.443049671647
S10266	0.458364940999	0.0851586793737	4.75654008809e-05	0.456428814226
S10269	0.443427255383	0.124839248999	1.89293132995e-06	0.431731602686
S10272	0.450867784157	0.0950136348469	3.43407863812e-06	0.454115146917
S10273	0.449358545494	0.125648429922	8.11334056656e-06	0.424984911243
S10274	0.427868535305	0.117049924378	1.14821292074e-05	0.455070058188
S1028	0.433928438519	0.13032707843	3.91754632525e-07	0.435744091297
S10280	0.424078298898	0.141980298904	3.80848407072e-05	0.433903317357
S10283	0.359103155596	0.204574258761	5.14694843463e-05	0.436271116159
S1029	0.407400314459	0.115320215232	1.44919370429e-07	0.47727932539
S10292	0.377666658161	0.140287830292	3.00157345922e-06	0.482042509973
S10294	0.372106791008	0.166460512292	3.39297616175e-06	0.461429303724
S10302	0.402723673344	0.144059410635	3.58563362058e-05	0.453181059686
S10303	0.426232869753	0.131568994081	3.58510268754e-06	0.442194551064
S10323	0.426375768304	0.111805003223	6.99156619692e-06	0.461812236907
S10326	0.440020478563	0.125149675516	8.00989736477e-07	0.434829044931
S10328	0.408527984696	0.15980945075	6.70890264841e-06	0.431655855652
S10329	0.403967090288	0.150062012781	4.3606553603e-06	0.445966536275
S10336	0.424754744529	0.130642881622	9.53212284665e-06	0.444592841727
S10340	0.441613552702	0.115906011942	5.34656007459e-06	0.442475088796
S10347	0.400007061444	0.0839526378947	1.2919016225e-05	0.516027381645
S10353	0.42761152019	0.125252305303	8.13480099482e-06	0.447128039706
S10356	0.401225141321	0.119634025581	1.89159644831e-05	0.479121917134
S10358	0.446989770371	0.12021424885	5.49829657107e-06	0.432790482482
S10365	0.456725268802	0.109904567973	1.04179747258e-05	0.433359745251
S1037	0.346428189417	0.175042970089	2.86320282501e-06	0.478525977291
S10373	0.393280551712	0.146315473072	1.1140912375e-06	0.460402861126
S10374	0.375658183656	0.112996377474	1.84005904783e-06	0.511343598811
S10375	0.439714064561	0.0992925336347	2.39227553827e-05	0.460969479049
S10377	0.357193896109	0.0972635841027	7.63700920621e-05	0.545466149696
S10378	0.414118268661	0.155468811109	3.28501260332e-05	0.430380070104
S10390	0.401884684602	0.0713812099319	5.87665359667e-05	0.52667533893
S10391	0.379440918196	0.0997856124707	4.94243821421e-06	0.520768526895
S10393	0.39690812188	0.133774224473	5.12396379215e-07	0.469317141251
S10400	0.439684080248	0.0908582607252	1.92414836275e-05	0.469438417544
S10401	0.412833485963	0.0876264703514	4.76415758534e-05	0.49949240211
S10406	0.465062067898	0.0822013090782	2.24184733113e-05	0.45271420455
S10408	0.44254925998	0.0930144400606	7.51287494381e-06	0.464428787085
S10409	0.389060317642	0.137860856413	1.26749363029e-06	0.473077558451
S10418	0.457472003831	0.0494467014507	4.92137241522e-06	0.493076373345
S10431	0.421408488573	0.121108026119	6.39715843626e-06	0.45747708815
S10438	0.400196371768	0.132893748459	9.24216331943e-06	0.466900637609
S10439	0.427365591331	0.137391584323	2.63077050408e-05	0.43521651664
S10441	0.465710980516	0.119772234411	4.73757446295e-05	0.414469409328
S10442	0.422416030219	0.128456886201	8.71576455336e-06	0.449118367816
S1046	0.476984022521	0.107842360259	7.363764637e-06	0.415166253455
S10478	0.50239546981	0.0803029278016	1.56999185885e-06	0.417300032396
S10480	0.335121827946	0.177150673518	3.67599532132e-06	0.487723822541
S10484	0.442295086037	0.105530547223	2.08558569729e-05	0.452153510883
S10492	0.362209568878	0.137029752914	2.38226828656e-05	0.500736855525
S10496	0.388152782812	0.167879551045	1.8244695435e-05	0.443949421447
S10510	0.404072421693	0.110503578136	2.18125975892e-06	0.485421818911
S10513	0.443743051097	0.102286925077	3.78512208441e-05	0.453932172605
S10516	0.426273171425	0.125737467539	4.84153879262e-06	0.447984519497
S10534	0.417259090041	0.131812655469	9.59276711905e-06	0.450918661723
S10535	0.385623744884	0.157398881756	1.53001274606e-05	0.456962073232
S10537	0.426893915106	0.145016963664	2.21942316166e-06	0.428086901807
S1054	0.388454924878	0.120859807482	4.66913156707e-05	0.490638576324
S10543	0.419554142561	0.141008681494	2.2996806932e-05	0.439414179139
S10546	0.396936384452	0.121852727397	5.64606963234e-06	0.481205242082
S1055	0.485502661228	0.0655319440926	4.52964665444e-06	0.448960865032
S10551	0.41537594895	0.121532527206	1.97488025284e-05	0.463071775041
S10552	0.454742911015	0.079964249018	7.51121115756e-06	0.465285328755
S10555	0.385530658998	0.177155186064	6.82445790189e-06	0.437307330481
S10559	0.438172838419	0.128388330744	3.11245960386e-05	0.433407706241
S1056	0.411677559187	0.148111497025	3.03175387015e-05	0.440180626249
S10563	0.453292351789	0.0787319614944	3.13322449934e-05	0.467944354471
S10574	0.398026628353	0.156119050125	4.08862189549e-05	0.445813435304
S10576	0.476402602166	0.096218418471	5.97406693666e-07	0.427378381956
S10578	0.445010009973	0.0999505405598	2.10993133071e-05	0.455018350154
S10579	0.457386585876	0.121141616255	1.57127277242e-05	0.421456085141
S10582	0.453889147968	0.13389155687	3.55627346014e-06	0.412215738889
S1059	0.429539600926	0.130535020303	2.22701851654e-05	0.439903108585
S10599	0.449076592965	0.135813882448	1.01183823434e-05	0.415099406205
S10611	0.459208600045	0.111979005909	1.00429564652e-05	0.42880235109
S10614	0.477148434837	0.115197005591	1.09401643322e-05	0.407643619408
S10624	0.410209258896	0.140267415048	0.000116370771098	0.449406955284
S10632	0.427318982222	0.103813711665	1.78661281237e-05	0.468849439985
S10634	0.41590278481	0.149079990755	3.36639327413e-06	0.435013858041
S10638	0.439630647412	0.10850354467	8.20537365675e-06	0.451857602544
S10644	0.393284013284	0.157272120777	1.81019775316e-06	0.449442055741
S10649	0.490206475009	0.0999479943455	1.627765981e-06	0.40984390288
S10652	0.460230466926	0.0904961090223	8.0661385697e-06	0.449265357913
S10654	0.394705375152	0.167020476064	1.26358952255e-05	0.438261512889
S10655	0.434189690055	0.131475546668	4.20454439441e-06	0.434330558733
S10656	0.406737316104	0.170866872208	3.79584456239e-06	0.422392015843
S10657	0.408805711408	0.108968971752	1.41515592912e-05	0.482211165281
S10658	0.430418291367	0.156293264332	1.71373247938e-06	0.413286730568
S10660	0.327208842887	0.155396535249	1.97921185148e-05	0.517374829746
S10661	0.397396477152	0.1430549203	2.11243620554e-05	0.459527478186
S10676	0.460663365809	0.102561805651	3.81140210646e-05	0.436736714519
S1068	0.418660708568	0.15046128207	9.63370495341e-06	0.430868375657
S10681	0.417829954877	0.117870202548	3.63072535572e-07	0.464299479502
S10686	0.41955305797	0.0852094050674	4.10445887281e-05	0.495196492374
S10688	0.408631061996	0.125742998893	2.0961882231e-05	0.465604977229
S10690	0.400527113126	0.126450614087	2.84706308693e-05	0.472993802156
S10698	0.389846514473	0.161066472017	1.80279624369e-05	0.449068985547
S107	0.409024919588	0.121470536588	4.03646875935e-05	0.469464179136
S10703	0.39000422283	0.161052505274	5.49536385537e-06	0.448937776532
S10726	0.409012899402	0.132124968116	2.31909884938e-05	0.458838941493
S10729	0.424459510134	0.0854758093164	4.05552972625e-05	0.490024125252
S10733	0.439831591373	0.141821572211	1.72293399884e-05	0.418329607076
S10734	0.370656116077	0.13610821706	1.97670008051e-05	0.493215899863
S10735	0.412766511628	0.128168193725	2.46858131685e-05	0.459040608834
S10740	0.459359879792	0.10872234506	1.00760700494e-05	0.431907699078
S10745	0.482903265767	0.10660106079	6.35901012167e-05	0.410432083342
S10748	0.400110774299	0.126037191824	2.80169300407e-05	0.473824016947
S10753	0.441098091858	0.116833442162	1.42655915163e-05	0.442054200389
S10756	0.414041799911	0.148527184056	2.75608879712e-05	0.437403455145
S10757	0.352792533836	0.188876610336	1.81932344047e-07	0.458330673895
S1076	0.420227771907	0.147073193886	4.76440135545e-06	0.432694269806
S10764	0.419050163992	0.0964089080031	2.20573265265e-05	0.484518870679
S10767	0.350833204013	0.151563465662	2.57834817755e-05	0.497577546843
S10776	0.466178317704	0.140488220356	7.48546012566e-07	0.393332713394
S10778	0.458705598276	0.11093165034	6.53909235623e-06	0.430356212292
S10784	0.48924303054	0.108796648462	2.03932254555e-05	0.401939927772
S10787	0.39634270717	0.137445024928	2.06593767031e-06	0.466210201964
S10800	0.415626298127	0.154264743817	1.37151515708e-05	0.430095242904
S10805	0.441711381246	0.0849763216138	5.08495421574e-05	0.473261447598
S10813	0.435699250027	0.138196819082	2.85912678182e-05	0.426075339624
S10814	0.417215298254	0.0968601084421	2.49057844411e-05	0.485899687519
S10815	0.458867959999	0.125355693612	8.38797057626e-06	0.415767958419
S10817	0.394233596362	0.123839575743	9.13010780384e-07	0.481925914884
S1083	0.411308681217	0.164071362026	1.13972665357e-05	0.42460855949
S10835	0.42064162384	0.123733009121	1.29213938302e-05	0.455612445645
S10838	0.428926212984	0.137145112173	6.81303898466e-06	0.433921861804
S10844	0.408955271053	0.136389669715	2.53785165288e-05	0.454629680715
S10845	0.450837492111	0.115792643838	1.06508436546e-05	0.433359213207
S10846	0.358496083683	0.181531904607	4.49794276943e-05	0.459927032283
S10853	0.456048883558	0.0874333750974	2.64726298606e-06	0.456515094081
S10854	0.383215929758	0.16986550368	3.96699107865e-06	0.446914599571
S10865	0.434710906815	0.119968889164	2.03830752844e-05	0.445299820945
S10866	0.422550190507	0.139457554855	1.67837727726e-06	0.437990576261
S10869	0.487029009834	0.0927376363358	7.76143793045e-06	0.420225592392
S10873	0.447575265221	0.100629357612	1.53533471767e-06	0.451793841832
S10876	0.40114698483	0.164733278431	7.95764723029e-06	0.434111779091
S10883	0.435096531423	0.119677139159	1.47859788838e-05	0.445211543439
S10885	0.41496226643	0.119563492271	3.02470158759e-05	0.465443994283
S10893	0.466356857334	0.114508257875	9.36473153554e-06	0.41912552006
S10895	0.459730238381	0.114152402622	1.13048515998e-06	0.426116228511
S10902	0.403335962185	0.110701121571	1.61746473597e-05	0.485946741597
S10903	0.42237569765	0.0789260462451	1.15916043756e-05	0.498686664501
S1092	0.478896772349	0.121200519315	8.95969996766e-06	0.399893748637
S10925	0.429364343914	0.124443162162	4.03964314807e-06	0.446188454281
S10927	0.466593123779	0.0834896222041	3.58303892694e-05	0.449881423628
S10936	0.383216984854	0.17194451071	2.82061703354e-05	0.444810298266
S10945	0.464962458973	0.130155470214	1.76223985741e-05	0.404864448414
S10947	0.406447133301	0.0952391890895	9.41466904167e-06	0.498304262941
S10949	0.403368561536	0.114876624019	1.36582880632e-05	0.481741156157
S1095	0.425029464639	0.0781132103567	1.95490442775e-05	0.49683777596
S10961	0.445886471882	0.100188413512	9.97515348391e-06	0.453915139453
S10969	0.406412670888	0.159335860486	2.22017533493e-06	0.434249248451
S10972	0.428058369468	0.10779288302	2.46718492272e-06	0.464146280327
S10973	0.483475031043	0.066238317308	1.01209282633e-05	0.450276530721
S10978	0.459935956844	0.120571668931	2.94347180393e-05	0.419462939507
S10979	0.4161593185	0.123739763929	1.10726002688e-05	0.460089844971
S10986	0.441356961945	0.0897870190586	1.06991240205e-05	0.468845319872
S10989	0.442836398234	0.136301340978	1.93429455155e-05	0.420842917843
S10995	0.433115617787	0.141934703449	9.58860078323e-06	0.424940090163
S11005	0.387782319938	0.135728060656	3.25380202591e-05	0.476457081386
S11008	0.446796811624	0.0749027804989	2.32525059336e-05	0.478277155371
S11010	0.376736446193	0.12961931561	8.01740195092e-06	0.493636220794
S11013	0.4193456057	0.147113158798	1.41504792875e-05	0.433527085022
S11016	0.402494809771	0.146162948002	1.0344991688e-05	0.451331897235
S11017	0.429268310546	0.138306331355	2.81069857679e-05	0.432397251113
S11020	0.439537718407	0.128736926791	4.06410647246e-05	0.431684713738
S11027	0.46111677222	0.107463267865	8.11676111575e-06	0.431411843154
S11035	0.4553050752	0.108735470528	7.75892132401e-06	0.435951695351
S11041	0.427543899938	0.138439569722	1.22483578534e-05	0.434004281982
S1106	0.43919696472	0.135860087626	3.39496027128e-06	0.424939552694
S11071	0.327377905679	0.194312432351	1.65758747561e-05	0.478293086095
S11076	0.409693481659	0.134765292343	2.42706742137e-06	0.455538798931
S11078	0.456473104725	0.120351323639	4.65184903502e-06	0.423170919788
S11081	0.412516356867	0.130742637016	1.46893274539e-05	0.45672631679
S11086	0.435470762793	0.118750744011	5.87459285527e-06	0.445772618604
S1109	0.439520101633	0.147740857555	9.95450465381e-06	0.412729086307
S11096	0.481496486785	0.0913570128418	9.56165206988e-06	0.427136938722
S11100	0.42217664479	0.118850658454	7.8902576713e-06	0.458964806498
S11107	0.456221386419	0.114225066895	2.70564226578e-06	0.429550841044
S11109	0.455189170449	0.101066447676	2.23248511373e-05	0.443722057023
S1111	0.341399929654	0.155911636033	3.22858490606e-06	0.502685205728
S11119	0.435666917583	0.109474751943	2.07448941852e-06	0.454856255985
S11127	0.384566003123	0.132595073312	1.77325027204e-05	0.482821191062
S11136	0.398147947312	0.103638413626	6.55825592558e-06	0.498207080806
S11147	0.460220742351	0.104389092791	4.12333961921e-05	0.435348931461
S11150	0.475447418529	0.10488356786	2.42674304994e-06	0.419666586868
S11152	0.430287519529	0.116602942298	2.46614477035e-06	0.453107072028
S1116	0.366540329186	0.161948689632	2.66233544216e-06	0.471508318846
S11163	0.402364457436	0.146270194304	3.81724712719e-06	0.451361531013
S11164	0.479845298025	0.0916579765467	1.16187543733e-06	0.428495563553
S11166	0.368920624491	0.0954137537225	2.90101167469e-05	0.53563661167
S11173	0.444440562627	0.0950208754267	3.2801191518e-06	0.460535281828
S11174	0.396847433253	0.141887330695	1.45508811874e-06	0.461263780964
S11182	0.418994819733	0.156663642154	4.97279839247e-07	0.424341040834
S11188	0.455656673238	0.129018406618	1.46701388082e-05	0.415310250005
S11189	0.440342913186	0.143468767576	2.0806883859e-05	0.416167512354
S1119	0.353481211452	0.157547657384	1.16590929111e-05	0.488959472071
S11195	0.403553441725	0.120291243396	1.41300019656e-05	0.476141184877
S11197	0.394964011359	0.114314245734	3.7743593189e-06	0.490717968548
S11198	0.517349080385	0.0882076764569	1.46441010773e-06	0.394441778748
S11211	0.405914261094	0.119485261216	8.84656873405e-05	0.474512012002
S11214	0.376148634284	0.143521325785	1.00443252093e-05	0.480319995606
S11216	0.445386681306	0.1196759205	3.86604496016e-05	0.434898737744
S11224	0.439174629156	0.121028867253	2.73537712169e-06	0.439793768214
S11236	0.439266833375	0.13325768812	6.39020125215e-07	0.427474839485
S11241	0.417204048987	0.106225515807	3.40814454117e-06	0.476567027061
S11243	0.425668450175	0.107580949099	3.30135910013e-06	0.466747299367
S11245	0.432208022814	0.0641757901228	1.09057089098e-05	0.503605281355
S11249	0.416362140973	0.123512805095	6.30121855455e-06	0.460118752713
S11274	0.390134791248	0.0646111635198	2.43568883243e-07	0.545253801663
S11280	0.396420792614	0.139603931263	2.44363780676e-05	0.463950839745
S11281	0.403331410571	0.135512029284	1.37520250047e-05	0.46114280812
S11285	0.402152672271	0.0877667273328	1.52629880811e-06	0.510079074097
S11298	0.377812632225	0.131689937251	8.86077283406e-06	0.490488569751
S11311	0.414929055733	0.141364414316	1.69795981621e-05	0.443689550353
S11312	0.43139609696	0.116002811784	7.3999751888e-06	0.452593691281
S11316	0.415290265256	0.138658082448	1.44108825634e-05	0.446037241414
S1133	0.4260200384	0.105227638143	3.67091458657e-06	0.468748652542
S11330	0.438422312038	0.137508652273	6.92611164034e-06	0.424062109578
S11332	0.370059092937	0.177577344743	1.03122575073e-05	0.452353250063
S11334	0.41167648989	0.148220649351	1.51812914826e-06	0.44010134263
S11335	0.460542352455	0.109518425677	1.57770894779e-06	0.42993764416
S11345	0.384052463675	0.101351661194	2.39299933758e-07	0.514595635831
S11349	0.401476302726	0.159596462429	1.58287277274e-05	0.438911406117
S1135	0.439170348239	0.1075545094	2.93290965801e-05	0.453245813265
S11352	0.467765852059	0.0895956704006	2.81475213405e-06	0.442635662788
S11353	0.469183453839	0.113360263914	1.07477893943e-05	0.417445534457
S11368	0.432797711604	0.113126674562	1.5611325981e-07	0.454075457721
S11369	0.407370591879	0.1165260799	1.19312478544e-05	0.476091396973
S11371	0.385963596052	0.130426523703	7.89483045214e-06	0.483601985415
S11377	0.46577976118	0.0825900816713	1.30812728616e-06	0.451628849021
S11378	0.362097043602	0.145429914714	2.67606382473e-05	0.492446281046
S11383	0.385876274148	0.17619633922	2.94817302539e-05	0.437897904902
S11384	0.348504326056	0.153669602751	3.09868370726e-06	0.497822972509
S11392	0.403772515396	0.127182244282	7.78569135107e-06	0.469037454631
S1140	0.430798335625	0.10283055922	5.15707913483e-06	0.466365948076
S11410	0.432877577871	0.118909772613	2.61588034491e-05	0.448186490712
S11411	0.379152426524	0.17412830237	8.90090922408e-06	0.446710370197
S11414	0.406870153746	0.122617545774	1.14099084357e-05	0.470500890572
S11419	0.445464645693	0.101490455242	1.05804562954e-05	0.453034318609
S11424	0.376013049288	0.120401265345	8.34384655823e-06	0.50357734152
S11425	0.416219628939	0.120523547806	1.39251853255e-05	0.46324289807
S11433	0.390525874322	0.128995631551	2.76856066879e-05	0.480450808521
S11434	0.416924450146	0.116912403276	3.29356446813e-05	0.466130210933
S11436	0.424907643389	0.13393373224	4.73456116362e-05	0.44111127876
S11437	0.371197834837	0.160160744587	2.1338689049e-06	0.468639286707
S11440	0.504242088152	0.0832277645491	2.10455583178e-05	0.412509101741
S11449	0.430072970351	0.165900272349	1.51805880742e-06	0.404025239241
S11459	0.376841293723	0.13870683799	2.26743315194e-06	0.484449600854
S11477	0.443727609868	0.131684287496	1.0298654764e-05	0.42457780398
S11480	0.461490149776	0.106451763355	6.52129759906e-06	0.432051565571
S11486	0.423860716991	0.130773469274	2.92686282345e-05	0.445336545106
S11501	0.410286548322	0.0858638353149	4.63290626326e-05	0.503803287301
S11504	0.36072144161	0.124490818336	4.52937204045e-05	0.514742446333
S11507	0.384897787959	0.13782368481	3.22632846388e-06	0.477275300903
S11518	0.350421466171	0.135411845882	1.23817177468e-05	0.514154306229
S11525	0.386046419655	0.131342520334	6.53494427166e-06	0.482604525067
S11531	0.424993928465	0.12877872748	2.25641339772e-05	0.446204779921
S11532	0.387626999504	0.130168653182	2.86536022907e-06	0.482201481954
S1154	0.386460689619	0.151943354524	5.44930968173e-05	0.46154146276
S11542	0.432110594799	0.0798322451842	4.79443157533e-05	0.488009215701
S11543	0.445720592662	0.115119984626	1.73308850332e-05	0.439142091827
S11546	0.449823082274	0.120787409332	3.99104142337e-06	0.429385517352
S1155	0.443076487308	0.0894293129376	2.25127981901e-05	0.467471686957
S1156	0.315426955517	0.172320672382	2.77529519519e-06	0.512249596805
S11568	0.452943309738	0.106644110615	5.73879461582e-06	0.440406840853
S11576	0.386666971365	0.169165720918	2.54537528938e-06	0.444164762341
S11584	0.471310848977	0.0972019724612	2.64120912053e-05	0.43146076647
S11586	0.445771344598	0.101020058104	3.40960266979e-07	0.453208256338
S11590	0.434375249552	0.13434934136	3.04106636125e-05	0.431244998425
S11592	0.369600996792	0.125331165537	4.33773633847e-07	0.505067403897
S11593	0.444176052074	0.109667711671	4.10428258609e-06	0.446152131972
S11599	0.412557966022	0.0750199953536	3.08575937928e-05	0.512391181031
S1160	0.377275247218	0.144330162817	4.01348578162e-08	0.47839454983
S11610	0.452142297237	0.0868409638383	3.62973258633e-06	0.461013109192
S11615	0.433122336436	0.147077625949	2.13901502604e-05	0.419778647465
S11629	0.421898913302	0.121430533736	5.06517095973e-06	0.456665487791
S11631	0.380093950376	0.165408642155	2.96950794854e-05	0.454467712389
S1164	0.433510019682	0.133801314926	7.14523989965e-07	0.432687950868
S11642	0.418947515047	0.0728873267556	1.50685572178e-05	0.50815008964
S11656	0.382551988924	0.090009510314	3.13118762412e-05	0.527407188886
S11663	0.415896669964	0.109947690654	3.4809781829e-05	0.474120829601
S11667	0.42025793205	0.130810232233	1.91146368163e-05	0.448912721081
S11668	0.437533551757	0.127658235337	1.66400746922e-05	0.434791572831
S1167	0.420668548767	0.128762428767	4.47520424898e-06	0.450564547261
S11673	0.400894347409	0.0963509671064	8.72082252177e-07	0.502753813402
S11682	0.452939652522	0.131419386052	5.61851573237e-06	0.41563534291
S11693	0.397037645636	0.133972513814	2.05943780905e-05	0.468969246172
S11696	0.428369200138	0.136859586412	1.54262862552e-05	0.434755787163
S11699	0.433808927269	0.16077871496	1.06180479556e-05	0.405401739723
S117	0.38094708217	0.0635639888604	1.77260115555e-05	0.555471202959
S1170	0.405058146252	0.157141087946	1.48286616084e-05	0.437785937141
S11709	0.448338116907	0.126807650952	5.35494143198e-06	0.4248488772
S11713	0.307560887736	0.18429507751	5.41298565115e-06	0.508138621768
S11717	0.376672565164	0.131263145692	1.40702987172e-05	0.492050218846
S1173	0.434423350882	0.101433241033	1.80300233916e-05	0.464125378062
S11731	0.503533222136	0.0846223341018	3.53551510055e-06	0.411840908247
S11732	0.438040611273	0.127747300058	1.09433083582e-05	0.434201145361
S11733	0.376774873559	0.131158976984	1.22696549197e-05	0.492053879802
S11734	0.433831066669	0.120920003881	1.21400978553e-05	0.445236789352
S11735	0.455676965726	0.120717027738	4.40424142848e-05	0.423561964121
S11737	0.387072251773	0.0934818618455	6.94130905133e-06	0.519438945072
S11745	0.433408962685	0.0893782082144	1.32189029602e-05	0.477199610197
S11760	0.43122767695	0.0837934927223	2.33842052798e-05	0.484955446123
S11761	0.299412578824	0.217434146634	8.8679790643e-07	0.483152387744
S11769	0.484183158002	0.0808729304327	1.07364998166e-05	0.434933175066
S11783	0.389453316275	0.166201874183	6.06522111038e-06	0.444338744321
S11784	0.432797035893	0.13635726982	1.63190821109e-05	0.430829375205
S11786	0.450077378943	0.123671576196	7.67136238494e-06	0.426243373498
S11797	0.423607139267	0.109153058044	2.41324737472e-05	0.467215670215
S11799	0.414234202023	0.123746988023	4.94665424159e-06	0.4620138633
S118	0.444208706616	0.105888021696	4.23427488245e-05	0.449860928939
S11800	0.398615955908	0.147768410816	1.87482087063e-05	0.453596885067
S11802	0.430128335288	0.113857374905	9.75867657935e-06	0.45600453113
S11806	0.471697279332	0.0694451665158	1.08695099844e-05	0.458846684642
S11807	0.343812751737	0.17667265056	4.40475740538e-06	0.479510192946
S11810	0.387468183388	0.149929846719	2.77986130476e-05	0.46257417128
S11811	0.471291592178	0.11289947817	2.65507410772e-05	0.415782378911
S11812	0.421243498897	0.0997421701486	3.09141581701e-05	0.478983416797
S11820	0.440338698635	0.130176034554	2.8268038998e-05	0.429456998773
S11822	0.481747929258	0.104689321049	1.40777906911e-05	0.413548671902
S11823	0.425198933483	0.101447835563	1.26234750299e-05	0.473340607479
S11826	0.435459921346	0.127371827312	6.91463203811e-06	0.43716133671
S1183	0.367028696808	0.107177202101	3.68320739468e-05	0.525757269017
S1184	0.40874882438	0.14963664833	6.8365296847e-05	0.441546161994
S11842	0.373474042736	0.142413517103	1.56751422498e-05	0.484096765019
S11843	0.455033383728	0.113197598766	3.53206738093e-07	0.431768664299
S11844	0.424298186541	0.123450261026	5.02170730594e-06	0.452246530726
S11850	0.388971172099	0.114980566341	3.78557449092e-05	0.496010405815
S11853	0.422585566733	0.126326577488	6.65500057678e-07	0.451087190278
S11857	0.449658680906	0.0999959643301	1.885682989e-05	0.450326497934
S11858	0.438731260506	0.091277470806	2.79766147455e-05	0.469963292073
S11860	0.432674418479	0.116570674108	3.00985555954e-05	0.450724808858
S11864	0.406640847289	0.142624072867	1.86025635055e-06	0.450733219588
S11870	0.418920358587	0.122767361603	2.99069733944e-07	0.45831198074
S11875	0.426880395552	0.138132974248	3.05141776993e-05	0.434956116023
S11877	0.381588373106	0.075986937469	1.08026398564e-05	0.542413886785
S11878	0.388020657267	0.125442665505	7.27579552952e-05	0.486463919273
S11882	0.394832916407	0.121577728914	2.62671956719e-05	0.483563087483
S11883	0.448007268763	0.083672929501	1.74732662494e-06	0.468318054409
S11884	0.451777971382	0.148487509697	3.02771276323e-05	0.399704241794
S11886	0.455603614094	0.0867666808504	1.18167845876e-05	0.457617888271
S11897	0.450929254774	0.0883334069357	3.16038440743e-05	0.460705734446
S1190	0.407079886311	0.166887425297	1.33161325687e-06	0.426031356778
S11903	0.471210630482	0.113940121809	7.14018628043e-06	0.414842107523
S11905	0.462332543073	0.0746008929284	9.5174950428e-07	0.463065612249
S11907	0.40445408632	0.104497323704	5.8165446085e-06	0.491042773431
S11914	0.453080011224	0.0784485844543	1.48758699203e-05	0.468456528452
S11917	0.419195059151	0.119815918641	1.21807499184e-05	0.460976841457
S11928	0.410272187293	0.100881794962	1.96828446151e-05	0.488826334901
S11929	0.432291553775	0.10625946718	2.09506333263e-05	0.461428028412
S1193	0.38867983339	0.159319692099	3.08106395212e-05	0.451969663872
S11930	0.381128896685	0.144222908683	3.38023664584e-05	0.474614392266
S11934	0.405933908545	0.139868388908	9.6042708542e-07	0.45419674212
S11939	0.487750265952	0.0798887288399	1.52760398526e-05	0.432345729168
S11944	0.414010128317	0.156270436469	8.24509759458e-07	0.429718610704
S11945	0.374181886275	0.119392252399	1.92867854466e-06	0.506423932647
S11957	0.447619064039	0.109932073813	9.77120746845e-06	0.442439090941
S11958	0.440674526294	0.0874562814936	1.4350676832e-05	0.471854841536
S1196	0.477508859647	0.0779189313436	3.83715343223e-05	0.444533837475
S11960	0.415437714427	0.127457471048	9.62995213483e-06	0.457095184573
S11965	0.371738274485	0.146436091749	2.89171645324e-05	0.481796716601
S11967	0.449284601308	0.116886913354	1.13329593227e-05	0.433817152379
S1197	0.423714539425	0.0847407444737	3.87122588959e-06	0.491540844876
S11973	0.383382809449	0.143436769797	4.45711513771e-05	0.473135849603
S11974	0.438963363757	0.127073370124	1.75601597802e-05	0.433945705959
S11980	0.452764707605	0.129080295278	3.18831232547e-06	0.418151808805
S11985	0.433475382345	0.124590123041	4.43876356016e-05	0.441890106978
S11987	0.461411607734	0.100190686152	6.42393547299e-05	0.438333466759
S11993	0.442375159026	0.133313707303	4.07058225795e-07	0.424310726613
S12001	0.437858363667	0.112676446359	2.04191022759e-05	0.449444770872
S12004	0.408553887648	0.0932596279225	5.68668856799e-05	0.498129617544
S12006	0.396570514495	0.156804117818	8.54718522469e-06	0.446616820502
S12010	0.377400242719	0.0896231317349	3.57250851494e-05	0.532940900461
S12011	0.441604728193	0.0791951113642	3.22771977827e-05	0.479167883245
S12012	0.442183122455	0.0424750266495	6.32361101939e-05	0.515278614786
S12022	0.409983754052	0.0845642016456	1.46607534018e-05	0.505437383549
S12043	0.441117062465	0.148194228093	3.51392361225e-05	0.410653570206
S12052	0.399164000189	0.149995228359	4.34769397841e-06	0.450836423757
S12056	0.442014289568	0.122211230999	7.41886857476e-06	0.435767060565
S12057	0.455760332227	0.0910662986725	1.59679918015e-05	0.453157401108
S12058	0.462891618285	0.0649562538858	1.66608115631e-06	0.472150461748
S12061	0.41774390209	0.141853704301	3.41757172071e-06	0.440398976037
S12064	0.379188783476	0.155190595311	2.16326381422e-05	0.465598988575
S12073	0.462122868092	0.0821891076973	3.90951163521e-06	0.455684114699
S12076	0.413491351459	0.106156055046	1.95062612697e-05	0.480333087233
S12079	0.431622164239	0.108835409632	6.02817393131e-07	0.459541823311
S12089	0.443096617548	0.0827959741612	3.39208733649e-05	0.474073487417
S12098	0.418095807898	0.141441500793	1.25676177623e-07	0.440462565633
S1210	0.419497815051	0.138324748089	1.05309089854e-05	0.442166905951
S12101	0.421592558483	0.0802128914973	2.82460519143e-05	0.498166303968
S12105	0.390820008784	0.156338132778	4.65728023433e-06	0.452837201157
S12106	0.417573514448	0.0802154689212	1.65804614671e-05	0.50219443617
S1212	0.420365130553	0.151531221471	1.79214926338e-05	0.428085726484
S12120	0.465191290022	0.11900821132	1.93250300052e-06	0.415798566155
S12129	0.420175093512	0.13353063067	3.93776102752e-06	0.446290338056
S12137	0.465471521922	0.109850965366	1.87032348723e-06	0.424675642389
S12140	0.394070068406	0.129448032888	1.19667868958e-05	0.476469931919
S12159	0.40617768337	0.155971853826	1.37565803195e-05	0.437836706223
S12170	0.461052743199	0.118604394224	1.80972366232e-05	0.420324765341
S12178	0.396397135651	0.156211859386	2.37913005776e-06	0.447388625833
S12179	0.425100378153	0.14175114274	6.79476707045e-06	0.43314168434
S1218	0.407240633745	0.119808374735	3.87505480192e-05	0.472912240971
S12182	0.409195690553	0.0942659763013	2.6770874179e-05	0.496511562271
S12196	0.42058294211	0.11231274457	4.23385045053e-06	0.46710007947
S12198	0.428126765573	0.142084207999	2.08614698816e-05	0.429768164958
S1220	0.409505743432	0.139134301249	2.20289854193e-05	0.451337926334
S12200	0.443639850481	0.118539857404	8.62285512877e-06	0.43781166926
S12202	0.435708887093	0.105211818499	8.23909828576e-06	0.459071055309
S12206	0.434445499139	0.128923863044	3.49843743123e-06	0.436627139379
S12208	0.389031173048	0.164394590267	4.15768606774e-06	0.446570078998
S12215	0.410726126344	0.0910689445331	1.68570884145e-05	0.498188072035
S12221	0.400293044918	0.155579001888	2.29738036739e-06	0.444125655813
S12228	0.422787651522	0.0663024237565	1.1550009618e-05	0.510898374712
S12231	0.449978893665	0.095033242269	4.34664197729e-06	0.454983517424
S12240	0.33256209048	0.149672262827	9.78921688314e-06	0.517755857476
S12241	0.406459757812	0.117295917879	2.49390545235e-05	0.476219385255
S12244	0.413117781725	0.110405897126	2.72563100254e-05	0.476449064839
S12245	0.432791376541	0.11536813715	1.96993653413e-05	0.451820786943
S12249	0.399946713982	0.129442952778	2.20895881703e-05	0.470588243651
S12251	0.441132649539	0.0998887201543	1.47168377752e-05	0.458963913469
S12261	0.41744073996	0.030456789988	2.37936993058e-05	0.552078676352
S12264	0.402095308617	0.14618560075	1.94654552846e-05	0.451699625178
S12265	0.429830669388	0.121153337661	5.54887115977e-06	0.44901044408
S12271	0.457201910513	0.127981689656	2.63523638484e-05	0.414790047467
S12276	0.378912633861	0.170383440679	1.86173366975e-05	0.450685308123
S12278	0.433769993432	0.123408090823	7.03064403018e-06	0.442814885101
S12279	0.424513853113	0.138103067054	2.26304196008e-05	0.437360449413
S12282	0.438671006481	0.106411925252	2.13520341149e-05	0.454895716234
S12285	0.430158313271	0.118834045402	2.28249911353e-05	0.450984816336
S12291	0.421528007708	0.134108940313	7.89468329619e-06	0.444355157295
S12294	0.45597959624	0.073061302374	3.05885509909e-05	0.470928512835
S12308	0.460740929349	0.0716781211168	1.80579506447e-05	0.467562891583
S12335	0.397421868663	0.0832486398209	2.01706096991e-05	0.519309320907
S12344	0.381641318634	0.152626077405	1.51769225734e-06	0.465731086268
S12347	0.433752324638	0.126392621321	1.03190994512e-06	0.439854022131
S12348	0.397701319696	0.141732034491	7.12764627359e-07	0.460565933048
S12354	0.364950249019	0.116367125671	1.75450488635e-06	0.518680870804
S1236	0.453647488088	0.112851957126	2.54004322198e-06	0.433498014743
S12365	0.396873137864	0.121996993575	1.14179617999e-05	0.481118450599
S12366	0.477434771179	0.100318499045	1.19530991758e-05	0.422234776677
S12374	0.455666234704	0.133436558409	5.95689557448e-06	0.410891249992
S12385	0.432370904449	0.110888300461	2.54076739509e-05	0.456715387415
S1239	0.442903373504	0.121948538557	4.11983345684e-07	0.435147675955
S12391	0.42663067552	0.129135859027	1.0452587419e-06	0.444232420194
S12394	0.467551658407	0.0984983193916	1.33215614481e-06	0.433948690046
S12406	0.453646590423	0.122446031648	3.87561344262e-06	0.423903502315
S1241	0.455136313062	0.0853477328655	2.19505267574e-05	0.459494003545
S12410	0.405488081796	0.107445833433	9.7078767915e-06	0.487056376894
S12417	0.468638442974	0.0899979707334	1.75832728599e-05	0.441346003019
S12419	0.438479149198	0.126438855721	1.7923679633e-05	0.435064071401
S12428	0.43098576786	0.121244427148	1.80542745152e-07	0.44776962445
S12431	0.453069900961	0.143275225221	1.5833043406e-05	0.403639040774
S12432	0.403487273458	0.151789283005	9.46134567511e-06	0.444713982191
S12436	0.428982349281	0.105452630707	2.30074479618e-05	0.465542012564
S12437	0.46253079917	0.106122922838	1.18683659759e-05	0.431334409627
S12439	0.426919678361	0.112820084883	3.23215850985e-05	0.460227915171
S12440	0.427411843101	0.119526495619	5.81973368434e-06	0.453055841547
S12441	0.449631235665	0.120181703155	1.65675655236e-05	0.430170493614
S12447	0.452676073194	0.10699213122	3.01776083542e-05	0.440301617977
S12450	0.480547821026	0.0971553869032	2.29182722255e-05	0.422273873798
S12452	0.397457386401	0.145063612695	1.12277908462e-05	0.457467773113
S1246	0.409652805707	0.135141596582	1.26359512028e-05	0.45519296176
S12463	0.394402143085	0.15195815559	1.55808519141e-05	0.453624120473
S12464	0.352294011719	0.177625148751	1.91918857717e-05	0.470061647644
S12488	0.338051347685	0.164925560076	1.57937256063e-05	0.497007298513
S12489	0.460037084962	0.0806181362745	4.94854312381e-06	0.45933983022
S12496	0.371864588922	0.130785454249	1.77563368019e-05	0.497332200492
S12500	0.448244336353	0.106173950732	8.1396943678e-06	0.44557357322
S12501	0.391565627619	0.1378023303	1.02515125667e-05	0.470621790568
S1251	0.421380499234	0.125230255966	3.01620362464e-06	0.453386228597
S12516	0.387508445499	0.143793221025	2.50397859265e-05	0.46867329369
S1252	0.427217068255	0.125659468348	5.88897164854e-07	0.4471228745
S12524	0.448281770003	0.111796854774	6.26960071e-06	0.439915105622
S12527	0.430507060278	0.110108279701	2.33643294957e-06	0.459382323588
S12535	0.491827033776	0.0540597469034	2.97245128575e-05	0.454083494807
S12540	0.450839261638	0.122801868192	1.85166516132e-05	0.426340353518
S12548	0.443038884519	0.128289286104	9.01699172397e-06	0.428662812386
S12556	0.453072666943	0.130828334246	4.12710052017e-06	0.416094871711
S12563	0.461189508044	0.117187818968	3.78629631149e-05	0.421584810025
S12568	0.334601349832	0.220031577274	2.30904654429e-05	0.445343982428
S12569	0.400564881822	0.138065785715	3.10586947579e-05	0.461338273769
S12570	0.44680296669	0.118512267229	4.94365775338e-06	0.434679822424
S12577	0.434097106852	0.133681161415	1.23535584807e-05	0.432209378174
S12582	0.455695356214	0.113214161018	4.38218367222e-05	0.431046660931
S12583	0.442357221221	0.132160930537	1.60374503464e-05	0.425465810792
S12585	0.417765177251	0.133618743352	2.69534193774e-06	0.448613384056
S12590	0.377672700899	0.119123029494	1.89721346524e-06	0.503202372393
S12596	0.434915002403	0.100539195066	4.26183321306e-05	0.464503184199
S12597	0.444566458687	0.125752593159	6.9754928609e-06	0.429673972661
S12604	0.403353127746	0.0933914900266	1.46071309916e-05	0.503240775096
S12605	0.411184874357	0.134437093472	3.32894580254e-06	0.454374703225
S12608	0.408721774078	0.115136630081	8.071003232e-06	0.476133524837
S12617	0.397984517148	0.153289007511	1.54566970039e-05	0.448711018644
S12618	0.380387152418	0.15299558333	2.14320906798e-07	0.466617049931
S12624	0.434954652908	0.124585641278	1.31265820878e-06	0.440458393156
S12628	0.41554431852	0.121465082112	5.15940753401e-06	0.462985439961
S12637	0.417901659543	0.136541362235	3.23221033917e-06	0.445553746012
S12655	0.407400326246	0.119414546327	5.65229771994e-05	0.473128604449
S12658	0.470909725263	0.0631128561768	2.3597648742e-05	0.465953820912
S1266	0.407788026705	0.163480992335	2.3894033128e-06	0.428728591557
S12665	0.389423539858	0.155497551167	2.38606531425e-05	0.455055048322
S12666	0.413655647718	0.1231584615	1.56889783317e-05	0.463170201804
S12667	0.421959903481	0.0928000383255	9.59015538147e-06	0.485230468038
S12675	0.379035116681	0.137906255692	1.37919264912e-05	0.483044835701
S12682	0.434485140683	0.113063147684	3.28651570204e-06	0.452448425117
S12691	0.454441699004	0.107434796797	1.19783561265e-05	0.438111525842
S12704	0.435797394706	0.101109956162	0.000106608835248	0.462986040297
S12706	0.384183080316	0.127324717293	1.13716581525e-05	0.488480830732
S12707	0.396533465045	0.137744296164	1.04658943469e-05	0.465711772897
S12721	0.407148884271	0.154576772187	7.02585125949e-08	0.438274273284
