	Neutrophils	Lymphocyte	Monocytes	Other
S10001	0.197675790611	0.0718845276607	1.0430726038e-05	0.730429251002
S10006	0.194854380626	0.0737049787619	1.37126406527e-07	0.731440503486
S1001	0.192310383049	0.0761194074711	2.81966638538e-07	0.731569927514
S10010	0.203822566568	0.0721783527624	2.3254075048e-06	0.723996755262
S10011	0.192823064986	0.0750763284714	1.01766438296e-07	0.732100504776
S10014	0.194508014605	0.0742317155511	1.17650356841e-07	0.731260152194
S10026	0.197185788645	0.0749810252336	1.15764111463e-07	0.727833070358
S10032	0.197049697024	0.0743451516082	3.93494452799e-06	0.728601216423
S10036	0.197900969289	0.0726578799988	5.9480741482e-06	0.729435202638
S10042	0.197909877438	0.0745570699329	5.47488957615e-05	0.727478303733
S10044	0.199817939668	0.0746074562387	3.52992717567e-05	0.725539304822
S10049	0.197511145611	0.0748535500031	2.60138845111e-07	0.727635044247
S10057	0.184821662194	0.0750846899145	2.50544548185e-06	0.740091142446
S10062	0.195937067222	0.0749263192754	9.27927738532e-08	0.72913652071
S10066	0.206396141411	0.0704218156026	0.000249004354168	0.722933038632
S10067	0.192570074287	0.0763752015444	4.79114310059e-08	0.731054676257
S1007	0.194526999541	0.073483071411	3.84527208132e-06	0.731986083776
S10073	0.195313534958	0.0760135546534	4.36164298072e-08	0.728672866772
S10077	0.195845361358	0.0730295350524	1.11962959103e-05	0.731113907294
S10080	0.195509148939	0.0745606179517	2.45703735213e-08	0.729930208539
S10082	0.194076197408	0.076038487534	2.59909265823e-06	0.729882715965
S10087	0.1963981819	0.0747573863582	5.4076057584e-07	0.728843890981
S10089	0.198367649613	0.0724254761831	8.13229512307e-05	0.729125551253
S1009	0.188045326848	0.0770777157095	2.93921569184e-06	0.734874018227
S10090	0.20202081834	0.0703381701289	0.000216046382459	0.727424965148
S10093	0.190301800608	0.074122940654	2.75572268531e-07	0.735574983166
S10094	0.198601226742	0.0743889620532	1.09245623298e-05	0.726998886642
S1010	0.195336320474	0.0735288442818	2.80031371452e-06	0.73113203493
S10111	0.194314375007	0.076639664195	4.45392824303e-05	0.729001421516
S10116	0.182216265024	0.0776711174551	9.10560555454e-06	0.740103511916
S10119	0.19135479355	0.0764056588096	2.87325245871e-08	0.732239518908
S10121	0.197489234001	0.0737266610519	5.90117388649e-07	0.72878351483
S10130	0.198523336573	0.0722823508176	6.1854577563e-08	0.729194250755
S10140	0.204482059698	0.0721468774747	1.22078647382e-06	0.723369842041
S10142	0.190732523168	0.0760636457511	2.5903552365e-07	0.733203572045
S10150	0.206542937295	0.0695032116324	8.68764270758e-06	0.72394516343
S10155	0.194684774961	0.0753858083151	1.43502586895e-06	0.729927981698
S1016	0.195166630895	0.073517498034	4.97104465853e-07	0.731315373967
S10163	0.195696686389	0.0731881059588	1.36522510484e-07	0.73111507113
S10167	0.192188501254	0.0753348225879	5.80673650002e-08	0.732476618091
S10168	0.191823269137	0.0762778629715	5.62658690216e-08	0.731898811626
S10173	0.189098915396	0.0769930630779	7.48973321393e-07	0.733907272552
S10175	0.197772543639	0.0739295606278	0.00019951484772	0.728098380885
S10179	0.189985622649	0.0780099137157	2.73105946086e-08	0.732004436325
S10186	0.183572922256	0.0780179523656	2.85000063946e-05	0.738380625372
S1019	0.192249620902	0.0746349210152	3.50223237234e-05	0.73308043576
S10190	0.193744658036	0.0771174592795	2.59238511007e-06	0.7291352903
S10195	0.199092541536	0.0726408969829	9.24616594966e-08	0.72826646902
S10196	0.197102883501	0.0754955236114	1.31217214788e-07	0.727401461671
S10200	0.199211427829	0.0736253600694	1.14182998689e-05	0.727151793802
S10201	0.208993072728	0.0679982083126	6.38778697002e-06	0.723002331172
S10202	0.197258600011	0.0735515605409	6.58524953326e-07	0.729189180924
S10205	0.199197957644	0.0744815250085	3.58959000424e-06	0.726316927758
S10211	0.190314713528	0.0741969323058	5.62376972824e-08	0.735488297928
S10221	0.195887302222	0.0754744318091	3.50015629662e-08	0.728638230968
S10222	0.200165893318	0.071599546288	7.24301021864e-08	0.728234487964
S10226	0.201745306306	0.0726549458703	1.68740153026e-07	0.725599579083
S10227	0.198819654242	0.0729470082019	4.19777566673e-05	0.7281913598
S10228	0.198249572801	0.0742738307874	6.82297713225e-06	0.727469773435
S10232	0.181636584079	0.078194745004	4.82370609443e-06	0.740163847211
S10248	0.193873299649	0.0757073685765	0.000119334204121	0.73029999757
S10249	0.20315618339	0.0717896024516	7.5570119932e-06	0.725046657147
S1025	0.194047395012	0.07573164267	4.73925885986e-05	0.730173569729
S10266	0.201750784527	0.071434930045	6.00354119147e-08	0.726814225392
S10269	0.1993503141	0.0720880405958	3.10010383887e-05	0.728530644266
S10272	0.198875225356	0.0721454937825	1.35398782714e-05	0.728965740984
S10273	0.200052687216	0.0728956285882	4.25830620805e-06	0.727047425889
S10274	0.196331459004	0.0746734493199	1.16848183143e-07	0.728994974828
S1028	0.19875404613	0.0747345407884	5.56119354188e-05	0.726455801146
S10280	0.196798395051	0.0738633913381	3.74936783383e-07	0.729337838675
S10283	0.190160365479	0.0776982018591	3.18112916445e-07	0.732141114549
S1029	0.195583284741	0.0741858424078	2.51089764563e-07	0.730230621761
S10292	0.189068918387	0.0758781532255	1.83689687861e-08	0.735052910019
S10294	0.191495106673	0.0765095496308	3.84573523074e-08	0.731995305239
S10302	0.194878573951	0.0746923993899	1.59076458647e-05	0.730413119013
S10303	0.193990927912	0.0745788933859	3.06991275786e-05	0.731399479575
S10323	0.197925699934	0.0727808845114	2.8774634185e-07	0.729293127808
S10326	0.199620085459	0.0732447393736	3.96287313674e-05	0.727095546436
S10328	0.195605036467	0.0747752915021	1.22815095739e-07	0.729619549216
S10329	0.196083961093	0.0746423734205	6.97739188367e-06	0.729266688094
S10336	0.195869323371	0.0741358838562	4.91579747938e-06	0.729989876975
S10340	0.198888913865	0.0736980747256	1.55327841374e-05	0.727397478625
S10347	0.190179089147	0.0726625972177	1.77364974425e-08	0.737158295899
S10353	0.196083573245	0.0742595711459	4.05274183017e-05	0.72961632819
S10356	0.192988948706	0.0738234096696	0.000204900426918	0.732982741198
S10358	0.200876263721	0.0728207271935	2.53527207627e-07	0.726302755558
S10365	0.200618294509	0.0722313413579	2.57808313586e-05	0.727124583302
S1037	0.187567979369	0.07812492314	4.68184125912e-06	0.73430241565
S10373	0.19201861801	0.0755564602634	5.43370481096e-08	0.73242486739
S10374	0.192640454361	0.0738922013739	1.33692459801e-07	0.733467210572
S10375	0.196331822661	0.0747960505188	4.89535461964e-05	0.728823173274
S10377	0.186167354127	0.0754159874091	2.65157631381e-07	0.738416393307
S10378	0.195575722994	0.0763333986953	8.55426598359e-05	0.728005335651
S10390	0.190035217745	0.0717766699751	2.19917837439e-06	0.738185913101
S10391	0.191254631679	0.0742910857105	2.23807188551e-05	0.734431901892
S10393	0.191893908119	0.0768943830484	1.32905680852e-07	0.731211575927
S10400	0.197086226196	0.0731380728084	9.83357068557e-05	0.729677365288
S10401	0.194285090632	0.0730843714291	7.12506058074e-05	0.732559287333
S10406	0.202126643691	0.0715614727162	9.74677913389e-07	0.726310908915
S10408	0.198410472153	0.0730149910131	7.53718214682e-07	0.728573783116
S10409	0.19077279701	0.0771597669302	5.24087487859e-06	0.732062195185
S10418	0.198337700241	0.0682190394492	0.00027680954214	0.733166450768
S10431	0.198585388325	0.073375663628	2.0225684541e-05	0.728018722362
S10438	0.193925381683	0.0740919658722	3.67778293729e-06	0.731978974662
S10439	0.195999846114	0.0755854880507	1.96183447015e-06	0.728412704001
S10441	0.202648999235	0.0709882479594	4.50283362744e-05	0.726317724469
S10442	0.197370521861	0.0741337535492	1.52624763053e-05	0.728480462114
S1046	0.2033992445	0.0724588943161	3.26050537285e-06	0.724138600678
S10478	0.207640823283	0.069973500686	1.65846940461e-05	0.722369091337
S10480	0.184620507033	0.076326432966	1.16696890849e-05	0.739041390312
S10484	0.199057970565	0.0720318350189	5.07185206896e-05	0.728859475895
S10492	0.195374029785	0.0755975678421	7.59416977511e-08	0.729028326431
S10496	0.193205636903	0.0760609849909	8.8511113608e-05	0.730644866992
S10510	0.193228730445	0.0737866324319	7.62398415648e-08	0.732984560883
S10513	0.195661085712	0.0745912271959	2.43785038995e-07	0.729747443307
S10516	0.196260959519	0.0729602955498	1.14344271172e-05	0.730767310504
S10534	0.194138784172	0.0754949549317	6.62417826474e-08	0.730366194654
S10535	0.188937919977	0.076732209519	7.76523281016e-05	0.734252218175
S10537	0.197894684985	0.0737567713063	1.49788281447e-05	0.72833356488
S1054	0.190294906358	0.0747275137679	6.66355822597e-06	0.734970916316
S10543	0.195682347376	0.0744556222363	2.66404831815e-06	0.729859366339
S10546	0.193633432463	0.0745669430824	7.93026231785e-08	0.731799545151
S1055	0.204119601452	0.0708409384896	5.79524626364e-05	0.724981507596
S10551	0.19458893481	0.0734747912646	7.2578473424e-05	0.731863695452
S10552	0.199087366501	0.0713355680185	4.30907020668e-06	0.72957275641
S10555	0.192762831334	0.0774337426481	8.23077943221e-07	0.72980260294
S10559	0.198729676696	0.0733969496738	4.15153112942e-06	0.727869222099
S1056	0.192876223875	0.0760272374959	1.54855223919e-07	0.731096383774
S10563	0.200107000719	0.0735386350207	3.81483450916e-07	0.726353982776
S10574	0.19508937238	0.0756053072895	4.69519534339e-06	0.729300625135
S10576	0.201945141112	0.0713945436612	2.24847095385e-08	0.726660292742
S10578	0.200172608894	0.072437335971	9.64283639436e-08	0.727389958707
S10579	0.201216685315	0.0730286926181	1.37484659618e-08	0.725754608319
S10582	0.200378122715	0.0741492975482	7.77247793173e-08	0.725472502012
S1059	0.19803027966	0.0749660452785	5.1612569668e-05	0.726952062492
S10599	0.201237679717	0.0740536119487	7.07281052792e-05	0.724637980229
S10611	0.200229568103	0.0730777534912	6.37251513233e-06	0.72668630589
S10614	0.202585395201	0.0726457466601	1.6874545153e-07	0.724768689393
S10624	0.194644433479	0.0733646971075	0.00013988354013	0.731850985873
S10632	0.194243018018	0.072653586272	1.67326433807e-07	0.733103228383
S10634	0.195628154473	0.0745641178074	5.98472734473e-08	0.729807667872
S10638	0.199789741974	0.0716857177947	7.14029900052e-05	0.728453137241
S10644	0.190525504209	0.0773821894997	1.23152984284e-05	0.732079990993
S10649	0.207251073634	0.0711274227408	2.83514341106e-07	0.721621220111
S10652	0.20035319368	0.0711648188827	1.42984280929e-05	0.728467689009
S10654	0.194229851145	0.0753643876919	3.12887582712e-07	0.730405448276
S10655	0.195661884057	0.0748216499595	8.0961095426e-08	0.729516385022
S10656	0.196493225551	0.0758867705976	1.00932686209e-06	0.727618994524
S10657	0.194787210358	0.0724842240641	0.000402475619483	0.732326089958
S10658	0.198611846962	0.0752549240318	6.78764153271e-07	0.726132550242
S10660	0.181965763278	0.077513000759	2.33287332951e-05	0.74049790723
S10661	0.194290557763	0.0754279592626	5.76697910017e-08	0.730281425305
S10676	0.201942416112	0.0732379550929	2.6897865233e-06	0.724816939009
S1068	0.193348089553	0.0753901876686	0.000100042931319	0.731161679847
S10681	0.194500904185	0.0725542223388	2.17752264842e-05	0.732923098249
S10686	0.195877497678	0.0730023379585	6.19699442869e-07	0.731119544664
S10688	0.195478425733	0.0748726446455	3.44468901545e-08	0.729648895175
S10690	0.192712372231	0.0730639699282	1.26753451561e-05	0.734210982496
S10698	0.190835670778	0.0766063105873	4.95141982636e-07	0.732557523492
S107	0.193964269656	0.0760921316899	8.80185114895e-05	0.729855580142
S10703	0.192431445436	0.0765836465041	0.000111375319685	0.73087353274
S10726	0.195491237714	0.0745424936018	3.01025761266e-08	0.729966238582
S10729	0.194341984433	0.0731940915332	1.98167204829e-05	0.732444107314
S10733	0.199117095899	0.0744301919361	7.06335128179e-08	0.726452641531
S10734	0.189794215527	0.0761457610614	7.08216067996e-07	0.734059315196
S10735	0.195933887528	0.0736719048401	1.84913686806e-06	0.730392358495
S10740	0.199374099895	0.073102450187	4.02558090777e-08	0.727523409662
S10745	0.20567725957	0.0705236591417	6.07702080342e-05	0.72373831108
S10748	0.193180333301	0.07388615887	3.55001394635e-05	0.73289800769
S10753	0.199317584849	0.0737850126653	0.000108185008529	0.726789217477
S10756	0.196396228253	0.0750458126425	2.03317818446e-07	0.728557755787
S10757	0.190031649654	0.0765632055819	5.94320273382e-07	0.733404550444
S1076	0.19444159656	0.0749763209363	1.8012300858e-06	0.730580281274
S10764	0.196541410543	0.0722039013617	2.07133374576e-06	0.731252616761
S10767	0.18560240154	0.0775164281506	1.1061099552e-07	0.736881059699
S10776	0.200945257924	0.0737064151001	0.000116650904209	0.725231676072
S10778	0.202262056726	0.0732908132483	4.5111276165e-08	0.724447084914
S10784	0.203234875825	0.0718252054766	7.35446011904e-05	0.724866374097
S10787	0.191951318149	0.0750691958026	4.48838149127e-06	0.732974997667
S10800	0.196552341432	0.0742828664179	2.24187643225e-08	0.729164769731
S10805	0.197944987862	0.0721374591047	1.6658987109e-05	0.729900894046
S10813	0.19904467252	0.0738549053871	1.29515994371e-06	0.727099126933
S10814	0.194584883892	0.071449026834	2.04690958513e-05	0.733945620179
S10815	0.198829405734	0.0737629085825	2.25983549499e-05	0.727385087328
S10817	0.190515725323	0.074966011114	4.76092363066e-06	0.73451350264
S1083	0.195852385386	0.0755937305774	2.62109120413e-08	0.728553857826
S10835	0.195638312297	0.0740734236055	6.61943452233e-06	0.730281644663
S10838	0.199445343308	0.0744988097504	1.48972277438e-07	0.72605569797
S10844	0.194037486272	0.0751023268141	1.09073018929e-06	0.730859096184
S10845	0.201975786646	0.0723125400882	1.29852906907e-06	0.725710374736
S10846	0.187090957497	0.0778460763248	4.49441132283e-08	0.735062921234
S10853	0.202115764368	0.0725480046796	2.1227953735e-07	0.725336018673
S10854	0.189669349563	0.0764109902897	0.000139076282358	0.733780583865
S10865	0.197140179019	0.0737279191874	1.15762036913e-08	0.729131890218
S10866	0.197575143597	0.0739923142109	3.43943047167e-05	0.728398147887
S10869	0.205364138885	0.0708972340697	0.000524199592733	0.723214427453
S10873	0.198345793662	0.0729748772952	1.37082846406e-06	0.728677958214
S10876	0.195101247949	0.0765131303687	6.8380577945e-06	0.728378783624
S10883	0.198110135904	0.0721804831898	2.48854822968e-05	0.729684495424
S10885	0.195782266935	0.0739394108889	2.91267281783e-05	0.730249195448
S10893	0.201932570642	0.0731382543145	4.84101393709e-08	0.724929126633
S10895	0.200131410718	0.0732887678554	1.19956703011e-07	0.72657970147
S10902	0.193961425704	0.0747127586513	8.67507992289e-05	0.731239064845
S10903	0.194399727379	0.0742271109551	0.000131618879583	0.731241542786
S1092	0.205909747964	0.0719796176559	1.17413337259e-08	0.722110622639
S10925	0.194672217592	0.0743129405126	6.57400666533e-07	0.731014184494
S10927	0.201805441106	0.0734246436466	1.12593246596e-07	0.724769802654
S10936	0.192799319933	0.0768948701146	1.40584853209e-05	0.730291751467
S10945	0.202105815121	0.0724394066668	9.4962007369e-06	0.725445282012
S10947	0.192169902093	0.0737656965266	6.12244848361e-06	0.734058278932
S10949	0.193834618353	0.076070939776	6.40354658582e-08	0.730094377835
S1095	0.193596188657	0.0721543194978	3.15388384104e-06	0.734246337961
S10961	0.199015382686	0.0730943411675	3.3755795689e-05	0.72785652035
S10969	0.193884255992	0.0757727369677	4.93901332892e-08	0.73034295765
S10972	0.194846686688	0.0742738233855	1.67767130973e-09	0.730879488249
S10973	0.204494316839	0.0710703826777	1.84025237388e-05	0.72441689796
S10978	0.20240998611	0.0736844751709	2.76687579679e-06	0.723902771843
S10979	0.19434619352	0.0748279758626	4.55338639032e-05	0.730780296754
S10986	0.195644575052	0.0731773133671	0.000130577669349	0.731047533912
S10989	0.19722052468	0.0740978997023	8.23486755982e-07	0.728680752131
S10995	0.197446947002	0.0755803058955	2.53577202227e-06	0.72697021133
S11005	0.192597510998	0.0753346883793	6.65784245307e-06	0.73206114278
S11008	0.199722456026	0.0722697245675	2.37237762951e-05	0.72798409563
S11010	0.187885752878	0.0731381456162	7.28529720694e-08	0.738976028653
S11013	0.195242246426	0.0748200211938	4.59456785365e-05	0.729891786701
S11016	0.194410895908	0.0756480990081	3.54190195034e-05	0.729905586065
S11017	0.196817644082	0.0743166741339	7.82275571282e-05	0.728787454227
S11020	0.198795224291	0.0738690039462	0.000392721308733	0.726943050455
S11027	0.201428372975	0.0734804894348	1.18457726077e-06	0.725089953013
S11035	0.199872407502	0.0734398425323	3.30812515973e-06	0.726684441841
S11041	0.198318096313	0.0733313685171	1.04036845798e-06	0.728349494802
S1106	0.198894006587	0.073922076141	1.35904394258e-06	0.727182558228
S11071	0.183710853022	0.0798320585331	3.63403523534e-07	0.736456725041
S11076	0.195478860284	0.0739961028581	2.37019912197e-08	0.730525013156
S11078	0.201548274456	0.0724910784969	2.0874340194e-08	0.725960626172
S11081	0.194535101325	0.0751381651014	1.03679292609e-07	0.730326629895
S11086	0.19704487513	0.0736201741943	1.75358963403e-07	0.729334775317
S1109	0.200459772794	0.0747528563659	2.38276900907e-07	0.724787132564
S11096	0.203940588323	0.0730859942797	3.94970140721e-08	0.7229733779
S11100	0.194939443764	0.0729848179461	4.02172705741e-05	0.732035521019
S11107	0.200006305459	0.0728255671402	1.70562572915e-05	0.727151071143
S11109	0.201098103068	0.0708598216033	1.64853300486e-07	0.728041910476
S1111	0.191388189274	0.0763585410062	7.95280565588e-05	0.732173741663
S11119	0.198600667224	0.0732021838026	1.92819345944e-07	0.728196956154
S11127	0.193746746731	0.0763769202296	5.54687024335e-05	0.729820864337
S11136	0.191644576171	0.0734528368727	1.3586649387e-07	0.734902451089
S11147	0.199328516758	0.0731660605039	9.87203552931e-08	0.727505324018
S11150	0.204899491214	0.0719169383929	2.5431187463e-06	0.723181027275
S11152	0.201399814647	0.0715172656422	3.12161998618e-08	0.727082888495
S1116	0.192169131963	0.0775746964103	6.77448070972e-08	0.730256103882
S11163	0.195792606073	0.0751055437376	1.61836324207e-07	0.729101688353
S11164	0.202778944207	0.0720480802224	1.05850928642e-07	0.725172869719
S11166	0.186544355494	0.072135336373	5.30988427598e-06	0.741314998249
S11173	0.199714704013	0.0739090634193	6.12053121344e-05	0.726315027255
S11174	0.193993951322	0.0752067311036	1.00740700353e-06	0.730798310168
S11182	0.198121683293	0.0753710856833	1.98752619355e-06	0.726505243497
S11188	0.201729742941	0.073612382131	2.6530805234e-05	0.724631344123
S11189	0.196727530821	0.0755817703554	1.06426837221e-08	0.727690688181
S1119	0.187372444172	0.0775009713451	7.29676963134e-07	0.735125854806
S11195	0.192443333704	0.0767344805878	3.7478873289e-07	0.730821810919
S11197	0.1912592429	0.0738000598457	1.24975935643e-05	0.734928199661
S11198	0.208724981843	0.0700512743383	9.1747493336e-06	0.721214569069
S11211	0.193827211758	0.0742893767236	5.63938497954e-05	0.731827017669
S11214	0.191462585933	0.0755299681219	3.27630692955e-08	0.733007413182
S11216	0.198117479047	0.0743617973779	2.41184069305e-07	0.727520482391
S11224	0.199346578292	0.0733871261282	2.10436169469e-06	0.727264191218
S11236	0.197674473645	0.0752006039498	4.715669042e-07	0.727124450839
S11241	0.195854762258	0.0731641551618	1.67813288861e-07	0.730980914767
S11243	0.195806739065	0.0735183586221	9.17061066209e-08	0.730674810607
S11245	0.195489252468	0.072575079134	2.36304491733e-05	0.731912037949
S11249	0.191859555003	0.0729333845208	0.000363236265846	0.734843824211
S11274	0.187954262931	0.0722298056458	8.03629843951e-08	0.73981585106
S11280	0.193152707293	0.0755145492913	6.34138252196e-07	0.731332109278
S11281	0.191557620578	0.075853972894	1.19062920331e-05	0.732576500236
S11285	0.190186273745	0.0737156419728	1.85066382193e-07	0.736097899216
S11298	0.191636695779	0.0753948023621	7.32643890622e-08	0.732968428595
S11311	0.195974340358	0.075086118963	1.28799701932e-05	0.728926660709
S11312	0.19658213223	0.0741500963217	4.53271708538e-08	0.729267726121
S11316	0.19321625996	0.0759750538393	3.31730832856e-08	0.730808653028
S1133	0.200943355154	0.0710325346986	0.000336684465857	0.727687425682
S11330	0.199490231086	0.0737508748062	7.34080416378e-07	0.726758160028
S11332	0.190715228543	0.0766661991793	6.71393978571e-07	0.732617900884
S11334	0.195209675096	0.0751023337638	1.43783976327e-07	0.729687847356
S11335	0.20231861487	0.0717143388376	5.81990515224e-07	0.725966464302
S11345	0.189213654088	0.0727420334683	5.16368198813e-06	0.738039148762
S11349	0.193445831909	0.0756086075312	7.52785923205e-05	0.730870281968
S1135	0.198523264703	0.0737193024704	3.84354323619e-06	0.727753589284
S11352	0.201375719217	0.0714807620587	1.61039812933e-07	0.727143357685
S11353	0.201188258527	0.0731223561719	1.03971695526e-05	0.725678988131
S11368	0.198425344356	0.0740426530175	3.67334166842e-06	0.727528329285
S11369	0.194761412579	0.0738218017173	1.36063477203e-07	0.731416649641
S11371	0.189488167988	0.0752291169654	4.18006337246e-05	0.735240914413
S11377	0.198955782594	0.0723759862239	3.57077375848e-07	0.728667874104
S11378	0.191378414196	0.0746362477255	1.71022308966e-07	0.733985167056
S11383	0.192306934292	0.0769602073123	3.94980573217e-08	0.730732818897
S11384	0.186798123925	0.0776634183542	3.28770443129e-05	0.735505580676
S11392	0.192141527633	0.074791197917	5.6224667878e-05	0.733011049782
S1140	0.193694212025	0.0730889554412	2.7851806847e-06	0.733214047353
S11410	0.196245378726	0.073787780396	2.01890726098e-05	0.729946651805
S11411	0.193907420886	0.0744925506781	2.69755016222e-07	0.731599758681
S11414	0.193184757791	0.0737646715458	1.70031869953e-07	0.733050400631
S11419	0.199612903747	0.0735969487985	2.478214677e-07	0.726789899633
S11424	0.186851108656	0.077181855495	8.83809577332e-05	0.735878654891
S11425	0.196436421349	0.0749345218964	1.08450079852e-07	0.728628948305
S11433	0.191508886388	0.0757022478465	3.73817168776e-05	0.732751484048
S11434	0.195963236577	0.075080472679	0.00019318415678	0.728763106587
S11436	0.195777362057	0.0747601825228	1.58618366731e-06	0.729460869236
S11437	0.191529117067	0.0764830614721	5.14839178206e-08	0.731987769977
S11440	0.207551017866	0.0703643849285	1.1863103664e-05	0.722072734102
S11449	0.196079999056	0.0758912290265	4.92813698817e-08	0.728028722637
S11459	0.18841486149	0.0752207293418	5.9444828399e-08	0.736364349724
S11477	0.198967379449	0.0740490939157	6.7473636753e-06	0.726976779272
S11480	0.199639636275	0.0725492076587	1.35164068468e-07	0.727811020902
S11486	0.19543468734	0.0734018578137	1.45285590753e-05	0.731148926287
S11501	0.19084592665	0.0714061375444	2.84584588458e-05	0.737719477346
S11504	0.186554740954	0.0757611868804	3.18965947718e-05	0.737652175571
S11507	0.189469048641	0.0763077817458	1.28956890846e-05	0.734210273925
S11518	0.186115973005	0.0786854404242	5.89236971986e-05	0.735139662874
S11525	0.189102248052	0.0755395765884	3.61799992337e-07	0.735357813559
S11531	0.195934842565	0.0736796564872	7.3510805216e-05	0.730311990143
S11532	0.191290833013	0.0756770281597	5.0852799259e-08	0.733032087974
S1154	0.191669016084	0.0758956855274	0.000103417461048	0.732331880928
S11542	0.195156270998	0.0723522066756	9.74826131841e-08	0.732491424844
S11543	0.199874143381	0.0735754310103	5.62220305502e-07	0.726549863388
S11546	0.200118951134	0.0735846995878	0.000117961165195	0.726178388113
S1155	0.197769130436	0.0721772002166	7.87797125171e-08	0.730053590568
S1156	0.180423211756	0.0779416824104	9.41066235312e-07	0.741634164767
S11568	0.201423887667	0.0716118157805	8.67578033717e-08	0.726964209794
S11576	0.192244224792	0.0769844290285	3.7497534475e-07	0.730770971204
S11584	0.205224197654	0.0712620802623	5.77117382393e-06	0.72350795091
S11586	0.19891742852	0.0740649810403	4.81873923589e-08	0.727017542252
S11590	0.205459103421	0.0729716227514	1.63400810132e-08	0.721569257488
S11592	0.190286393021	0.0742690299826	1.90298718721e-06	0.735442674009
S11593	0.19957132722	0.0741149851041	1.41375206713e-06	0.726312273924
S11599	0.193987443111	0.072373993594	2.61944977635e-08	0.7336385371
S1160	0.192033741429	0.0746001174828	6.38384229667e-07	0.733365502704
S11610	0.198846033793	0.0721616788403	1.79323249301e-07	0.728992108044
S11615	0.196683174007	0.0745708966626	5.20567677545e-05	0.728693872563
S11629	0.196120384878	0.0765663537402	2.08603195322e-05	0.727292401062
S11631	0.189548236401	0.0771347614665	8.75596283877e-08	0.733316914573
S1164	0.199360220861	0.0741516309773	1.41947577663e-06	0.726486728686
S11642	0.193775418303	0.0703891672525	6.71007090405e-08	0.735835347344
S11656	0.189718755034	0.0739065745144	1.58863180048e-05	0.736358784133
S11663	0.193153989352	0.0757718716219	2.12114996844e-06	0.731072017876
S11667	0.196835532731	0.0751290606527	1.11752618703e-07	0.728035294864
S11668	0.198155453678	0.0735733456171	6.93193504027e-08	0.728271131385
S1167	0.193613902457	0.0745670683325	1.22017540603e-06	0.731817809035
S11673	0.190683809105	0.0724116547722	1.64722090576e-07	0.7369043714
S11682	0.20047451004	0.0742467420559	5.96277388585e-06	0.72527278513
S11693	0.191624335886	0.0756507397712	3.17040914145e-07	0.732724607302
S11696	0.198949880628	0.0738549421943	2.49908466739e-06	0.727192678093
S11699	0.198530333006	0.0752146980392	1.47782445283e-08	0.726254954177
S117	0.187078306719	0.0721250206756	1.2002484908e-07	0.74079655258
S1170	0.196158360262	0.0746570270708	3.16129289241e-06	0.729181451375
S11709	0.198549917477	0.0726911289209	4.28941763107e-07	0.728758524661
S11713	0.178482546281	0.0792692003855	2.27613168068e-07	0.74224802572
S11717	0.190501084013	0.0754109574328	8.5731379035e-06	0.734079385416
S1173	0.198666842232	0.0717404703523	8.15732333075e-05	0.729511114183
S11731	0.207527334719	0.070586647857	2.19756723557e-05	0.721864041752
S11732	0.197965204125	0.0741456185096	1.31377100865e-05	0.727876039655
S11733	0.190676634316	0.075511631258	1.98916326236e-05	0.733791842793
S11734	0.197008506019	0.073895972376	3.23584018525e-06	0.729092285765
S11735	0.200617695526	0.073125310345	1.37972913743e-07	0.726256856156
S11737	0.18955038026	0.0728373294745	1.7708776494e-06	0.737610519388
S11745	0.198061120509	0.0719561381594	1.93705371172e-05	0.729963370795
S11760	0.195898750818	0.0710626204762	7.28011561436e-08	0.733038555904
S11761	0.180536094594	0.0787271450967	4.61414005656e-06	0.740732146169
S11769	0.202910866553	0.0710654637368	5.67429794056e-08	0.726023612968
S11783	0.193419462298	0.076410223312	1.5555738024e-06	0.730168758816
S11784	0.197565773769	0.0738398945772	1.83751036079e-06	0.728592494143
S11786	0.199335870662	0.0743232173624	1.20777067804e-07	0.726340791199
S11797	0.196643944284	0.0726888360996	2.50878350727e-05	0.730642131781
S11799	0.195468749687	0.0738763222464	1.09348946801e-07	0.730654818718
S118	0.197756051928	0.0736934859535	1.54723478644e-05	0.72853498977
S11800	0.194470084392	0.0763006819597	1.23684153531e-07	0.729229109965
S11802	0.19526628622	0.0733947716283	3.0587218637e-08	0.731338911564
S11806	0.201379293834	0.070781252194	1.07254710143e-07	0.727839346717
S11807	0.185892771386	0.0750374900144	2.36670378797e-07	0.739069501929
S11810	0.191327586721	0.074610592976	1.24879903871e-06	0.734060571504
S11811	0.201396874007	0.0739650332541	6.82916830094e-06	0.72463126357
S11812	0.196317714533	0.0714150221124	6.05709822705e-05	0.732206692372
S11820	0.198070505594	0.0746022135605	4.38419808694e-08	0.727327237003
S11822	0.205181700753	0.0715587256844	2.49406515345e-06	0.723257079497
S11823	0.195552851524	0.0731891944507	4.10558850372e-08	0.731257912969
S11826	0.196450973879	0.0735540594178	0.000152053921368	0.729842912782
S1183	0.185601210034	0.0752602035501	5.6951360202e-08	0.739138529465
S1184	0.193864511486	0.0756605841306	4.14138779445e-07	0.730474490245
S11842	0.191451719544	0.0762951744793	7.9190263756e-08	0.732253026786
S11843	0.199176244168	0.0735195106555	2.72283471738e-07	0.727303972893
S11844	0.195325823202	0.0744059947247	6.83274741328e-08	0.730268113745
S11850	0.189526351429	0.0731078425645	2.32362511261e-06	0.737363482382
S11853	0.194140448192	0.0741246754029	1.18179700127e-05	0.731723058435
S11857	0.199516550763	0.071717995384	3.58468617527e-05	0.728729606991
S11858	0.199014846399	0.071757341324	5.82470594708e-08	0.72922775403
S11860	0.198147439023	0.0742408873913	1.33963543588e-06	0.72761033395
S11864	0.192549740586	0.0747625246221	0.000151453302045	0.73253628149
S11870	0.19660233744	0.0748919580912	1.23692940009e-05	0.728493335175
S11875	0.197420250758	0.0743451044285	4.34245643454e-07	0.728234210568
S11877	0.189482598628	0.0718209404107	3.49890347392e-05	0.738661471927
S11878	0.191457336779	0.0765318665524	5.49196308334e-07	0.732010247472
S11882	0.191199725816	0.0742960971269	3.92646661417e-05	0.734464912391
S11883	0.197879676852	0.0705319058726	3.08562219745e-07	0.731588108713
S11884	0.201705526072	0.0735053995592	4.68713841627e-05	0.724742202985
S11886	0.198131582241	0.0716242759859	5.21971561673e-07	0.730243619802
S11897	0.200888079028	0.0746962013088	4.18974594212e-07	0.724415300688
S1190	0.196962573644	0.0746624180734	3.73533544726e-06	0.728371272947
S11903	0.204076811271	0.0717287484444	2.7618706157e-08	0.724194412665
S11905	0.198773359749	0.0712975075428	9.78785534834e-06	0.729919344853
S11907	0.193370932935	0.0750817406485	0.000289481973368	0.731257844443
S11914	0.199737436433	0.071607937004	3.94944649966e-05	0.728615132098
S11917	0.196999806976	0.07420968256	2.42133270806e-05	0.728766297137
S11928	0.191664842102	0.0746821394409	1.48165783448e-06	0.733651536799
S11929	0.196094098778	0.0746530844179	7.25800852929e-08	0.729252744224
S1193	0.190816512483	0.0759533165913	3.61093870742e-05	0.733194061539
S11930	0.190732114235	0.0754960611133	5.29534682904e-07	0.733771295117
S11934	0.193591250427	0.0746590963346	3.33732833589e-06	0.73174631591
S11939	0.20406957263	0.0714002069882	2.14905754894e-07	0.724530005476
S11944	0.195456195417	0.0754792750598	1.07959893623e-07	0.729064421563
S11945	0.188054792829	0.0767074849776	1.01043701472e-05	0.735227617824
S11957	0.201774611077	0.0723959045642	1.52686651112e-05	0.725814215694
S11958	0.199257561223	0.0713266533268	1.70235534777e-06	0.729414083094
S1196	0.201651324	0.0714255593361	0.000131976442597	0.726791140222
S11960	0.193291360486	0.0735685298136	1.49949927471e-06	0.733138610201
S11965	0.190720716943	0.0752987322113	2.59781656426e-07	0.733980291064
S11967	0.197742491261	0.0723737491315	2.51409850906e-05	0.729858618622
S1197	0.197022640756	0.0711578512779	8.24509986014e-05	0.731737056967
S11973	0.192052339032	0.0776170701548	1.69220155551e-07	0.730330421593
S11974	0.198962443097	0.0741680834773	9.20458853708e-08	0.72686938138
S11980	0.20716016425	0.071804445871	6.23998583529e-08	0.721035327479
S11985	0.197272636759	0.0747718655412	1.96262592978e-06	0.727953535074
S11987	0.201473269269	0.0716169286216	1.07195261683e-06	0.726908730157
S11993	0.199574929129	0.0739182754204	1.44467157737e-06	0.726505350779
S12001	0.19983859627	0.071982983443	4.29302548948e-08	0.728178377357
S12004	0.191785902846	0.0728895789015	9.23881765664e-06	0.735315279435
S12006	0.192791916991	0.0748398671931	2.77323754362e-05	0.73234048344
S12010	0.187560718351	0.074039856199	2.20456494313e-06	0.738397220885
S12011	0.197930499729	0.0733224038022	8.5666512326e-07	0.728746239804
S12012	0.197095483703	0.0709295278174	4.50109756649e-06	0.731970487382
S12022	0.192168352821	0.0725752495	1.49236645536e-05	0.735241474015
S12043	0.201010001053	0.074485911021	3.02657307493e-06	0.724501061352
S12052	0.193757883838	0.0756095601576	5.63655901804e-08	0.730632499639
S12056	0.199363976976	0.0732298028265	1.28841440081e-05	0.727393336053
S12057	0.201532876492	0.071934294828	1.97175905547e-05	0.726513111089
S12058	0.199026996685	0.0703375776097	3.47127720923e-05	0.730600712933
S12061	0.19396688053	0.0756180920273	2.82474333864e-05	0.730386780009
S12064	0.191331202074	0.077309468704	1.82238844704e-07	0.731359146984
S12073	0.201730149265	0.0713118109512	4.53968163805e-06	0.726953500102
S12076	0.193899905945	0.0724072228311	2.84264946601e-07	0.733692586959
S12079	0.197190335839	0.0731621950632	1.1396596322e-05	0.729636072501
S12089	0.197659387159	0.0724638977152	6.50708983794e-08	0.729876650055
S12098	0.196655975906	0.0746416631979	8.42095916995e-07	0.7287015188
S1210	0.197778562115	0.0743580913576	1.88158017458e-05	0.727844530726
S12101	0.194482858052	0.0720749008471	3.26326368187e-06	0.733438977837
S12105	0.194136501106	0.0766501652749	2.17659334426e-07	0.72921311596
S12106	0.192258891393	0.0708681205979	8.96960525318e-06	0.736864018404
S1212	0.196886429846	0.0737155505912	4.38222236231e-06	0.729393637341
S12120	0.204634258836	0.0710537423867	9.91981474357e-09	0.724311988857
S12129	0.195956321587	0.0742851921465	4.30960849298e-06	0.729754176658
S12137	0.202988671578	0.0721639566169	2.57481967828e-05	0.724821623608
S12140	0.190021795765	0.0750154414007	3.27461963605e-06	0.734959488215
S12159	0.193657589274	0.076497208329	4.14739322485e-07	0.729844787658
S12170	0.202200633992	0.0724025891926	5.13874951802e-07	0.725396262941
S12178	0.192647516982	0.0751754948765	1.60779806474e-07	0.732176827361
S12179	0.197746005665	0.0752485744916	1.62657390695e-06	0.727003793269
S1218	0.192097016271	0.0751376341955	3.52041796128e-06	0.732761829115
S12182	0.193088644294	0.0735563038632	6.58224055099e-06	0.733348469603
S12196	0.197441299661	0.0739925549408	1.62099017064e-07	0.7285659833
S12198	0.196463490569	0.0749554447805	3.17830712853e-07	0.72858074682
S1220	0.195630218937	0.0751821503294	1.65948510581e-07	0.729187464785
S12200	0.198963279111	0.0730623783719	1.24539050384e-05	0.727961888613
S12202	0.198091189476	0.0722108214404	8.57382394903e-06	0.72968941526
S12206	0.198601176951	0.073842782672	1.85168902702e-07	0.727555855208
S12208	0.192557040353	0.0757566997987	7.08595804476e-06	0.73167917389
S12215	0.192446230997	0.0754060527514	2.47519530153e-06	0.732145241056
S12221	0.196169363663	0.0744403564232	5.57849673419e-06	0.729384701417
S12228	0.195932511784	0.0737074901843	2.95142996779e-07	0.730359702889
S12231	0.198600231702	0.0729605655977	4.5474344657e-07	0.728438747956
S12240	0.184794562478	0.077381195606	3.87417588451e-06	0.73782036774
S12241	0.191983926197	0.0744981772225	1.53878608424e-05	0.733502508719
S12244	0.195606170015	0.0726341787701	6.10489144365e-06	0.731753546324
S12245	0.196365706333	0.0732200437183	2.00233320128e-05	0.730394226617
S12249	0.193059356356	0.0758029799525	1.28208832838e-07	0.731137535483
S12251	0.197997167831	0.0728956533274	2.18861026132e-06	0.729104990231
S12261	0.191996296687	0.0727035813266	1.10092913215e-07	0.735300011894
S12264	0.19361567379	0.0758742803947	5.87462743454e-05	0.730451299541
S12265	0.196229946615	0.073857282104	3.58254794564e-06	0.729909188733
S12271	0.202208845595	0.0729302588605	2.70993083087e-07	0.724860624552
S12276	0.190936986921	0.0762636461985	1.46196747248e-07	0.732799220684
S12278	0.198091351843	0.0738799337656	2.00535098775e-07	0.728028513856
S12279	0.197284545956	0.0752165309674	5.99021471141e-05	0.72743902093
S12282	0.197474989721	0.0733343110786	1.16077950208e-05	0.729179091405
S12285	0.19637865391	0.0741590211294	7.06476772481e-05	0.729391677283
S12291	0.198921946714	0.0743455207545	7.62325005403e-07	0.726731770206
S12294	0.19899678699	0.072675700299	1.46882253658e-07	0.728327365828
S12308	0.198784755952	0.0728150418059	6.37423484905e-05	0.728336459894
S12335	0.19217118129	0.0746348516981	0.000310389959712	0.732883577053
S12344	0.192826085277	0.0775860468233	3.20651636681e-06	0.729584661383
S12347	0.197266885372	0.0736426932657	1.67337950571e-07	0.729090254024
S12348	0.193822951869	0.0757266821927	7.51891564851e-08	0.730450290749
S12354	0.187731449006	0.0745975462539	9.14831935376e-05	0.737579521547
S1236	0.200268611634	0.0729124957605	4.76784571066e-07	0.726818415821
S12365	0.191391606446	0.0753856760818	1.34741447645e-05	0.733209243327
S12366	0.204733718843	0.0710447465217	5.84142945847e-07	0.724220950492
S12374	0.202226979549	0.0738006874347	2.01714499183e-07	0.723972131302
S12385	0.199244357363	0.0733132712297	2.00250352352e-06	0.727440368904
S1239	0.19868523513	0.074239115856	3.92461255892e-07	0.727075256553
S12391	0.198802599836	0.0737346897826	2.18088008913e-07	0.727462492293
S12394	0.199351729498	0.0723470597127	1.53198241347e-05	0.728285890966
S12406	0.198977069748	0.0742567083558	2.35714320378e-05	0.726742650464
S1241	0.199090921204	0.0728313526882	2.4137754172e-08	0.72807770197
S12410	0.191791574324	0.0733194778452	7.02287059281e-08	0.734888877602
S12417	0.201656433525	0.0722615805903	3.18340306475e-07	0.726081667544
S12419	0.199939414729	0.0740775780804	2.41570869678e-06	0.725980591482
S12428	0.193558981831	0.0753591428865	2.75258569137e-05	0.731054349426
S12431	0.20214300505	0.0733532963595	3.863680668e-08	0.724503659954
S12432	0.198828880158	0.0741914427284	3.7364617844e-06	0.726975940652
S12436	0.198156242077	0.0736310106764	4.55299428884e-07	0.728212291947
S12437	0.201551630899	0.0730737617969	1.46631891469e-05	0.725359944115
S12439	0.194556361455	0.074360514083	4.13318570162e-06	0.731078991277
S12440	0.195573850075	0.0737015211607	1.1020387138e-06	0.730723526726
S12441	0.201456184174	0.0712192126185	1.61239258242e-07	0.727324441969
S12447	0.204395254495	0.0710623393985	3.15168710488e-06	0.724539254419
S12450	0.204872627153	0.0712708795568	7.16664771491e-08	0.723856421624
S12452	0.193667459371	0.0750073119462	1.37321261861e-06	0.73132385547
S1246	0.194044669468	0.0752770469913	8.09979101272e-07	0.730677473561
S12463	0.193052843727	0.0753054164227	5.0790590526e-07	0.731641231945
S12464	0.18659615324	0.0773149489085	7.29412793077e-08	0.73608882491
S12488	0.183847015256	0.0766702324854	9.27601827551e-08	0.739482659498
S12489	0.198954586407	0.0721364132383	1.07130052304e-07	0.728908893225
S12496	0.187971205618	0.0757443687486	1.77019393447e-07	0.736284248614
S12500	0.198585835431	0.0728902955849	2.41712226844e-05	0.728499697761
S12501	0.192103759269	0.0759859102906	1.09723794886e-06	0.731909233203
S1251	0.196121303778	0.0742874237783	2.03971013474e-06	0.729589232734
S12516	0.191807355606	0.0764611141665	7.62577581782e-08	0.73173145397
S1252	0.196432511911	0.074093405639	5.99358747891e-06	0.729468088862
S12524	0.198325318858	0.0741234354336	2.21709822913e-05	0.727529074726
S12527	0.19637425805	0.0726119535791	6.0495666978e-06	0.731007738805
S12535	0.204606334872	0.0707197829307	7.52938654141e-06	0.724666352811
S12540	0.200804196997	0.0724980609458	2.02575476036e-05	0.72667748451
S12548	0.196023344889	0.0737221457317	0.000268244344945	0.729986265034
S12556	0.198590681524	0.0748238636596	1.42642711828e-06	0.726584028389
S12563	0.200128866418	0.0728408284906	2.60379505524e-06	0.727027701297
S12568	0.185198005865	0.0770042152185	5.670471833e-05	0.737741074198
S12569	0.193607458897	0.0756230439559	1.21946228395e-05	0.730757302524
S12570	0.198898379427	0.0733791214901	4.25978662472e-05	0.727679901217
S12577	0.200987632807	0.0735768025205	1.2346389208e-06	0.725434330033
S12582	0.197341129359	0.073747756454	1.35546875753e-06	0.728909758718
S12583	0.196858817517	0.0744267318733	1.25592916935e-05	0.728701891318
S12585	0.193710564118	0.0743928191622	1.15997539278e-07	0.731896500722
S12590	0.190338611749	0.0745666573484	1.26657176151e-07	0.735094604245
S12596	0.196978406948	0.0726487229145	7.02551238188e-06	0.730365844625
S12597	0.19968972708	0.0730142367235	2.33986044904e-05	0.727272637592
S12604	0.193219534394	0.0746980934511	4.18158163383e-08	0.732082330339
S12605	0.193819718312	0.0742130325169	2.96307491209e-07	0.731966952864
S12608	0.193867383416	0.0733618488872	1.32657349987e-07	0.732770635039
S12617	0.19319187558	0.0768270804152	2.05969478116e-08	0.729981023408
S12618	0.192680683083	0.0746057750964	1.33584804248e-07	0.732713408236
S12624	0.195689786015	0.0738183414467	2.28998030041e-07	0.730491643541
S12628	0.194240127755	0.0726877096226	3.2310419052e-05	0.733039852204
S12637	0.194553558538	0.0749014149063	1.00486957503e-07	0.730544926069
S12655	0.194001218597	0.0757877952879	7.31789448527e-07	0.730210254325
S12658	0.202175178207	0.0720715458414	3.5915265956e-05	0.725717360685
S1266	0.194610027442	0.0760398996716	7.49516231841e-07	0.72934932337
S12665	0.191550299436	0.0742462639077	1.12538510093e-07	0.734203324118
S12666	0.196241906404	0.0743346021621	5.93516221241e-08	0.729423432083
S12667	0.19499390368	0.0744032534071	1.94681357841e-08	0.730602823445
S12675	0.190619983385	0.0763297632755	1.95978590698e-06	0.733048293554
