	Neutrophils	Lymphocyte	Monocytes	Other
S10001	0.190027429203	0.242314570421	0.00434426750689	0.56331373287
S10006	0.187384744423	0.258367279365	0.0	0.554247976212
S1001	0.185304195781	0.265492472104	0.00262969120835	0.546573640906
S10010	0.206317344671	0.252057279306	0.00217301992555	0.539452356098
S10011	0.19016619566	0.250325324471	0.00603302240667	0.553475457462
S10014	0.191715295195	0.258246502102	2.87360949213e-06	0.550035329094
S10026	0.19770503699	0.267721933808	0.0	0.534573029202
S10032	0.185387040254	0.258287019598	0.0106370092681	0.54568893088
S10036	0.192052116732	0.257583722144	0.0	0.550364161125
S10042	0.189729735589	0.263949400187	0.00279761493639	0.543523249287
S10044	0.195567115069	0.270402692251	0.0	0.53403019268
S10049	0.187674662836	0.275144811563	0.00116857487855	0.536011950723
S10057	0.174357890195	0.257608488527	0.000284654886211	0.567748966392
S10062	0.183928874826	0.262601766185	0.00768694433211	0.545782414657
S10066	0.204689250499	0.240986079283	0.00385410040407	0.550470569814
S10067	0.172881158084	0.286767572948	0.00395919701499	0.536392071953
S1007	0.180987728397	0.253643437254	0.00475816537393	0.560610668975
S10073	0.18816003509	0.277338427748	0.00322532432623	0.531276212835
S10077	0.178513804608	0.25416382248	0.00852959715569	0.558792775757
S10080	0.185996286233	0.253310043663	0.00765675711567	0.553036912988
S10082	0.188749568207	0.266587974094	0.00404390978963	0.54061854791
S10087	0.183130782191	0.270667600973	0.00542118938677	0.54078042745
S10089	0.185813634336	0.2533818721	0.00166825190276	0.559136241662
S1009	0.175915828672	0.271418886494	0.0041461700572	0.548519114777
S10090	0.187153186989	0.252124992485	0.00206164451044	0.558660176016
S10093	0.194296799823	0.235408404848	0.0	0.570294795329
S10094	0.185825120453	0.265774987285	0.00640360088874	0.541996291374
S1010	0.178214482612	0.262739007224	0.00636971982898	0.552676790335
S10111	0.184269293118	0.27937464066	0.00166600052814	0.534690065694
S10116	0.1656380049	0.274444300104	0.00747436217593	0.55244333282
S10119	0.181788044257	0.26442169731	0.00239048171074	0.551399776722
S10121	0.185290375122	0.269547129552	0.00274751782915	0.542414977497
S10130	0.189495714556	0.252470313404	0.00392113208252	0.554112839957
S10140	0.201967828021	0.255444498879	0.00103244496607	0.541555228134
S10142	0.173586133101	0.283421281753	0.00275982161737	0.540232763529
S10150	0.21102133131	0.234327182676	0.00074369879428	0.55390778722
S10155	0.185880849858	0.262506065665	0.00357854216453	0.548034542313
S1016	0.190423823562	0.258408533461	0.00259890381578	0.548568739161
S10163	0.192645808392	0.244813860593	0.0057381524597	0.556802178555
S10167	0.186382022909	0.259955542858	0.0	0.553662434233
S10168	0.173809781117	0.282832449454	0.00273891219104	0.540618857237
S10173	0.184170695839	0.275635055198	0.00241737719393	0.537776871769
S10175	0.188771869972	0.26588555903	0.000349827120736	0.544992743878
S10179	0.174379790249	0.289082487214	0.00500519313685	0.5315325294
S10186	0.162304278221	0.276904396317	0.00763605307056	0.553155272391
S1019	0.172828051458	0.266822554847	0.00645084837906	0.553898545316
S10190	0.187292476093	0.271433568173	0.00208158198273	0.539192373751
S10195	0.195862901155	0.248784155914	0.00190928954994	0.553443653381
S10196	0.193190126444	0.259136479516	0.000990086816805	0.546683307223
S10200	0.194006784564	0.266093926592	0.00238952288882	0.537509765955
S10201	0.20823708261	0.231795242681	0.000597640332634	0.559370034376
S10202	0.18730020024	0.265667509897	0.0055253616087	0.541506928254
S10205	0.188213472581	0.276829312862	0.0	0.534957214557
S10211	0.182651503269	0.258112909481	0.0	0.55923558725
S10221	0.191784638191	0.263628022873	0.000762269854622	0.543825069081
S10222	0.197208049016	0.245308744587	0.000388258245807	0.557094948151
S10226	0.194256553917	0.259669708915	0.00343998828002	0.542633748888
S10227	0.194368165372	0.251789505232	0.00262253533503	0.551219794061
S10228	0.188533753768	0.267503768519	0.00154677845646	0.542415699257
S10232	0.172265401444	0.27596991379	0.000110536819277	0.551654147946
S10248	0.194356416536	0.26672703381	0.0	0.538916549654
S10249	0.203166577866	0.23310373117	0.00897939687892	0.554750294085
S1025	0.178649026067	0.278164189939	0.00318648845017	0.540000295544
S10266	0.195875020899	0.246418150113	0.00373352544592	0.553973303542
S10269	0.191336456046	0.258979780849	0.00201044789824	0.547673315207
S10272	0.195104227856	0.249103137857	0.0	0.555792634287
S10273	0.193442598315	0.259208770682	0.00242482520753	0.544923805795
S10274	0.183487920167	0.261806491726	0.00283053644958	0.551875051657
S1028	0.191725426724	0.265145452181	0.000960205169515	0.542168915925
S10280	0.186752056886	0.267583487089	0.00565290344643	0.540011552578
S10283	0.171311369176	0.289946104619	0.00790573534903	0.530836790857
S1029	0.187623200179	0.262694084053	0.00155100083376	0.548131714934
S10292	0.176541884768	0.26544701943	0.0	0.558011095803
S10294	0.183353640242	0.27576838582	0.0	0.540877973937
S10302	0.190218105974	0.262508686188	0.000562039982578	0.546711167856
S10303	0.186514907382	0.261952019645	0.00483536170119	0.546697711273
S10323	0.186926700527	0.257734577443	0.00324817975768	0.552090542272
S10326	0.189287421	0.266850921311	0.00298425162793	0.540877406061
S10328	0.181918956757	0.279385730761	0.00100593613763	0.537689376344
S10329	0.18281301411	0.272822783649	0.00253561776816	0.541828584473
S10336	0.181523204032	0.265773637992	0.00487984544008	0.547823312536
S10340	0.192737358448	0.259483598325	0.00115773548618	0.546621307741
S10347	0.176399168251	0.251891192699	0.0050408846509	0.566668754399
S10353	0.182985394411	0.263110256242	0.00568976345846	0.548214585888
S10356	0.181075284633	0.254580254891	0.00589570129158	0.558448759185
S10358	0.187121832824	0.265358812003	0.00576594074179	0.541753414431
S10365	0.194195018437	0.255498018817	0.0034726646688	0.546834298077
S1037	0.171486094385	0.291877786131	0.00157380109886	0.535062318385
S10373	0.180784731837	0.268663153197	0.00285232791341	0.547699787053
S10374	0.182239691805	0.253354956605	0.0	0.56440535159
S10375	0.192721504646	0.258884224159	0.00440559914369	0.543988672051
S10377	0.179734867549	0.247746363397	0.00174266205503	0.570776106999
S10378	0.186793756917	0.279095270572	0.00129451099173	0.532816461519
S10390	0.182118767434	0.231275498494	0.00283847404198	0.58376726003
S10391	0.173961040779	0.257079980722	0.00478153540497	0.564177443093
S10393	0.188651948761	0.268754651553	0.0	0.542593399686
S10400	0.185580636804	0.248067692562	0.00914342417419	0.55720824646
S10401	0.181979761496	0.252241493939	0.0064379443127	0.559340800252
S10406	0.202538988564	0.238377105271	0.00154554029218	0.557538365873
S10408	0.193944533411	0.252693033668	0.00314991764206	0.550212515279
S10409	0.184183737064	0.274600583735	0.000526216759598	0.540689462442
S10418	0.187535786306	0.232339011645	0.00136752734741	0.578757674701
S10431	0.187264102899	0.257727895064	0.00300555194906	0.552002450088
S10438	0.188037249117	0.255511628146	0.0020574116521	0.554393711085
S10439	0.193986413814	0.25708549649	0.00586516583689	0.543062923859
S10441	0.189439273995	0.256462356335	0.00733270190208	0.546765667767
S10442	0.19170320546	0.257901848554	0.0055363667562	0.54485857923
S1046	0.201392313769	0.249269950903	0.00297666206919	0.546361073258
S10478	0.207957841991	0.22553260501	0.00726865749833	0.559240895501
S10480	0.164568462312	0.274844185094	0.00294808654825	0.557639266046
S10484	0.188727445519	0.250665200191	0.00666173169577	0.553945622594
S10492	0.182254339939	0.272543441161	0.00367220527709	0.541530013623
S10496	0.185137885491	0.286180715278	0.0	0.528681399231
S10510	0.186496816854	0.256699181735	0.00091324976513	0.555890751646
S10513	0.191669697155	0.260135522526	0.00837554719385	0.539819233126
S10516	0.177288343265	0.259587956653	0.00805477349516	0.555068926587
S10534	0.184117107653	0.264791989942	0.0053362791784	0.545754623227
S10535	0.18159561764	0.264487015395	0.00142906439485	0.55248830257
S10537	0.188330800672	0.263224056449	0.00715069652173	0.541294446358
S1054	0.175138796782	0.264251935859	0.00455312794445	0.556056139414
S10543	0.188287250006	0.272469982601	0.0	0.539242767393
S10546	0.187879671888	0.264699305966	0.0	0.547421022145
S1055	0.20249240156	0.24156728362	0.00292517717909	0.553015137641
S10551	0.180836623213	0.259060561533	0.00820174041308	0.551901074841
S10552	0.187585148782	0.245096732175	0.00508545287861	0.562232666164
S10555	0.179993549882	0.293376750456	0.00249695218048	0.524132747481
S10559	0.183451087699	0.26341458949	0.005936912011	0.547197410801
S1056	0.185230144334	0.266773519277	0.0043518285064	0.543644507882
S10563	0.193126196417	0.25612485718	0.00430863869205	0.54644030771
S10574	0.180152429812	0.281861062732	0.00460610222613	0.533380405229
S10576	0.19738023673	0.246495145761	0.0	0.556124617509
S10578	0.192564588421	0.255231745544	0.00278502411459	0.54941864192
S10579	0.195883636999	0.265745292543	0.0	0.538371070459
S10582	0.194742985479	0.266046524183	0.00182961964691	0.53738087069
S1059	0.188016975573	0.26598027627	0.0037692096252	0.542233538532
S10599	0.194796653668	0.256479990109	0.00494541869801	0.543777937525
S10611	0.18798297072	0.261960223446	0.00327527565071	0.546781530183
S10614	0.198534067017	0.249533678536	0.00502899224959	0.546903262197
S10624	0.172617737906	0.269550277741	0.00814541445373	0.549686569899
S10632	0.184985909386	0.247733245751	0.00268994879717	0.564590896065
S10634	0.185927450031	0.271286340246	0.0	0.542786209723
S10638	0.190967288667	0.256683507649	0.00532675696916	0.547022446714
S10644	0.181619722943	0.277923954344	0.00553465502065	0.534921667692
S10649	0.202287083122	0.255829422966	0.0	0.541883493912
S10652	0.195230311311	0.250274210446	0.000601526698024	0.553893951545
S10654	0.182995281215	0.279997009874	0.000144080744108	0.536863628166
S10655	0.192850653988	0.26466915901	0.000922786046757	0.541557400955
S10656	0.18681041628	0.286455216644	0.0	0.526734367076
S10657	0.182177935614	0.252042047432	0.00323828093895	0.562541736015
S10658	0.193873411197	0.277313574563	0.0	0.52881301424
S10660	0.161956146133	0.273391723438	0.00589468807974	0.558757442349
S10661	0.183887093712	0.275863018658	0.000579718406914	0.539670169223
S10676	0.191422138635	0.266035004006	0.00447673763556	0.538066119724
S1068	0.178359792864	0.274314418271	0.0058694785109	0.541456310354
S10681	0.191470345136	0.245194452454	0.0	0.56333520241
S10686	0.187015168575	0.251227210561	0.00274453710977	0.559013083754
S10688	0.185775410613	0.276375826269	0.00223192227438	0.535616840844
S10690	0.176109116756	0.26182027796	0.00541536651807	0.556655238766
S10698	0.18048772395	0.274458425788	0.00568160131861	0.539372248944
S107	0.18935238823	0.27050107921	0.0	0.54014653256
S10703	0.177915228845	0.28071119333	0.00465484823845	0.536718729587
S10726	0.187237962229	0.259713915391	0.00254938430161	0.550498738078
S10729	0.181167656169	0.250822998013	0.00765119142459	0.560358154393
S10733	0.188777725419	0.273304395435	0.00322295500822	0.534694924138
S10734	0.17939643722	0.26351301885	0.00519359252899	0.551896951401
S10735	0.189599772384	0.257102549527	0.00173296508648	0.551564713003
S10740	0.198325434341	0.238903398979	0.00907575273724	0.553695413943
S10745	0.197888143422	0.252487278861	0.0041380147833	0.545486562933
S10748	0.181291100269	0.260324645676	0.00522643564878	0.553157818407
S10753	0.197254326212	0.259200666065	0.00572990326347	0.53781510446
S10756	0.192352151576	0.268602650891	0.000801280332649	0.5382439172
S10757	0.173675032392	0.285867113569	0.00200035181265	0.538457502227
S1076	0.18774226125	0.255859185144	0.00589594684204	0.550502606763
S10764	0.190302018842	0.246133276906	0.00118629504423	0.562378409208
S10767	0.170604741707	0.274706528411	0.00293137137626	0.551757358506
S10776	0.194910068926	0.266815297188	0.0053929401096	0.532881693776
S10778	0.203808615039	0.252593258043	0.000550325611246	0.543047801307
S10784	0.199271334598	0.250500678831	0.00530789759253	0.544920088978
S10787	0.176993762758	0.266870985654	0.00446950949183	0.551665742095
S10800	0.190586294431	0.26168805282	0.00180633962764	0.545919313122
S10805	0.1934221526	0.248985611295	0.00381826543836	0.553773970667
S10813	0.184022468111	0.2716968985	0.0057298064921	0.538550826897
S10814	0.18756087764	0.242177383805	0.0	0.570261738555
S10815	0.191875610986	0.267084409753	0.0	0.541039979262
S10817	0.176714243927	0.261936302956	0.000900520114049	0.560448933002
S1083	0.180144887557	0.280355090457	0.00447565821687	0.535024363769
S10835	0.183601725231	0.252197832502	0.010898766099	0.553301676168
S10838	0.195690263472	0.273534500206	0.0	0.530775236322
S10844	0.18478855063	0.271815480674	0.0	0.543395968696
S10845	0.186095697175	0.264593957205	0.00635617544387	0.542954170177
S10846	0.169479345059	0.27923701366	0.00448850021972	0.546795141061
S10853	0.204872646696	0.239995088016	0.0	0.555132265288
S10854	0.176756980964	0.274390486208	0.00486349173867	0.543989041089
S10865	0.18349806158	0.259963470915	0.00647745753031	0.550061009974
S10866	0.190143580543	0.264767296188	0.0032171647688	0.5418719585
S10869	0.202469598052	0.251593099387	0.00499948141334	0.540937821148
S10873	0.184067091175	0.261493916608	0.00510211509424	0.549336877124
S10876	0.184472307323	0.277138842983	0.00476485378192	0.533623995912
S10883	0.190122495825	0.249757908141	0.00451149460968	0.555608101425
S10885	0.194532536915	0.24735433457	0.00323278238388	0.55488034613
S10893	0.197199231589	0.253285244835	0.00244039162123	0.547075131955
S10895	0.193548489077	0.259551010964	0.0054348016686	0.54146569829
S10902	0.184509956957	0.270024577144	0.0	0.545465465899
S10903	0.195581361651	0.248767909528	0.00037746041052	0.555273268411
S1092	0.200000897398	0.257317985716	0.00330930403442	0.539371812851
S10925	0.183771119784	0.258668586246	0.00468773940736	0.552872554562
S10927	0.195881766952	0.262478898972	0.00399207770594	0.53764725637
S10936	0.180189301379	0.276654066148	0.00339274017749	0.539763892295
S10945	0.20081472048	0.258875745072	0.00585615555723	0.53445337889
S10947	0.182231975629	0.253166043705	0.000449869624406	0.564152111041
S10949	0.19030730812	0.270348334302	0.0	0.539344357579
S1095	0.183723720149	0.243814171839	0.00348056494405	0.568981543068
S10961	0.195835928213	0.25445671163	0.00243036048659	0.547276999671
S10969	0.183286261481	0.27807754307	0.00197910153252	0.536657093916
S10972	0.184761584759	0.26257007693	0.00694216750753	0.545726170803
S10973	0.202866662955	0.246601443118	0.0022453089874	0.548286584939
S10978	0.197752553927	0.274522321457	0.0	0.527725124616
S10979	0.18327927735	0.265488606183	0.00377168497889	0.547460431488
S10986	0.193133065939	0.247731709672	0.00328933047345	0.555845893916
S10989	0.18805464101	0.261845930403	0.0018297364917	0.548269692095
S10995	0.194944520026	0.272278986864	0.00215783561548	0.530618657494
S11005	0.180674007187	0.269563819483	0.00264170170412	0.547120471626
S11008	0.193235442108	0.257906831451	0.000638229910463	0.548219496531
S11010	0.180027545161	0.255167495671	0.0	0.564804959168
S11013	0.184094667226	0.266848920582	0.00575465462431	0.543301757568
S11016	0.188302442738	0.268824819703	0.00296459262098	0.539908144937
S11017	0.178902102667	0.258098509166	0.0129021412772	0.55009724689
S11020	0.192879928321	0.261010887553	0.0061803048083	0.539928879318
S11027	0.198118715269	0.258712512793	0.0020788059302	0.541089966007
S11035	0.196773582283	0.258414525517	0.0	0.544811892199
S11041	0.192193807915	0.265554549485	0.0	0.542251642601
S1106	0.191440375299	0.270146913634	0.00105053331711	0.53736217775
S11071	0.16654176575	0.294536776159	0.00562353470901	0.533297923382
S11076	0.18304646162	0.267455483367	0.00151859927688	0.547979455736
S11078	0.196904828661	0.257823982566	0.00139662087982	0.543874567893
S11081	0.180747167831	0.265415176066	0.00578903559241	0.54804862051
S11086	0.194413453721	0.25731879421	0.0	0.548267752069
S1109	0.194583758203	0.254560774739	0.00659382554006	0.544261641518
S11096	0.206865239807	0.245364810728	0.00355426659574	0.54421568287
S11100	0.18941451207	0.251220887424	0.00183384344165	0.557530757064
S11107	0.201511575362	0.245055944702	0.00274369430971	0.550688785627
S11109	0.198169962895	0.244986597189	0.00121090931836	0.555632530597
S1111	0.174940123927	0.278479599454	0.00220678181975	0.544373494799
S11119	0.190551523288	0.266401879658	0.000403395800713	0.542643201253
S11127	0.189388362459	0.27641221309	0.0	0.534199424451
S11136	0.179831263655	0.254896169905	0.00345399110962	0.56181857533
S11147	0.198166044858	0.256963823755	0.0	0.544870131387
S11150	0.203750082714	0.252989620335	0.0	0.543260296951
S11152	0.18654448342	0.254005373222	0.00412293313822	0.555327210219
S1116	0.182352633678	0.274489032181	0.00109434021447	0.542063993926
S11163	0.184761557132	0.275758982135	0.0	0.539479460733
S11164	0.197929988887	0.24463633487	0.00479508183409	0.552638594409
S11166	0.164995915252	0.241056464927	0.00450388594385	0.589443733877
S11173	0.195205939315	0.261177988764	0.00159443862495	0.542021633296
S11174	0.181715832751	0.278432918876	0.00296315039715	0.536888097975
S11182	0.191634277882	0.2690026173	0.001966047143	0.537397057675
S11188	0.189849953176	0.260425197938	0.00433132429364	0.545393524593
S11189	0.191288555053	0.276420417079	0.0014804711606	0.530810556707
S1119	0.167544404854	0.279630953251	0.00736471047412	0.545459931421
S11195	0.182692792972	0.266378043614	0.00698068037389	0.54394848304
S11197	0.177527303247	0.258289627374	0.000130225050584	0.564052844328
S11198	0.204659518002	0.250059389514	0.00474668189749	0.540534410587
S11211	0.182841539768	0.255304726196	0.00837686358599	0.55347687045
S11214	0.189246665073	0.263121232619	0.0	0.547632102307
S11216	0.192324387451	0.258127451998	0.00539395453064	0.54415420602
S11224	0.191917524446	0.26625490104	0.0	0.541827574514
S11236	0.19725728785	0.262483531328	0.00369532936986	0.536563851451
S11241	0.184564799085	0.253743519501	0.000812882953061	0.560878798461
S11243	0.1833380336	0.262550974793	0.00394773979373	0.550163251814
S11245	0.185129995463	0.245823366617	0.00360281443953	0.56544382348
S11249	0.180978759599	0.257863148321	0.0051960052346	0.555962086845
S11274	0.169479695975	0.237258502479	0.00691466593767	0.586347135608
S11280	0.180559412745	0.267244489016	0.00636010334391	0.545835994895
S11281	0.180803484923	0.268655001697	0.00576442162148	0.544777091758
S11285	0.176276893206	0.252973655378	0.00483382018544	0.56591563123
S11298	0.183748695766	0.260168852965	0.00290094460468	0.553181506664
S11311	0.192854622613	0.262228741419	0.0037279525101	0.541188683458
S11312	0.190922068528	0.250162581205	0.00407582463157	0.554839525635
S11316	0.18858217923	0.260724269805	0.00588150340758	0.544812047557
S1133	0.187183198434	0.252861479872	0.00108874075008	0.558866580944
S11330	0.19237505309	0.27094225185	0.0	0.53668269506
S11332	0.171618277249	0.285770575389	0.00268890181188	0.53992224555
S11334	0.183400955742	0.276106651671	0.00570027423123	0.534792118356
S11335	0.199082948936	0.255515788788	0.00132153739994	0.544079724876
S11345	0.179085883885	0.241717938348	0.00282151024585	0.576374667521
S11349	0.182357161787	0.272567824425	0.00572342273939	0.539351591049
S1135	0.182569596864	0.260697097106	0.00983568176169	0.546897624269
S11352	0.196548383057	0.242476274557	0.00410208694241	0.556873255443
S11353	0.189308525045	0.263020405787	0.0056536850302	0.542017384137
S11368	0.189179667769	0.261897672668	0.00467637414724	0.544246285416
S11369	0.175488756835	0.26314083253	0.00903540082857	0.552335009807
S11371	0.17356186071	0.272387133356	0.00120718145243	0.552843824481
S11377	0.194644727719	0.242953867578	0.00756036090148	0.554841043802
S11378	0.181311034649	0.260158078659	0.00085136607009	0.557679520621
S11383	0.181746295257	0.279762319398	0.00140692605792	0.537084459288
S11384	0.176234952876	0.277095686224	0.0	0.546669360899
S11392	0.178746365938	0.264352234795	0.00437100266947	0.552530396597
S1140	0.190010947784	0.248525714313	0.000146638392507	0.56131669951
S11410	0.18513857182	0.25776901015	0.00486765272036	0.55222476531
S11411	0.171692884293	0.283417249154	0.00600577904944	0.538884087504
S11414	0.18264578336	0.26216635507	0.00107608893534	0.554111772634
S11419	0.192910891712	0.262999210492	0.00308467536983	0.541005222426
S11424	0.181047806008	0.26071293304	0.00402321224123	0.554216048711
S11425	0.181853513506	0.267110396253	0.00511338703178	0.545922703209
S11433	0.179802620515	0.261889874113	0.00716488047669	0.551142624895
S11434	0.187126840403	0.276653716682	0.00318506449516	0.533034378419
S11436	0.190925670786	0.257778454422	0.00646163974116	0.54483423505
S11437	0.181829287735	0.275669070806	0.0	0.542501641459
S11440	0.211291613626	0.242971212261	0.0	0.545737174114
S11449	0.18228100021	0.281058515001	0.00236077439211	0.534299710397
S11459	0.167675291777	0.265878666481	0.00685793795854	0.559588103784
S11477	0.196940810044	0.258616141798	0.00221466992763	0.542228378231
S11480	0.194277878303	0.252941963332	0.00268738279401	0.550092775572
S11486	0.19053822201	0.255742109595	0.000767811049441	0.552951857346
S11501	0.186984293812	0.241366735855	0.00266823497416	0.568980735359
S11504	0.166118725673	0.269503579063	0.00456437863964	0.559813316625
S11507	0.177418002563	0.276293147271	0.000330712651164	0.545958137514
S11518	0.168590421729	0.280636236009	0.0128408095852	0.537932532678
S11525	0.17272430287	0.266671870458	0.00432899362158	0.55627483305
S11531	0.18638075869	0.263444455552	0.00469497301605	0.545479812742
S11532	0.177957849889	0.272288824376	0.00162547377105	0.548127851963
S1154	0.183411591245	0.266556663286	0.00220911689937	0.547822628569
S11542	0.188838315132	0.24648981353	7.66444743584e-05	0.564595226863
S11543	0.190801813361	0.260562200419	0.00504452733584	0.543591458884
S11546	0.197905712903	0.252708483015	0.00358544617746	0.545800357905
S1155	0.192448024385	0.24313048842	0.00332531235167	0.561096174844
S1156	0.168475147051	0.283464828708	0.0	0.548060024241
S11568	0.193963356659	0.25406471035	0.00113453172949	0.550837401261
S11576	0.179183079235	0.279502753035	0.0047000506597	0.53661411707
S11584	0.198071747945	0.257012415033	0.00329597865433	0.541619858368
S11586	0.192836081483	0.26239106021	0.00410050875591	0.540672349551
S11590	0.196104209955	0.267633867705	0.0022423268037	0.534019595536
S11592	0.178564564406	0.261846641457	0.00362668910769	0.555962105029
S11593	0.193014846053	0.264693713702	0.00264665898922	0.539644781256
S11599	0.182952381009	0.243270264312	0.00361935013388	0.570158004545
S1160	0.174267594263	0.266818130328	0.00208435356826	0.55682992184
S11610	0.192449834617	0.245723458042	0.00317471308789	0.558651994253
S11615	0.186829415144	0.267883960401	0.00609964091742	0.539186983538
S11629	0.194632161127	0.273483184608	0.0	0.531884654265
S11631	0.180778916678	0.265798929781	0.00752099132818	0.545901162212
S1164	0.191667628429	0.26640833521	0.00280291052469	0.539121125837
S11642	0.183352896163	0.237795176026	0.00419602833122	0.57465589948
S11656	0.179874010548	0.246731492775	0.00435998110324	0.569034515574
S11663	0.185766418961	0.26442832407	0.00121992040251	0.548585336566
S11667	0.188414957713	0.263562984795	0.00639035943591	0.541631698057
S11668	0.184206953387	0.262155562368	0.00353126255025	0.550106221696
S1167	0.180477305131	0.269737463885	0.00248458235869	0.547300648625
S11673	0.170576113503	0.249763244567	0.00763395087765	0.572026691053
S11682	0.197419320237	0.263286879644	0.00236133668539	0.536932463433
S11693	0.181647926193	0.261680677345	0.00432906466739	0.552342331794
S11696	0.192331155217	0.262566815731	0.000228570167742	0.544873458884
S11699	0.188606317916	0.277504094308	0.00342313551277	0.530466452263
S117	0.17218299931	0.238859891483	0.00393495859175	0.585022150615
S1170	0.186908384445	0.271306689761	0.000506447311862	0.541278478481
S11709	0.190024201894	0.264330293402	0.00437733162437	0.54126817308
S11713	0.15065731357	0.284046515193	0.00844273125355	0.556853439984
S11717	0.175843100366	0.264490556808	0.00225445132726	0.557411891499
S1173	0.187891403032	0.247300696486	0.00356267856914	0.561245221913
S11731	0.197319268981	0.251600222617	0.00699390227644	0.544086606125
S11732	0.192834773647	0.264442044002	0.000704206828176	0.542018975523
S11733	0.177738937296	0.263228657263	0.00823625260431	0.550796152837
S11734	0.191696418116	0.261483162076	7.28605076427e-05	0.546747559301
S11735	0.191854978934	0.262718026814	0.00350661010545	0.541920384147
S11737	0.172743454806	0.250582503845	0.00503045836292	0.571643582986
S11745	0.190990298573	0.248188167907	0.00512841895801	0.555693114563
S11760	0.186733897724	0.238317882718	0.00236909595352	0.572579123605
S11761	0.16514289197	0.27140878791	0.00541175106833	0.558036569052
S11769	0.201278048228	0.237298503335	0.00343358090124	0.557989867537
S11783	0.186686158422	0.274993578888	0.000150001846903	0.538170260844
S11784	0.189217579048	0.262759848094	0.00303015161059	0.544992421248
S11786	0.197315361374	0.264396096503	0.00224438218017	0.536044159943
S11797	0.186089971369	0.257133325894	0.00673471500416	0.550041987733
S11799	0.180669727874	0.264710575106	0.00213901740681	0.552480679613
S118	0.192446240477	0.262913431589	0.0038441408574	0.540796187077
S11800	0.184758333096	0.27375532244	0.00316651754629	0.538319826918
S11802	0.186582121922	0.253873112986	0.00370521636587	0.555839548726
S11806	0.198384645654	0.241343789645	0.0	0.560271564701
S11807	0.168169163695	0.250452989884	0.00901729139243	0.572360555028
S11810	0.175878027743	0.270755734441	0.0028859357341	0.550480302082
S11811	0.202856110783	0.255680804009	0.00276682464483	0.538696260563
S11812	0.184490724558	0.253581994149	0.00326302515132	0.558664256142
S11820	0.189410733487	0.271424843612	0.00295899860691	0.536205424295
S11822	0.205915540217	0.2573024333	4.41197268843e-06	0.536777614511
S11823	0.184132233965	0.255282765023	0.00248456614769	0.558100434864
S11826	0.186887367825	0.266099391695	0.0	0.54701324048
S1183	0.175553847512	0.250512026385	0.00301899005175	0.570915136051
S1184	0.183468141127	0.270435498087	0.00572615808345	0.540370202703
S11842	0.182201038645	0.269114380295	0.00270744740934	0.54597713365
S11843	0.195820795979	0.268972512293	0.00114837854813	0.534058313179
S11844	0.177587767873	0.265164471692	0.00758154532975	0.549666215105
S11850	0.175840022456	0.251280767073	0.00788828294216	0.564990927529
S11853	0.187705990636	0.258788096827	0.0	0.553505912537
S11857	0.190605330334	0.251973847504	0.00230466547645	0.555116156686
S11858	0.191503844876	0.244205263393	0.00187924207078	0.56241164966
S11860	0.187364210064	0.264703865628	0.00337696495307	0.544554959355
S11864	0.165752429802	0.271324320412	0.0108721280018	0.552051121784
S11870	0.190225783407	0.263526647542	0.00187982224446	0.544367746806
S11875	0.189930807333	0.263878208782	0.0	0.546190983885
S11877	0.176706650931	0.235525057793	0.00487511848115	0.582893172794
S11878	0.180809203965	0.265557497263	0.00579845325952	0.547834845512
S11882	0.171984658052	0.264883633661	0.00441443510772	0.55871727318
S11883	0.189185242611	0.239498469211	0.00457003645976	0.566746251719
S11884	0.194342125381	0.270499028117	0.0070286168393	0.528130229662
S11886	0.193292887051	0.243701677116	0.000414679285838	0.562590756547
S11897	0.197859969798	0.257774550856	0.0038282867103	0.540537192636
S1190	0.186845633217	0.268544950746	0.00280134892985	0.541808067107
S11903	0.205719008334	0.256290477564	0.0	0.537990514102
S11905	0.198733034775	0.23351897831	0.00593659711042	0.561811389804
S11907	0.184622476696	0.26157258389	0.00136722377619	0.552437715637
S11914	0.197015620284	0.239818368885	0.00323919482932	0.559926816002
S11917	0.185838235958	0.272035639901	0.0	0.542126124141
S11928	0.178816748805	0.25536463556	0.00568387321945	0.560134742415
S11929	0.182036015369	0.266960404502	0.00648701093774	0.544516569192
S1193	0.172722141959	0.269732355664	0.00799484136035	0.549550661016
S11930	0.181892785254	0.2590948636	0.00513633735003	0.553876013796
S11934	0.179276923406	0.277975928687	0.0	0.542747147906
S11939	0.196836181074	0.250753761158	0.00479214412876	0.547617913639
S11944	0.187258791987	0.277946683692	0.0	0.534794524321
S11945	0.17978070777	0.267014338264	0.0	0.553204953967
S11957	0.200334944699	0.259065132787	0.0	0.540599922515
S11958	0.186914489669	0.241628960102	0.0062375074064	0.565219042822
S1196	0.197716028356	0.24224000253	0.00295101004132	0.557092959073
S11960	0.181512925257	0.263064210469	0.000102442627509	0.555320421646
S11965	0.179618768065	0.271967780715	0.0	0.54841345122
S11967	0.195335424985	0.259651222615	3.11375230748e-05	0.544982214877
S1197	0.185618192284	0.239413145422	0.00465965951935	0.570309002775
S11973	0.191587728125	0.275606730246	0.0	0.53280554163
S11974	0.187744750384	0.266187512573	0.00662545845552	0.539442278588
S11980	0.197686774991	0.257477561991	0.00235652618115	0.542479136837
S11985	0.19272625476	0.265243810485	0.00277891875996	0.539251015995
S11987	0.195135060138	0.247137492468	0.00401597281945	0.553711474575
S11993	0.195886037089	0.26173381196	0.002674786397	0.539705364554
S12001	0.190750961569	0.254150733321	0.00374354337071	0.551354761739
S12004	0.182445243829	0.244178446698	0.00555304672591	0.567823262747
S12006	0.178469251827	0.271113214324	0.0	0.550417533849
S12010	0.170390938226	0.258555825741	0.00679671566908	0.564256520364
S12011	0.18992449428	0.256027271993	0.00648842640098	0.547559807326
S12012	0.184832336325	0.239446930646	0.00421862934279	0.571502103686
S12022	0.175155284319	0.240775632971	0.00682176794212	0.577247314768
S12043	0.190904972167	0.271406891711	0.00376037451867	0.533927761603
S12052	0.185233550992	0.270761504557	0.00147548774941	0.542529456702
S12056	0.19217051037	0.259943642241	0.00249263305654	0.545393214332
S12057	0.197507772566	0.249888765774	0.000772942670803	0.551830518989
S12058	0.193011387601	0.232769775106	0.00133760453276	0.57288123276
S12061	0.186397760331	0.266871009931	0.00132146938908	0.545409760349
S12064	0.179345149991	0.275802989696	0.00428499574931	0.540566864563
S12073	0.198600658072	0.238236369831	0.00282133529167	0.560341636805
S12076	0.178213696525	0.25484907569	0.0050024483751	0.56193477941
S12079	0.194446096085	0.25053233894	0.0	0.555021564975
S12089	0.182629973693	0.249244526406	0.00693817794787	0.561187321952
S12098	0.192987602811	0.265675535398	0.00133260756946	0.540004254221
S1210	0.190517865715	0.268664136455	0.000339372922623	0.540478624907
S12101	0.183510099643	0.240446146159	0.00152678203984	0.574516972158
S12105	0.185800026987	0.283967819479	0.00304946352347	0.527182690011
S12106	0.17730670566	0.233533142065	0.00743854105341	0.581721611221
S1212	0.186203506784	0.273819147752	0.00120112499163	0.538776220473
S12120	0.194080438523	0.263006212821	0.00538789326779	0.537525455388
S12129	0.179803020431	0.267526145721	0.00388410456446	0.548786729283
S12137	0.200400595141	0.254006474393	0.00127795178597	0.54431497868
S12140	0.181299353461	0.258827412707	0.0037941925683	0.556079041264
S12159	0.183243844119	0.278201273574	0.00149965851226	0.537055223794
S12170	0.199194244156	0.257777938163	0.00138949945892	0.541638318222
S12178	0.182174241999	0.274126038685	0.00102713015011	0.542672589166
S12179	0.190316148808	0.276109954227	0.0	0.533573896965
S1218	0.18367863805	0.263409838674	0.00348159140984	0.549429931866
S12182	0.186506048493	0.252684124163	0.00209936995668	0.558710457387
S12196	0.189390782264	0.256894729144	0.00219626554041	0.551518223052
S12198	0.192879420028	0.264787459641	0.0	0.542333120331
S1220	0.188608695756	0.267648705389	0.00297152139103	0.540771077464
S12200	0.192364355809	0.261026551439	0.00138627754468	0.545222815207
S12202	0.18892756563	0.254737360395	0.00241165269383	0.553923421281
S12206	0.190459606042	0.261256693803	0.00484552225983	0.543438177895
S12208	0.177934084267	0.279565840601	0.00780984764841	0.534690227484
S12215	0.178146843853	0.273510281089	0.00584787596608	0.542494999092
S12221	0.184166606796	0.280829437476	0.00141966687756	0.53358428885
S12228	0.188124441784	0.243313212628	0.0081258244955	0.560436521093
S12231	0.191391127073	0.25676024824	0.00254458179794	0.549304042889
S12240	0.170366718341	0.270599541941	0.00176444426274	0.557269295455
S12241	0.171500305621	0.259885802575	0.0111108055752	0.557503086229
S12244	0.183922367962	0.256773762196	0.00420555905042	0.555098310791
S12245	0.188568861432	0.259533367807	0.00190677477784	0.549990995984
S12249	0.185758558878	0.264117826628	0.00321903602812	0.546904578466
S12251	0.177579465457	0.258440182309	0.00853054406187	0.555449808172
S12261	0.177321929642	0.24664006043	0.00458464918328	0.571453360744
S12264	0.183190515701	0.277410714788	0.00311077945688	0.536287990054
S12265	0.191339697334	0.256560627638	0.00473487246262	0.547364802566
S12271	0.19433332211	0.257563174272	0.00536566201343	0.542737841604
S12276	0.171602504122	0.278626319749	0.00554051622231	0.544230659907
S12278	0.185945183767	0.264650225789	0.00444080374243	0.544963786702
S12279	0.185356384455	0.261563178986	0.0056385286226	0.547441907937
S12282	0.192552311825	0.251717718988	0.00457364113466	0.551156328053
S12285	0.181582787771	0.26683434746	0.00489550004113	0.546687364728
S12291	0.192543000622	0.265941283552	0.0	0.541515715826
S12294	0.196531413733	0.254207446639	0.0018066843053	0.547454455323
S12308	0.182829321541	0.266244438485	0.00569529541564	0.545230944558
S12335	0.179312814185	0.252675708597	0.00924765154007	0.558763825678
S12344	0.188741078371	0.273360537208	0.00108028373475	0.536818100686
S12347	0.185660086782	0.25858202912	0.00556167483176	0.550196209267
S12348	0.183710132104	0.269301073848	0.00114502874511	0.545843765303
S12354	0.175084994416	0.266526741621	0.00189975191478	0.556488512048
S1236	0.192599859406	0.263774479078	0.00128975298664	0.542335908529
S12365	0.176916039773	0.262196088303	0.00671283009349	0.554175041831
S12366	0.199356766428	0.247292239156	0.00349046317121	0.549860531245
S12374	0.190386631355	0.268731157544	0.00454017319961	0.536342037901
S12385	0.193455619385	0.256230840536	0.00652880719661	0.543784732883
S1239	0.198511449305	0.258211056087	0.00343150041476	0.539845994193
S12391	0.191264509889	0.270373716925	0.0	0.538361773186
S12394	0.194123391339	0.247235255756	0.0035512523957	0.55509010051
S12406	0.196050018259	0.258585495393	0.000969747372536	0.544394738975
S1241	0.194928023558	0.244522183401	0.0	0.560549793041
S12410	0.167729994436	0.26290391325	0.00512652524836	0.564239567065
S12417	0.202382130458	0.24833939285	0.000579928576541	0.548698548115
S12419	0.20091815285	0.256942338115	0.000794990528884	0.541344518506
S12428	0.182574537681	0.2689168639	0.00510688799984	0.54340171042
S12431	0.199281053372	0.263685030416	0.000466016776226	0.536567899435
S12432	0.179574020208	0.278553247693	0.0052144951763	0.536658236923
S12436	0.186562220208	0.263611649277	0.00175696374483	0.548069166769
S12437	0.199207414531	0.25377201459	0.00432068224054	0.542699888638
S12439	0.186195533353	0.259783401338	0.00694741807802	0.547073647231
S12440	0.185953332732	0.259543181042	0.00213915017228	0.552364336054
S12441	0.183389985947	0.258045994408	0.00980623715449	0.548757782491
S12447	0.197440691928	0.246983644185	0.00287509450895	0.552700569378
S12450	0.200191025718	0.25433507322	0.0	0.545473901063
S12452	0.178936757654	0.264452322849	0.00559276249415	0.551018157004
S1246	0.182607870036	0.274850696909	0.00341301937514	0.53912841368
S12463	0.182447582258	0.273201303983	0.00136554736249	0.542985566397
S12464	0.172669080531	0.27169998327	0.0028714340583	0.55275950214
S12488	0.16273547543	0.266689924092	0.00570618266132	0.564868417817
S12489	0.194316173753	0.248370590664	0.00199947193644	0.555313763647
S12496	0.179300042741	0.258269444197	0.00405465105517	0.558375862007
S12500	0.1885532133	0.262645006399	0.00313906263468	0.545662717666
S12501	0.179742530424	0.27441471882	0.00394531780595	0.54189743295
S1251	0.189970892803	0.256306216483	0.00321152411674	0.550511366598
S12516	0.179655496787	0.263085940303	0.00644114208891	0.550817420821
S1252	0.18775138477	0.263080756283	0.00434582770802	0.544822031239
S12524	0.190431931375	0.25958396807	0.000977372412273	0.549006728142
S12527	0.183848740029	0.255837518464	0.00188106721201	0.558432674295
S12535	0.207657733057	0.231076623466	0.00345854317207	0.557807100305
S12540	0.195002730543	0.25438325005	0.00246930574023	0.548144713667
S12548	0.177862748199	0.264311126555	0.00694424868173	0.550881876564
S12556	0.195291479527	0.254895925869	0.00405483572028	0.545757758883
S12563	0.191532286	0.257430713823	0.00595477180835	0.545082228369
S12568	0.174536684437	0.250998371814	0.00854832039119	0.565916623357
S12569	0.184980967081	0.263404835647	0.0020978157098	0.549516381563
S12570	0.190802056386	0.258603269338	0.00674569127799	0.543848982998
S12577	0.195057420247	0.26326911838	0.000396185201748	0.541277276171
S12582	0.190954706327	0.247845062007	0.0102855443916	0.550914687274
S12583	0.19050283978	0.268731580472	0.00309789043771	0.53766768931
S12585	0.180383397789	0.264793436979	0.00375044310047	0.551072722132
S12590	0.184285923402	0.258563864222	0.0	0.557150212376
S12596	0.186587857217	0.257063678598	0.00544789878767	0.550900565398
S12597	0.18807965604	0.261001309996	0.00597660830708	0.544942425657
S12604	0.185933249201	0.259881177063	0.00252921938606	0.55165635435
S12605	0.188948515616	0.262212233256	0.00126192293476	0.547577328193
S12608	0.184421342126	0.256047986141	0.00507527629177	0.554455395441
S12617	0.185034919727	0.276796982086	0.000631450726064	0.537536647461
S12618	0.18313087308	0.277947259652	0.000892007456099	0.538029859812
S12624	0.184543340466	0.26132425793	0.00328907946262	0.550843322142
S12628	0.17954020947	0.258266751762	0.00613367494498	0.556059363823
S12637	0.174868935413	0.277122347485	0.00529479573414	0.542713921368
S12655	0.183233761965	0.270933192995	0.00331774600574	0.542515299034
S12658	0.200513646681	0.244924859718	0.00287335731862	0.551688136282
S1266	0.182179736907	0.28230714758	0.000609849968204	0.534903265544
S12665	0.176547211678	0.278110556674	0.00185082657287	0.543491405075
S12666	0.184497656166	0.262561019812	0.00217842411059	0.550762899911
S12667	0.180911172114	0.272065672285	0.00186094743809	0.545162208163
S12675	0.179505359962	0.263368593874	0.00127438042824	0.555851665736
S12682	0.184053324508	0.259890249431	0.00443996153425	0.551616464527
S12691	0.1918791392	0.260400096036	0.00298370187479	0.544737062889
S12704	0.190410390088	0.260455590945	0.00548838054833	0.543645638418
S12706	0.176566138368	0.262620021274	0.00172559868746	0.559088241671
S12707	0.185056184486	0.278562569611	0.00312612051092	0.533255125392
S12721	0.180824656624	0.282985051901	0.0	0.536190291475
S12722	0.193800656664	0.255438932392	0.00190577898074	0.548854631963
S12731	0.19389208104	0.234985483613	0.00366092870256	0.567461506644
S12734	0.169851100278	0.27489683749	0.00550006869145	0.549751993541
S12735	0.186066335421	0.259398125574	0.00526240693784	0.549273132066
S12736	0.204606519705	0.225514393307	0.00635720813939	0.563521878848
S12742	0.196368435112	0.261700496273	0.00369860919177	0.538232459424
S12754	0.182861322297	0.263092792089	0.00358432029696	0.550461565317
S12760	0.183460056834	0.256461521724	0.0	0.560078421442
S12773	0.179643047126	0.247059034249	0.00939517315244	0.563902745473
S12775	0.18776776295	0.261416877738	0.00108925166437	0.549726107647
S12776	0.225267172437	0.223503798367	0.00201237712638	0.549216652069
S12779	0.182142567663	0.275516223117	0.00258989411646	0.539751315104
S12781	0.183828522307	0.261657319143	0.00799582474867	0.546518333801
S12785	0.187387871392	0.279842969129	0.000747434914925	0.532021724563
S12790	0.170715070142	0.274770450871	0.00720652896828	0.547307950019
S12794	0.189717159247	0.25937933165	0.000310622635814	0.550592886467
S12796	0.195578312697	0.24550947368	0.00164755139442	0.557264662228
S12798	0.165105582811	0.290129121433	0.00533989083029	0.539425404926
S128	0.159353109541	0.311866095025	0.00223048246714	0.526550312967
S1280	0.193282505903	0.251335069575	0.00457567935032	0.550806745171
S12800	0.203514781891	0.24226975361	0.00348726403663	0.550728200462
S12809	0.181842165495	0.249623968896	0.0022161416173	0.566317723992
S12813	0.192086335465	0.256050615847	0.0	0.551863048688
S12814	0.20988188622	0.242083448679	0.000779523130961	0.547255141969
