CD38.negative.naive.B.cell	memory.B.cell	CD14.positive..CD16.negative.classical.monocyte	cytotoxic.CD56.dim.natural.killer.cell	mature.neutrophil	memory.CD4.positive.alpha.beta.T.cell	CD4.positive..alpha.beta.T.cell	memory.CD8.positive.alpha.beta.T.cell
mix_1	0.0448953467197933	0.0589868079173479	0.309801305170482	0.126987248575021	0.0653746064707445	0.0938024231276881	0.181155509564006	0.118996752454917
mix_2	0.0360843630806719	0.0570005028058309	0.380846289188085	0.0804574871067694	0.0768085655472127	0.0889564313259153	0.173191615901452	0.106654745044064
mix_3	0.0940435237954019	0.0782654006591079	0.108913214262215	0.0948888052602962	0.0331324384433905	0.143331679448635	0.317524600228835	0.129900337902118
mix_4	0.110890965967323	0.0939967102645644	0.183880372752676	0.0982702612260195	0.0458657466656616	0.107457055071157	0.237885280172828	0.12175360787977
mix_5	0.086023532725427	0.0814302270751568	0.16599091927963	0.138886909047498	0.0426850020127151	0.101433375577942	0.241666199021257	0.141883835260374
mix_6	0.0795516763776842	0.0803523884136787	0.242580782263332	0.0998302963874604	0.0548227571789889	0.0989258626772404	0.224975248778541	0.118960987923075
mix_7	0.132752193272115	0.104246696547066	0.131598848891679	0.111785253378635	0.0375394907640837	0.111189447076545	0.24489365992823	0.125994410141647
mix_8	0.128723288255384	0.108652607038272	0.282659943125155	0.0326245483463316	0.0607448235785666	0.100493096890488	0.203660696901388	0.0824409958644143
mix_9	0.0495360329572139	0.0605843576821802	0.24736251858759	0.13290302036389	0.0556560078331025	0.105766475135854	0.219590572763299	0.128601014676871
mix_10	0.164795270370124	0.125638716442166	0.17265425085236	0.0395877264329284	0.0436542839677896	0.101890659125482	0.248303672856351	0.1034754199528
mix_11	0.0490010151428482	0.0701010454483804	0.359522558132478	0.0759739073472595	0.0723684552311807	0.100837265522147	0.177297851734123	0.0948979014415826
mix_12	0.0327288608890973	0.0496973797917149	0.320092690192882	0.0797759869890183	0.0675111159194846	0.105650103318884	0.226469580164716	0.118074282734203
mix_13	0.160643562095329	0.12039217837205	0.131301744626749	0.119764159474539	0.0370857366232637	0.098737234309961	0.214602921503496	0.117472462994612
mix_14	0.172954564121175	0.131283102957492	0.161694851413914	0.0553217199104641	0.0422773714055052	0.0969272905394007	0.234417346365717	0.105123753286331
mix_15	0.133642213132611	0.105391211244873	0.0855825154084252	0.19339147653866	0.0297468359916705	0.0925944377562615	0.209923981507134	0.149727328420365
mix_16	0.0990431589416817	0.0871400056860618	0.161636747289623	0.0835481056279683	0.0426650671040258	0.12208465963018	0.277787088057603	0.126095167662856
mix_17	0.228416819499951	0.151112327648381	0.0393709933842456	0.055012995559727	0.0195799623090274	0.106490938397044	0.276448751737931	0.123567211463694
mix_18	0.0493507883602778	0.0685922952405585	0.401815976196668	0.0555120715102084	0.080281747415459	0.0857006457024849	0.162139280581187	0.0966071949931568
mix_19	0.112601929467991	0.0978680797252439	0.23941163746145	0.0831564213939234	0.0539348441882767	0.0925315406854565	0.209379463058858	0.1111160840188
mix_20	0.070316474213249	0.0679326304897549	0.0436349365866887	0.134354296338934	0.0221260986800311	0.129329999005307	0.348016102525326	0.184289462160709
mix_21	0.123822501611623	0.102483342566887	0.149985558947793	0.0767941537310488	0.0418892608415705	0.109892939860044	0.26987020880219	0.125262033638844
mix_22	0.118537091972541	0.100612766745674	0.205325145422531	0.129526690864189	0.0494643029706463	0.0853611879217774	0.189316759807903	0.121856054294738
mix_23	0.134179697345885	0.108568023485678	0.227879856859421	0.0515431627406655	0.0512590770929781	0.106932074845612	0.223227984905326	0.0964101227244347
mix_24	0.0306940982101004	0.0560644012059835	0.408428581746014	0.0970949584097111	0.080854275974393	0.0843626354396146	0.139893186743524	0.102607862270659
mix_25	0.0510996858339256	0.0628809474328746	0.258696203581302	0.0477228493536561	0.0585968486859279	0.126380267509706	0.275991171506793	0.118632026095815
mix_26	0.0428853186336092	0.0494669030259594	0.0487810865167474	0.212447884978704	0.0222868287799044	0.132231535488686	0.308356983838746	0.183543458737643
mix_27	0.130109673887043	0.11434766576625	0.301319152796826	0.110775032116215	0.0638961596528768	0.0699718453221571	0.118430875452739	0.0911495950058931
mix_28	0.0966742254212587	0.0816454274036735	0.0475479898505706	0.125915448066071	0.0219164014756493	0.134528840897277	0.324651200010046	0.167120466875454
mix_29	0.0731460318256126	0.0764250097578629	0.224218753506164	0.111294018736817	0.0522645683499158	0.102018769223089	0.22996513805781	0.130667710542728
mix_30	0.0913878011539122	0.0843111421592105	0.224191700498182	0.0978570979900323	0.0521201311262535	0.10644609198163	0.227655438928572	0.116030596162207
mix_31	0.0719099135059989	0.0752205811066602	0.243946027520017	0.0730775388780405	0.0551763134891681	0.120753974631846	0.248337493039739	0.111578157828531
mix_32	0.0904085210518055	0.0830218598605433	0.183071185450626	0.101297359340786	0.0457735726544268	0.111154421178538	0.258469821116668	0.126803259346607
mix_33	0.0948897147876968	0.0890126970516905	0.250652244514889	0.0863134390914135	0.0558131045101587	0.108658714677059	0.210783778103563	0.103876307263531
mix_34	0.0352579267419585	0.054715633559974	0.339522439789475	0.102339355672629	0.0695848290081636	0.0957318875758175	0.188125347672869	0.114722579979113
mix_35	0.071691684469835	0.0751425011605786	0.265248573862971	0.103018332793887	0.057899062758593	0.0910045882475997	0.211784166966892	0.124211089739643
mix_36	0.138158248255471	0.107628603280074	0.137906315475907	0.0766663015605293	0.0383565877507865	0.124890279462713	0.266927747538203	0.109465916676317
mix_37	0.131371170955036	0.108114290098012	0.161953796576181	0.0567554567918796	0.041612476029013	0.125270521358243	0.265971119831873	0.108951168359762
mix_38	0.0638221000293132	0.0644401391866772	0.0761973041398069	0.157125331820609	0.0275761614847746	0.137344130790853	0.313159792319148	0.160335040228817
mix_39	0.141982327994614	0.105395167404544	0.0892895789829026	0.158174228976661	0.030181898231441	0.0982023479241171	0.234451543192296	0.142322907293424
mix_40	0.0996325012425751	0.0924550765464744	0.249374555785795	0.0650315675581681	0.055133378582417	0.114145361156664	0.226431796329358	0.0977957627985484
mix_41	0.0514994822078411	0.0632551007252817	0.301040462372954	0.119171717513229	0.0643011533101975	0.0891971016166237	0.190458750581555	0.121076231672318
mix_42	0.153023906962528	0.111023438364031	0.0559299464786722	0.10149329939684	0.0232752547419664	0.119182941449331	0.292535340619888	0.143535871986744
mix_43	0.0355005231076022	0.0507524109616638	0.160626387863477	0.171134398141692	0.0428816996790826	0.116008659771307	0.268144075828325	0.154951844646851
mix_44	0.0518527235765978	0.0594003142603397	0.145190130537561	0.137967758341667	0.0388895756345761	0.131261909661493	0.289148141014331	0.146289446973435
mix_45	0.0318734016603108	0.0481801621933426	0.243753445405692	0.0496146984128868	0.0555038734018778	0.137332154865757	0.305336047576746	0.128406216483387
mix_46	0.0868671552405198	0.0815905520225702	0.103315987299524	0.138131307413385	0.0336734538243627	0.109171013074292	0.282579700485996	0.16467083063935
mix_47	0.105591891645061	0.0944243162312826	0.250970069938101	0.0585386698656959	0.0558905979181404	0.107071144312825	0.226817941137721	0.100695368951174
mix_48	0.12546855357945	0.112342954031291	0.322383744331034	0.120651568216606	0.0667959234882149	0.0671796350831498	0.102419606794244	0.0827580144760112
mix_49	0.111232909045313	0.0978621633280634	0.256047886766564	0.117701331426216	0.057099607929996	0.0818863817073691	0.168886662849847	0.109283056946631
mix_50	0.131425504857184	0.102411438228741	0.106266013439902	0.0488718974911022	0.0330940084105428	0.136139968832833	0.31724767604318	0.124543492696516
mix_51	0.116545278636898	0.103450023811789	0.284361711264204	0.116488155507919	0.0607930676935167	0.0834418821319138	0.14295242740995	0.0919674535438096
mix_52	0.159919384975022	0.117818286414044	0.0664184547885174	0.128714573719927	0.0253823607807293	0.114573944943315	0.256592134038904	0.130580860339542
mix_53	0.117479408894574	0.103465724963925	0.270178835673424	0.103045025493663	0.0591084559712179	0.0843683231363758	0.167267313143992	0.0950869127228289
mix_54	0.158866338644295	0.119562613222405	0.0709855876318341	0.0871899984213056	0.0276096723182609	0.101961404996468	0.293305968732929	0.140518416032503
mix_55	0.108699926256707	0.0950202936236998	0.264833027112187	0.0970961256106369	0.0577969403510412	0.0906825947139845	0.182713347068333	0.10315774526341
mix_56	0.0814980798372765	0.0796667075218639	0.18569120513861	0.0397714001605106	0.0468403173274546	0.134731807675979	0.310909691779243	0.120890790559062
mix_57	0.0307788748458427	0.0489599233100512	0.265868902112997	0.114494731629368	0.0584696278031593	0.117973345170317	0.237237206306413	0.126217388821852
mix_58	0.0840666435904196	0.0814413100592619	0.151163305697812	0.132674561677272	0.0414415078476283	0.115129565562907	0.249777143108174	0.144305962456525
mix_59	0.0367475409144061	0.0530519745675746	0.300693193651243	0.117609410149766	0.0647757784482803	0.0895069380871366	0.206399002798406	0.131216161383187
mix_60	0.148867870064316	0.118468221807558	0.204449875337203	0.0399872019943387	0.0495593945043028	0.100123047621171	0.23945386125342	0.0990905274176904
mix_61	0.123885236692711	0.0955352551492382	0.0498827150447373	0.0624377931694864	0.0226790619830847	0.156459568445639	0.35375354998097	0.135366819534133
mix_62	0.10424863198683	0.0866933979652608	0.0794270354979199	0.126350445374666	0.0279480269591828	0.135284584798416	0.300891937339924	0.1391559400778
mix_63	0.0427682283927271	0.0578700176801799	0.288349018350751	0.0905968843288884	0.0624261624818883	0.109602833735146	0.230095276085071	0.118291578945349
mix_64	0.110144988938024	0.0992610018260767	0.273224715120029	0.0347577612978826	0.0591775596433752	0.112710860576872	0.222899082704696	0.0878240298930447
mix_65	0.0807993593281588	0.0769236497076695	0.164937173226123	0.17755917305919	0.0427003190045264	0.103429198144496	0.215422244835258	0.138228882694579
mix_66	0.115035587944398	0.0994860544757644	0.287008630479079	0.119801734295936	0.0618688913215064	0.0762199765538183	0.139996027316148	0.100583097613349
mix_67	0.141415413160114	0.101709403156733	0.0633733339358166	0.146889701866729	0.0253503308072583	0.115071436405242	0.26418285636754	0.142007524300567
mix_68	0.0599434504032708	0.0612406727435511	0.103071126176063	0.187252785550458	0.0330014947639935	0.109079100579451	0.280205060815434	0.166206308967779
mix_69	0.106965438369372	0.0959561295827484	0.276713978454121	0.0483526275412278	0.0602158680375081	0.106690066529015	0.212711549379627	0.0923943421063818
mix_70	0.154612802338262	0.125802210775365	0.192487133717605	0.191023300157105	0.0470054691323936	0.0694384503950709	0.115206992546391	0.104423640937808
mix_71	0.145064284972578	0.12427102107215	0.334715966716866	0.0320842471086746	0.0688283589187526	0.0792422072306118	0.144422771775563	0.0713711422048031
mix_72	0.199713052916397	0.136893338733626	0.10548019039158	0.056786662763954	0.0328288039043632	0.115101324214725	0.248226623688141	0.104970003387214
mix_73	0.142222062180761	0.113083413650151	0.152651699850339	0.159589240935364	0.0410004380104705	0.0854621106174785	0.179882342245619	0.126108692509817
mix_74	0.118007916112877	0.0987406226341235	0.200599238482298	0.0884091235019684	0.0488635179807121	0.110421918176847	0.227047160797998	0.107910502313175
mix_75	0.111187581893068	0.101879222571686	0.308985493589	0.091480885097229	0.0650451118005994	0.0869067406021089	0.148291481347635	0.0862234830986731
mix_76	0.053785684322937	0.0617006335201057	0.145675266921236	0.152067129943176	0.0402978104450013	0.11679527612722	0.272450300838706	0.157227897881619
mix_77	0.0682435995352738	0.0652882897709549	0.0592100506831844	0.127106679583037	0.0244875773426384	0.142949170715119	0.346860722961431	0.165853909408361
mix_78	0.0950278604301614	0.0894647962822673	0.268329461076307	0.102261955792016	0.0591168609445041	0.088861353327153	0.186598575423168	0.110339136724423
mix_79	0.048712496990772	0.0631284845837384	0.315804664166526	0.0730882733141122	0.0660653538856497	0.105738364456748	0.215275635830688	0.112186726771766
mix_80	0.138789618792375	0.113258434704874	0.17187237168076	0.0422883150570888	0.044043295480698	0.11201041280216	0.269043238411211	0.108694313070832
mix_81	0.0853679725966528	0.0805940845758603	0.166403226130102	0.0464495536068583	0.0436305222136785	0.137401905132965	0.320756098643429	0.119396637100454
mix_82	0.112201216710272	0.0981214678839997	0.246298660778676	0.0701186567634014	0.0578083685651008	0.0978435657410945	0.210177397363786	0.107430666193669
mix_83	0.100005433991169	0.0943273774882503	0.303229638151481	0.0910188368535297	0.0640056383123365	0.0898542416795666	0.166273509593607	0.0912853239300604
mix_84	0.102786811704277	0.0913477851424725	0.187542168671491	0.055857438250839	0.0472435852954074	0.119339130115627	0.2775361711725	0.118346909647387
mix_85	0.0839377790288987	0.0800796477077401	0.184040253196114	0.0561833953140127	0.046464822130956	0.125633981826703	0.295931067799247	0.127729052996328
mix_86	0.057715121391355	0.0573352019312874	0.108221324412913	0.127906418619387	0.0336476661476744	0.138179908856786	0.322758571935879	0.154235786704719
mix_87	0.0716618176208327	0.0737760138400075	0.239304006901163	0.0360801620548445	0.0543991406195014	0.128899557546902	0.284607615126976	0.111271686289773
mix_88	0.0971294249336012	0.0850509785200482	0.142503693034856	0.116685080306951	0.0391187286797041	0.11362031596659	0.271419818306309	0.13447196025194
mix_89	0.0872522652637059	0.0781957579925724	0.086759022962405	0.114179824325511	0.0300551038588691	0.132846302083425	0.31764213561276	0.153069587900751
mix_90	0.0674416009583276	0.0723922052719587	0.258414459348449	0.0535975323475126	0.0582284990605678	0.115801163748114	0.263211125141239	0.110913414123831
mix_91	0.0901792211465381	0.0885268233569561	0.285229905949499	0.117859100501089	0.0610586558833093	0.0869672854544101	0.161356818430367	0.108822189277831
mix_92	0.0897335849991556	0.0848743350266527	0.245643275491822	0.0536286466751314	0.0555432612252623	0.11604313608194	0.248911603090961	0.105622157409075
mix_93	0.0365002006927186	0.0614325531936003	0.437013963576158	0.0632593927254414	0.0854516674319733	0.0871193865907	0.14194804165661	0.0872747941327985
mix_94	0.0326725302542291	0.0527747261485201	0.33576383842004	0.138624332565498	0.069777886074327	0.0816480816460894	0.165634028297587	0.123104576593709
mix_95	0.117438709254953	0.102076183427704	0.27202089623574	0.133546723002086	0.0593584519032671	0.0777675493755803	0.135598857550773	0.102192629249896
mix_96	0.102194818893314	0.0943111205199002	0.244304284289826	0.165406101045947	0.0547860986832095	0.0783793337714952	0.14417468522904	0.116443557567268
mix_97	0.0815563266967471	0.0814094302958336	0.272764516296372	0.0751404639816118	0.0596644423040145	0.10113220548608	0.218750095205524	0.109582519733817
mix_98	0.102152249613008	0.0957731104895297	0.258389628550099	0.0594113019686375	0.0561635522460613	0.103416457846252	0.221617514071369	0.103076185215044
mix_99	0.0769290768002797	0.0695222214650048	0.0373402677190802	0.0800604377198069	0.0197591691324106	0.16081197748851	0.390448819990048	0.16512802968486
mix_100	0.0920898618451739	0.0872565418120915	0.224215997758617	0.0644076668444086	0.0516788512712117	0.114402173416973	0.251017003594619	0.114931903456906
