naive_B_cell	memory_B_cell	CD14_positive_monocyte	CD16_positive_monocyte	CD56dim_natural_killer_cell	CD56bright_natural_killer_cell	neutrophil	CD4_positive_alpha_beta_T_cell	CD8_positive_alpha_beta_T_cell	macrophage_m0	macrophage_m1	macrophage_m2	MAST_cell	basophil	eosinophil	gamma_delta_T_cell	hematopoietic_progenitor	myeloid_dendritic_cell	plasma_cell	plasmacytoid_dendritic_cell
S10001	0.0402671744801409	0.0928249405719946	0.0605879652854068	0.0531054580832936	0.0288401609509756	0.0769902978396851	0.0771886314033844	0.106872051116425	0.0192643442122776	0.0113578650951144	0.0149322885110773	0.0448509643159733	0.0481822769438025	0.0067362333927722	0.0344000885651106	0.0218466242589032	0.034460084799006	0.0697906435100862	0.0272614990165977	0.130240407647972
S10006	0.0385053190716329	0.0849025522109991	0.0663245849853814	0.050248520932008	0.0384397295842776	0.0955086421643754	0.0735904637404742	0.101021160097481	0.0184717308806762	0.0108704025859464	0.0165016313468978	0.045045878408732	0.0435222853705652	0.00639163098682674	0.0301129350787827	0.0211286381824284	0.0392808335868049	0.0648819435023878	0.0262397454006937	0.129011371882629
S1001	0.0361782370899726	0.0796645198420852	0.0667170998582153	0.0496635926814006	0.0406253386014609	0.105361012016943	0.0800488936344221	0.0970975656470092	0.0190870254053732	0.0105310839650803	0.0170806265543434	0.0448635982004483	0.0440941827252324	0.00609102945879596	0.0321694046568573	0.0218485105734447	0.0369096080994926	0.0617798223032467	0.0258452926809743	0.124343556005202
S10010	0.0306314907230351	0.0839400941822474	0.0722857987427768	0.0522680504857629	0.0382387942188849	0.0924853265611637	0.0842207560341798	0.0972616999857565	0.0196935679287908	0.0110999172169233	0.0157720200906476	0.0447326059592765	0.0449615955715108	0.00666472467565964	0.0346645161068775	0.0221156180306472	0.0326931228705342	0.0644389625331362	0.0254030063993362	0.126428331682853
S10011	0.0378037171177486	0.0868703223370799	0.0697537875918505	0.0524955777279144	0.0332377655380863	0.0810038869199089	0.0745788147797163	0.10819240780158	0.0190319172561146	0.0110954337019203	0.0152623628799162	0.0442790731201118	0.0473472755330944	0.0064555332747738	0.0294579012164375	0.0234818067332566	0.0332081999451326	0.0690673772397308	0.0261555033024303	0.131221335983196
S10014	0.0377492687877097	0.0837272794785415	0.0661649365541417	0.0503077222793248	0.035182086805745	0.0886067264971089	0.0791251174566299	0.102560443302859	0.0184666909698011	0.0107312925045354	0.0164703966135724	0.0466217202196525	0.0465915388890185	0.00634431347578321	0.0400119210171291	0.0214976189739339	0.0302916263458813	0.0686165998407049	0.0262419297836997	0.124690770204227
S10026	0.0328530164856986	0.0858123338552012	0.0704694475263367	0.0497441730053946	0.0410004705529801	0.0951868919972913	0.0789850872423955	0.100414756459472	0.0189855933979378	0.0106329721490407	0.0146121092881894	0.0426558275337517	0.0451464680273873	0.00645320634593519	0.031436456270749	0.0226763664994698	0.035939466440047	0.0678908305609341	0.0254747451036413	0.123629781258147
S10032	0.0403142658646306	0.0861964951061515	0.0696179817744339	0.0518824583472843	0.0370724728303092	0.0883799346809721	0.0757568839486733	0.0971600535981691	0.0187176080237569	0.0106618675209176	0.0180361586072751	0.0461239071142562	0.0436031382066803	0.00614882926365314	0.029215805309266	0.021626458983423	0.0369156922970628	0.0715770462961337	0.025898280091586	0.125094662135365
S10036	0.0341134649534255	0.0877968272476198	0.0716949543319835	0.0487535418758418	0.0408742432136804	0.0932554914781889	0.0735495192181775	0.101149418466837	0.0184447328896199	0.0104716940979712	0.0156826842071087	0.0433070841630015	0.045980061512397	0.0068244664930474	0.0332958349495684	0.0213109825316844	0.0350699001062769	0.065877816014054	0.0259545201284112	0.126592762121105
S10042	0.0388303546782686	0.0844103666082004	0.0682676092001249	0.0496819858044733	0.0415095503262237	0.0961077806613388	0.0774905071196662	0.100542227684645	0.0188178322602189	0.0104988793263339	0.015220002641344	0.0429006998657446	0.0446134052914942	0.00719098470860285	0.0332040976062702	0.0224526878163243	0.0371134231469367	0.0627245881912785	0.0253502333831672	0.123072783679343
S10044	0.0341861085583435	0.0852884221308467	0.068790262328214	0.0491035376883745	0.0407942231980039	0.0960638899663601	0.0809593670739557	0.101435675847768	0.0187246279740995	0.0101268132157607	0.0138454165536817	0.0464602387660426	0.0438694118190046	0.00674946377296608	0.035535638765322	0.0228273430161817	0.0356370879616751	0.0621827528472123	0.0265013194246059	0.120918399091582
S10049	0.0363864922200236	0.0867612777412516	0.0677549408519541	0.0489761557092903	0.0395293784011887	0.0910451325758639	0.0734909980217248	0.10047244485419	0.0196339248166771	0.0106462554821477	0.0141881955114845	0.0449519772981209	0.0443826605064122	0.00683470974105568	0.0379484452364569	0.0224609095827792	0.0382995574068073	0.0636373062316474	0.0257127344077036	0.12688650340322
S10057	0.0346137803066094	0.0891707789567055	0.0624973085257785	0.0504676311442649	0.0349326081925826	0.087352116355737	0.0724937548587873	0.102324490137179	0.0196591343171243	0.0115344123942695	0.0166696290150859	0.0483434736608586	0.0475116104995336	0.00640306478596277	0.0304096791335202	0.0225915972443867	0.035281869463305	0.0684171858021625	0.0269178144932075	0.132408060712939
S10062	0.0361115404212655	0.0887797314449135	0.0659313301433335	0.0520952879593355	0.0359542177746745	0.0886198185049607	0.0782016761665302	0.100899946765376	0.019907035611924	0.0112912089608638	0.015567967433506	0.0468582794269334	0.045750451227582	0.00709700186189867	0.0326773810543669	0.0226367917492103	0.0334299332362124	0.064611905248009	0.026618005210606	0.126960489798498
S10066	0.0322969722932886	0.086632468093536	0.0699264852552198	0.0523726251467602	0.0293029273702528	0.0789661005748366	0.0807955520257711	0.106564834641027	0.01899883813214	0.0103533779242353	0.0167058907145032	0.0447579368103863	0.0444596549930093	0.00712698629637489	0.0354139624098818	0.0216349044535623	0.0368565651913729	0.0727541490832935	0.0266202580528607	0.127459510537688
S10067	0.0367736083597988	0.0850813902152941	0.0651507167130372	0.0488508901536335	0.0432734669580492	0.102553473203487	0.0679351806553462	0.102354922377244	0.0195785054911699	0.0104299818338304	0.0145167455850235	0.0459092217594369	0.0431879282840216	0.00629196209679235	0.033695065331455	0.0226721831846756	0.035131795517484	0.0654764577451242	0.0257376015225814	0.125398903012515
S1007	0.0380595182417344	0.088343940618023	0.0643164249008865	0.0507081060194764	0.0357144442302011	0.0938255061616121	0.0705238212608007	0.0997711406862677	0.0182852539150975	0.0103563273200206	0.0159434703266341	0.0453011964936748	0.0483670116712227	0.006911083328941	0.0363474246888815	0.02167567072789	0.0346716996117203	0.0633566791697011	0.0265401270728376	0.130981153554377
S10073	0.0369476445050293	0.0864188258156041	0.0652780429123041	0.0493977901764385	0.0344504816508431	0.0997505948175261	0.076211332448593	0.104160608543363	0.0201765663270292	0.0104659938257123	0.0179643065820736	0.0454602392556064	0.041432402932271	0.00667713610762039	0.0320100285284712	0.0240389824981427	0.0347754356366987	0.0673327174978138	0.0255790631814683	0.121471806757392
S10077	0.0384203143837524	0.0889777416592986	0.0615556806630537	0.0534845896492146	0.0324612312232621	0.0836069020805465	0.0777553889567677	0.101653474060229	0.0188182488166683	0.0108731710281803	0.0158848124061809	0.0467445723054809	0.0461061370949729	0.00682948398310743	0.0365762217640952	0.0220000137842126	0.0305424296461559	0.0690105798877392	0.0263068426045948	0.132392164002487
S10080	0.0397282566842202	0.0864904105707864	0.0695051935283821	0.0526617338502818	0.0354015203224285	0.0913608916550718	0.0738314411479851	0.0998106194701538	0.0196105213110464	0.010565905794298	0.015815260167938	0.0446356083925645	0.0450976625732964	0.00695377354931569	0.0356603415738699	0.0227195115762617	0.0305676037451554	0.0636580050608818	0.0258868918843816	0.130038847141681
S10082	0.0368494533738109	0.0884961830514316	0.0670753516080146	0.0515483484807496	0.0307388420994184	0.0890312985856701	0.0768968383989266	0.103952890146164	0.0194715293789505	0.0109069021387188	0.0173179897430112	0.0447837641444156	0.0457068292344528	0.0063027394784142	0.031641288095316	0.0234227652152135	0.0333443040697812	0.0688079127175895	0.026111634432321	0.12759313560763
S10087	0.0409276810894711	0.0873758793209248	0.0630022919510047	0.0506823376884349	0.0358815698842836	0.0851008602929899	0.074568744481313	0.10099441824422	0.0197226253788689	0.0104904627592291	0.0167316766982447	0.045976639081009	0.0468371555102887	0.00643620637031551	0.035086567881513	0.0229643824039352	0.0346637188650754	0.0692586853630104	0.0263020216182995	0.126996075117569
S10089	0.0364681799070519	0.0907325924643263	0.0608834480278036	0.0507872683548411	0.0357317938309951	0.0884933235851372	0.0711984681068352	0.0972443665275804	0.0194929629421228	0.0111603071541554	0.0151455575526324	0.0468683264177605	0.0494371076739681	0.00707361023961973	0.0347993949998184	0.0206404917616117	0.0364457831283601	0.0665816444849639	0.0267478778474086	0.134067494993007
S1009	0.040338863904496	0.0915923272531543	0.0650910034355148	0.0499141580246469	0.0299957303408112	0.0926711299192009	0.0742648784892467	0.103473189852074	0.020345346677842	0.0110734389781673	0.0141369223895115	0.0451177374407682	0.0462948426522037	0.00612570045653635	0.0278920580659913	0.0238202905076389	0.0334182587585846	0.069430556475727	0.0263001010473067	0.128703465330577
S10090	0.0362925148131855	0.0887726232253498	0.0626723166769077	0.0531022370631072	0.0328433711797891	0.0844793466559478	0.0737892544362084	0.102108380653105	0.020734745962798	0.0121893622453211	0.018830635861871	0.0441026185341648	0.0471171896517189	0.00685510076453682	0.0331058385094996	0.0213845197181939	0.0342984712106435	0.0678615654314141	0.0283036871416253	0.131156220264613
S10093	0.0345513382056332	0.0863727104376818	0.0713974549013172	0.0521737908253689	0.0334151028015953	0.0903555952494606	0.0733958195832605	0.092132974540387	0.0178017232810894	0.010355877054919	0.0178208473697176	0.048868091828391	0.0457637091824356	0.006457665915125	0.0370012030576086	0.0222579990945753	0.0383604289749101	0.0643307494943957	0.026852977656816	0.130333940545312
S10094	0.036688376345066	0.083836265412461	0.0679728362708092	0.0510987925254078	0.0384280089012138	0.0948331263836223	0.0749749756838806	0.102036135571661	0.0186744788601558	0.010743626050446	0.0152766343472715	0.0476132470820387	0.0446152320813789	0.00662911030030506	0.0335764410648711	0.0218500763615209	0.0357092653051562	0.0637466115892277	0.0253926987407027	0.126304061122804
S1010	0.0372453129136263	0.0903429741136044	0.0634866455019029	0.0512620944895058	0.0309116942259045	0.0850089693471821	0.0687174702367986	0.107182801890422	0.0199961246763595	0.0113955539443183	0.0174208474185592	0.0448517901475373	0.0485020459643868	0.00687520755947774	0.0304076117102563	0.0228050351306129	0.0353991797934268	0.0719433942091035	0.0271757537252188	0.129069493001796
S10111	0.0351818044222153	0.0861333073051468	0.0655081485986184	0.0494498750544289	0.0410003739020346	0.0953506808169332	0.0730027452972606	0.104664446919263	0.0192496031961538	0.0109640620142683	0.0154186704391181	0.0465381447792421	0.0425561890044482	0.00681088272803244	0.0369276067445349	0.0227623618403906	0.0352276846765572	0.068188267363225	0.0248171505894035	0.120247994308725
S10116	0.0352776251907289	0.0907382709068107	0.0623153881292946	0.0520452709238932	0.0352255194512999	0.0907965693085424	0.0657236939298885	0.108945887046622	0.0208146196005438	0.0112103464435165	0.0158889690374497	0.0444436587658727	0.0449414641942822	0.00630125946770007	0.0293535643533969	0.0243078081603742	0.0388898854554072	0.0650484291730151	0.0268937565345776	0.130838013926784
S10119	0.0361212775606161	0.0873064556946214	0.0690106340844229	0.0506287704155511	0.0364617908019517	0.0890836956539688	0.0738354930094221	0.102685543966116	0.0194805706813862	0.0104663412111331	0.0177404433959746	0.0451356869689002	0.04541294536134	0.00733027874164387	0.034606097854496	0.0221697557925662	0.0355378258257753	0.0639177276150248	0.0254043189956412	0.127664346369449
S10121	0.0361882537911118	0.0855039712592841	0.0631750439825701	0.0510557830787222	0.0379454595128563	0.099661154317358	0.0757755887559718	0.0968512722635608	0.020473074927615	0.0110206989344594	0.01591591016515	0.0450989735454273	0.0458716279706245	0.00685112263242262	0.0309891203850621	0.0226188911208077	0.0325503675391583	0.0676840692968532	0.0257250025509025	0.129044613970082
S10130	0.0337688568487599	0.0878140242718502	0.0664284063176092	0.0531728378607126	0.035877977342454	0.096506379354025	0.0779780921242398	0.0939261814029009	0.0193648712497795	0.0109382431618173	0.0146723706481501	0.0496340105383602	0.0471612687545191	0.00688376475453716	0.0265571715854493	0.0204737952942408	0.0336710169907072	0.0650992691642185	0.0268419065416625	0.133229555794007
S10140	0.0407150497757361	0.0880503010226045	0.0690896805153826	0.0508911283000661	0.038164210916012	0.0919203427017504	0.0770933262325487	0.0930654348557851	0.019236428329128	0.0110632697872756	0.0143174508686162	0.0440550873847108	0.0457068400919972	0.00657276629156797	0.0360416063430151	0.0210970881038224	0.0373225628802587	0.0668675279842835	0.0257719433532239	0.122957954262215
S10142	0.0391106146352698	0.087035029356371	0.064022758496971	0.0497998470299939	0.0447863718022926	0.105804618283901	0.0710872655021868	0.0970414963195603	0.0185693645201334	0.010246145260077	0.0149545669125981	0.0434131390606886	0.045677997615325	0.00630353708522561	0.0303452939689854	0.0213575886884382	0.0356393696665312	0.0648040725484782	0.0246581527645449	0.125342770482428
S10150	0.0394204746384368	0.0887009553462467	0.0709560378747568	0.0529329016954124	0.0374898656151071	0.0904205428735446	0.0812159643294237	0.0958863868138648	0.0201992720825532	0.0106739203861927	0.0150739799070063	0.0435230525994494	0.0452480775126396	0.0064404176801376	0.0298958014889322	0.0206150686747289	0.03446059285303	0.0661651279576704	0.0242123182733139	0.126469241397553
S10155	0.0385587253863721	0.0850767784836108	0.0668928540388333	0.0495322103757933	0.0372641372995424	0.0899101623875437	0.0727373714648156	0.104926390466573	0.0191999120822926	0.0108399493104303	0.0174102496763805	0.0456214112965972	0.0427140299883105	0.00702204922086352	0.038522752296129	0.0226571627974902	0.0363050778664787	0.0675040258869052	0.0256950121323425	0.121609737542695
S1016	0.0345947864108196	0.0884438667017	0.0710856985058086	0.0516526899132224	0.0382095418812832	0.0882173333315844	0.072435824505278	0.103174150951065	0.0192821446805869	0.010960499491276	0.0165727859301747	0.0451277488143643	0.0458155960717505	0.00619487381547795	0.0352230605657861	0.0208840244264697	0.0318825001840924	0.0658528895402398	0.0258966578682751	0.128493326410746
S10163	0.040118366380603	0.0893948638629183	0.0666104252590199	0.051580137093202	0.0315928476359657	0.0856361088543179	0.0783186918805168	0.103340713005186	0.0197040134921296	0.0104090548013629	0.0141660941453197	0.0446016302651596	0.0466853561687054	0.00647267432578105	0.034210267286792	0.0220415632808442	0.0341086758144371	0.0653481888647882	0.0265543878106284	0.129105939772322
S10167	0.0381760584094622	0.0861454895226111	0.0661738118908271	0.048679960182155	0.0400714167173925	0.0954235333581025	0.0774545289646942	0.0992716652092439	0.0199408952875541	0.0102216065400054	0.0163048197915496	0.0427059725357984	0.0440733706734577	0.00717665490496368	0.0320750220626186	0.0225910195549604	0.0358862045026777	0.0648799121810163	0.0267526372935803	0.125995420417329
S10168	0.0375437862030523	0.0845631304775712	0.0677201049824042	0.0497944343277465	0.0431021826128838	0.103870149155773	0.0681081742279788	0.0985639734193728	0.019277690173054	0.0108375425646961	0.016225546823573	0.0467546857331656	0.0440078523413616	0.00641875403838994	0.0345851782924115	0.0231034628053434	0.033217753708414	0.0633262576803918	0.0247817649248397	0.124197575507577
S10173	0.0382219081837823	0.0891255032076801	0.0673255311541674	0.0515980472557249	0.0373995906054589	0.0903961588566058	0.0770512374832582	0.107172929240401	0.0195552973982766	0.0106751428854093	0.0157177487825555	0.0436518496256999	0.0453828863808891	0.00601488469377882	0.0317762576496153	0.0239738946633896	0.0270807945453202	0.0676075576763774	0.0251790133837617	0.125093766327848
S10175	0.0386356408518648	0.0851531738808629	0.0649532386196862	0.0509041317090017	0.0393936011980331	0.0930605689177397	0.0738500808262812	0.100429032948304	0.0186734435991735	0.0107822959257481	0.0156571930480668	0.0439696779540073	0.0459686890047493	0.00653635229193061	0.0356754318337693	0.0213202062053816	0.0356193220439011	0.0672546977291206	0.0248382529270138	0.127324968485364
S10179	0.0359209178038105	0.078813944751802	0.066591715176197	0.0494573996319577	0.0415236889630164	0.104871037669921	0.0736907204007915	0.103116381014438	0.0194258214745059	0.0104052870655068	0.0159369791323443	0.0468933972925483	0.0419408983301353	0.00602502242793521	0.0331498351502624	0.0232645460219835	0.0394394520256883	0.0626806884393514	0.0250538016781132	0.121798465549691
S10186	0.041467014234993	0.0877395333007054	0.0667236382559991	0.0494586627754634	0.0407697600553607	0.0926449305262584	0.0658826680058231	0.106904167611699	0.0187837161934734	0.0108455041396115	0.0165150317510204	0.0446848586224132	0.0461101462437537	0.00588203612237109	0.0305195572148566	0.022824950813095	0.0365836242526898	0.0671993077411753	0.0260348484454761	0.122426043693762
S1019	0.0371200244167239	0.0887262080057203	0.0643669934214225	0.0517894673182154	0.0383993636846835	0.0975466495103996	0.0687485419837553	0.100954774865054	0.018894616868723	0.0108999479182113	0.0160636790856359	0.0445445616953155	0.0450870574252167	0.00757564952841724	0.0350508754391911	0.0218250377749586	0.0329963601951712	0.0651178719543707	0.0260920092956681	0.128200309613146
S10190	0.0404641280051742	0.0834237361229904	0.0688708988320114	0.0508705962806431	0.033687842938353	0.0910054927775062	0.0745735519458948	0.103649007340818	0.0190780908733328	0.010745380058334	0.0196845223556986	0.042432044700824	0.0438938574659845	0.00623255494771668	0.033247307007062	0.0236560685826613	0.0332824809210088	0.0719381896624894	0.0260147163476196	0.123249532833877
S10195	0.0376815397560217	0.0864014062568214	0.0674749682437358	0.0501944262893397	0.0357712837679727	0.0889713848545284	0.0757804717081535	0.105758381517364	0.0187654585061375	0.0104829966169983	0.0146299941060401	0.0489304173998046	0.0445884944109362	0.00643088465170681	0.0289280684683453	0.0211751368371825	0.0387510649776869	0.0637548231220131	0.0266514715442143	0.128877326964997
S10196	0.0340661985126172	0.086929298353026	0.0656576149132093	0.0506861765110241	0.0385780307998716	0.0906441263907955	0.0770485167755856	0.104865122522113	0.0188978478717407	0.0104528333543633	0.0158772850757017	0.0428112511115429	0.0447816396361603	0.0077578342607907	0.0392865020046479	0.0222172564386688	0.0329950436722832	0.0655849871116361	0.0264989708620444	0.124363463822177
S10200	0.0325170231182844	0.0844390264762243	0.0695173910088751	0.0501889910343337	0.0417826287469822	0.0998235719111104	0.0799213526778039	0.0990270702774776	0.0188482774781721	0.0105285723167544	0.016373696099562	0.0437106473672069	0.0457237312749271	0.00606820313023832	0.0317421943621276	0.0209407625496852	0.0328999419923388	0.064507373767644	0.0261716447553086	0.125267899654943
S10201	0.0363022862652791	0.0900874280837626	0.063514179489519	0.0532720420973975	0.0328714669967597	0.0925706699395609	0.0804450717240797	0.0952924057996376	0.0192085702719121	0.0113681875754913	0.0147835008536966	0.0457728019849752	0.0470312852786306	0.00754272457924783	0.0338000519929285	0.0196720520082682	0.0324230680288192	0.0666167869241029	0.0264508465532674	0.130974573552664
S10202	0.0388799936962478	0.0862326304585015	0.0658921187313909	0.0522396406605906	0.0365967577368644	0.0990909889329802	0.0749017830540702	0.0946013193822721	0.0194237000260942	0.0111032022266459	0.0147728821219779	0.0455064458701023	0.0452919802360433	0.00647016561449138	0.0344553059046823	0.0228673685379026	0.0299851706386668	0.0671243930600829	0.026086253562003	0.12847789954839
S10205	0.0410985975230194	0.0828317428975842	0.0642486489991441	0.0470961048779938	0.0427101030204311	0.0970499696581384	0.0728670977147103	0.103052101243281	0.0177281364349344	0.0106593142035437	0.014002401967708	0.0453181612347292	0.0429500720043695	0.00682675193189144	0.0348529893686434	0.0223327273619989	0.0400697367023052	0.0678450798583175	0.0249959463871054	0.121464316610151
S10211	0.0329716225165894	0.0847593906457688	0.0681211497633682	0.0493720015224493	0.0404927355754196	0.0934955182803128	0.0743147318979138	0.102835562775208	0.0186641310179512	0.0117811125840835	0.0155508823764274	0.0400450083605158	0.0454050000180001	0.00624336436124073	0.0344014596636609	0.0220387073425689	0.0341680804916446	0.0679881586622599	0.0265535395365971	0.13079784260802
S10221	0.0364589865433117	0.0857489232743014	0.0704579881073818	0.0501664868982134	0.0382973515993212	0.0941313399486143	0.0752342798199033	0.102484730702139	0.019390173950368	0.0109415436956897	0.0137163129155396	0.0445135652797476	0.0433803385201997	0.00612934974393888	0.0325261852954756	0.0225012303507103	0.0388686364322788	0.0637077877016695	0.0267293078032953	0.124615481417901
S10222	0.038146385586642	0.0937515415835002	0.0672671104246305	0.0511164429173877	0.0286208880012741	0.0794239463896976	0.0799473913842873	0.0970279105773442	0.0193850970501743	0.0109444625205152	0.0159718217526473	0.0477917405011055	0.0471727208250889	0.00685570222034602	0.0337627008766821	0.0208414612504198	0.0370497006139592	0.0653441310677286	0.0263216740981623	0.133257170358407
S10226	0.0383859662273333	0.0871510080234873	0.0677206688595662	0.0513827390691822	0.0362628664097225	0.0875705013148812	0.0757381535859858	0.0973668393580459	0.0199712976793375	0.0107524934701774	0.0148439989471775	0.0452719583353304	0.0438639531162964	0.00755625475343037	0.0316277274679617	0.0217494493016458	0.0379567975814646	0.0713262055867778	0.026161483782237	0.127339637129959
S10227	0.0339518289673991	0.0870113032456881	0.072211734428699	0.0517191042199937	0.0339310856272318	0.0835851450092421	0.0725898565987985	0.104935160309609	0.0188738383498877	0.0108719903599114	0.0160773931011972	0.0468416001137122	0.0449984433950641	0.00702804236302837	0.0396353669943341	0.0221391142013551	0.0369038400083007	0.0667051525469071	0.0260776202298603	0.123912379929781
S10228	0.0307343969081572	0.0865966703582365	0.0678233931683856	0.0489870179925145	0.0388937826323725	0.0943171429863958	0.0786477124485098	0.103993984012463	0.0192718879671568	0.0104135429151094	0.016608635436466	0.0426020246490259	0.0451923904225032	0.00742302212839556	0.0314853912496885	0.0219353035242251	0.0356069207894196	0.0676303242655688	0.0248650808909369	0.12697137525447
S10232	0.0386779043380795	0.0836006531021084	0.0676363265498764	0.0510565931452991	0.0389175534001762	0.0931721400374756	0.0714619743165649	0.111211494378034	0.0195516267746038	0.0111403807916376	0.0188549179258723	0.0470412252087687	0.0440591479582877	0.00598128703787913	0.0335428159587284	0.0243694743101789	0.0290342030107387	0.0602388714199807	0.0256780936529874	0.124773316682722
S10248	0.0374646800532647	0.0846562039702645	0.0706662984763147	0.0491408643384709	0.0392290921800632	0.091268684014447	0.0758636522729433	0.0995065004443606	0.019324691632514	0.0106085352594844	0.0159873208016017	0.0433447187976443	0.042839967027912	0.0066856750789978	0.0367663312132002	0.0226115059246243	0.035267565697565	0.0654582808156774	0.0261836734639622	0.127125758536688
S10249	0.034258434461894	0.0874742358413576	0.0722842296936251	0.0514959885964166	0.0324498295198672	0.0758766393626926	0.0815279249804705	0.101171192574221	0.0187320113206229	0.0114316493236149	0.0187102791980237	0.0434281943023059	0.0462265303323414	0.0074810419026625	0.0380336253155024	0.0213301997024547	0.0318771218503444	0.0700106163658578	0.0270651425791094	0.129135112776616
S1025	0.0369454545798047	0.0839011565485661	0.0620883093190293	0.0496855175062286	0.0419633215114662	0.101831336325303	0.0750651702354683	0.0999995388944639	0.0185738035503463	0.0110195524352406	0.0157575792884156	0.047802459692583	0.0441506363491981	0.00717385473046365	0.0362007064706531	0.022244039599702	0.0324278981842473	0.0650346655485355	0.0245009644986675	0.123634034731617
S10266	0.0362040629160913	0.0864659956642432	0.0652054737765182	0.0515883210011093	0.0304900845337984	0.0833705650092322	0.0800234843254333	0.105018844825352	0.0198640291519508	0.0115202155139655	0.0167781620581508	0.0458204907381148	0.0453098881964474	0.0065319750358057	0.0324546530679641	0.0219382127996483	0.0328615935501817	0.0698940524492051	0.0262702811036801	0.132389614283108
S10269	0.0364810565085328	0.0916686286453256	0.0644568048817433	0.0519608333830517	0.034617030617851	0.0890260349962261	0.0759593455539047	0.0974213159001882	0.0201732166151867	0.011324867424474	0.0148661063536958	0.0444482033742808	0.0463605416051443	0.00742668531868508	0.0360722392921235	0.0216459137929993	0.0281940568035533	0.0671786126953264	0.0266718440941564	0.134046662143551
S10272	0.0321708241238274	0.0881431300941022	0.0679512262513033	0.0494953705735525	0.0394615830489195	0.0908318135990753	0.0756098297898597	0.0967487496762697	0.0190314397081763	0.01097366584124	0.0172251787099671	0.0448912134931478	0.0468420925815076	0.00673647833115962	0.0344835935034421	0.0206891050679501	0.0373066130697046	0.0649425032492596	0.0270624511235365	0.129403138163999
S10273	0.0426945510990665	0.0855207130545298	0.0665013373484297	0.0511050598758747	0.0395385098632017	0.0885216088819085	0.0773398705673048	0.0990016067203259	0.0185243408617689	0.0109807695865509	0.0157258448152602	0.0448671255039751	0.0441320908696941	0.00698955608049113	0.0312771719508814	0.0210544694097238	0.0337985701564018	0.069074216961731	0.0256351610002579	0.127717425392622
S10274	0.0352526415287586	0.0880179922079732	0.0647703296812803	0.0506808477245797	0.0380213047833999	0.0949881532737231	0.0745413609395768	0.0990871857723876	0.0188582289457804	0.0112324824323993	0.0163362986760517	0.0493149217111681	0.0452784946046517	0.00611304130546144	0.0294012799911461	0.0206931257282299	0.0398786911734989	0.0647976901664362	0.0253852721696642	0.127350657183833
S1028	0.0382626888463676	0.0815135693827492	0.0712518994845052	0.0504164800391821	0.0400464608107502	0.0937089663863671	0.0748399482406041	0.097823846940098	0.0190096720019451	0.0102962641317784	0.0159098698167786	0.0437366194911682	0.04600450273912	0.00666751116999338	0.0381275825151606	0.0228885479574901	0.0363175525160737	0.0626820502755973	0.0255921649988607	0.124903802255411
S10280	0.0425033482755716	0.0840899435368532	0.0622880194677323	0.0511050378921466	0.0353789546365582	0.0926867333122001	0.07914867603142	0.101628973021088	0.0199354521217298	0.0102980615356788	0.0160089563602293	0.0450301160400793	0.0444431654179548	0.00697593746478311	0.0404161839556818	0.0215659924104887	0.0321515319493948	0.063317587235532	0.0263422326940035	0.124685096640874
S10283	0.0378397597755979	0.084086933071527	0.0671127266338453	0.0499416204766435	0.0404857651789414	0.104601244216068	0.0660638265829788	0.101466276401818	0.0202696570078546	0.0102775342214979	0.0175696831878791	0.0429065201300977	0.0440834442657885	0.00632795380000388	0.0320001327517176	0.0239886037944654	0.0332366401785365	0.0670621109729513	0.0257353927826315	0.124944174569157
S1029	0.0394324162273887	0.0898836591296423	0.0662786716011816	0.0495642603743476	0.03794429433247	0.0914168563307823	0.0739489679563419	0.101174207772375	0.0193415587405129	0.0102310850184534	0.0157975170768713	0.0469087294921644	0.0434070415636699	0.00681977017592833	0.0317127313094463	0.0210274067656612	0.0360192296231477	0.0659511696626985	0.0257030993718558	0.127437327475061
S10292	0.0382098720991003	0.0908119995467407	0.0626721638489867	0.0505739872815806	0.0366181571896141	0.0913752179952276	0.0696591637713425	0.105377122835265	0.0191277445780238	0.0112261911478884	0.0138003241816884	0.0441969649998542	0.0473257820303104	0.00655886243900524	0.0297148268513015	0.0230957063590525	0.0381758098825197	0.0642689766613383	0.0262030253507577	0.131008100950403
S10294	0.0388135800797544	0.0876312477792616	0.068192249237559	0.0491310925520105	0.0459851698281743	0.100249403646143	0.0730495717301974	0.0957028800437617	0.0188600270177918	0.00993618194568233	0.0137273194874551	0.0438736727998608	0.0441591633280904	0.00621528444771935	0.0332926645910514	0.0225551155469022	0.0375867575877402	0.0613768230928587	0.0253119797164179	0.124349815541568
S10302	0.0346863499346216	0.0837141385926688	0.0673512919584134	0.0494969374227918	0.0356363499099423	0.0952756311914908	0.0770171547737648	0.100343106799285	0.0195076635376184	0.0109959264523861	0.0157515017805019	0.045371415597908	0.045113593216421	0.00659991013911341	0.0311955851805725	0.0231429967596424	0.0374198304561163	0.0680934761921691	0.0265189127135517	0.126768227391021
S10303	0.0396117510684491	0.0890947935649312	0.0688448151429156	0.051224821809128	0.0376886949988394	0.0966334950292728	0.0727338189329795	0.0991385615357659	0.0193805654679898	0.0108436315119046	0.015397722036682	0.044103166255628	0.043563731502679	0.00674353654370468	0.0330755238940553	0.023172642131788	0.0289618856605009	0.0650032190530335	0.0260413652448757	0.128742258614877
S10323	0.0367006279569543	0.086789379105427	0.0643337271227594	0.0507656143108283	0.034281564384046	0.0924650863836182	0.0744581565517419	0.100246699717167	0.0200971968231085	0.0109542769540412	0.0148134019659025	0.0477726657216819	0.0463438556124332	0.0068234088810073	0.0369488542217004	0.0222043173682649	0.0344455733221505	0.0650071667097198	0.0264400034723951	0.128108423415052
S10326	0.0345186459196008	0.085043569785793	0.0633905983683746	0.0490494581736315	0.0423151021444725	0.101381923068642	0.0766415271793113	0.095208923268908	0.0191496018114281	0.0108510975007199	0.0169643749484554	0.0458562129158002	0.0429642234830766	0.0069546582745955	0.03802860363204	0.0212066946458101	0.0328149285102737	0.0670528720638871	0.0255477878327671	0.125059196472412
S10328	0.0356765873535548	0.0864920621060373	0.0599691993885984	0.050136701801707	0.0399669472208517	0.107074124561336	0.0762240083431486	0.0979994193840579	0.0208617825385115	0.0115399279808203	0.0150683881298059	0.0441440937428802	0.0446188545424919	0.00717589785803478	0.0342513849989774	0.0232404481528039	0.0289877557121428	0.0626142572365816	0.0256586178000291	0.128299541147629
S10329	0.0397289994576656	0.0875283748179082	0.06075310765088	0.0503220354065573	0.0402917829516243	0.10041544316658	0.076245875386182	0.0968274437560461	0.019165813777161	0.0109507990116312	0.0132141968895179	0.0467399764278271	0.0457973865892111	0.00631499266456413	0.0337862420218588	0.0224535327834346	0.0324116064635402	0.0652713971654608	0.0249278447352753	0.126853148877075
S10336	0.0370950611342149	0.0849327497018794	0.0610450477566676	0.0520757928080923	0.0418959299417124	0.102335948174295	0.0749842588623212	0.0966313678224508	0.0192359028240805	0.0109549179027657	0.0146169588374126	0.0440849888053281	0.0463543646740842	0.00701470024748065	0.0314666188315319	0.0216342480879101	0.0326608182006244	0.0649841091673916	0.0273159655080173	0.128680250711739
S10340	0.042304748055742	0.0870748110158398	0.0632852052943457	0.0509210226646774	0.032641698902931	0.0923496269627266	0.0769448255478865	0.103133310286516	0.0198508078417961	0.0111857346996845	0.0142720475283292	0.0457692143499103	0.0460376568774336	0.00704379113399451	0.0329931207845512	0.0227524963561066	0.0319988363552739	0.0671263262928441	0.0266434257181457	0.125671293331265
S10347	0.0337104879361267	0.0927359058993159	0.0582333127360222	0.0542449445973379	0.0313422401467654	0.0901102495534031	0.0733127355215603	0.102288883195333	0.0203641493574301	0.0110573952204876	0.0164199076650149	0.045333635345198	0.0445833486610218	0.00645819884685444	0.0317336312749599	0.0222052959636935	0.0327368486204007	0.0676150373937835	0.0279729328634943	0.137540859201797
S10353	0.037627904194865	0.0869632518856848	0.0643498765350784	0.051570786267923	0.035481980940622	0.0907511916034294	0.0711174040463916	0.0997481396626987	0.0202494244974494	0.0111247353311897	0.014132178625405	0.044836204777207	0.0464401271688408	0.00713028610844562	0.0332594084023937	0.021808824576876	0.0383766815655572	0.0701357421213084	0.0260768292565237	0.128819022432111
S10356	0.0403421492116405	0.0865098960256414	0.0632777388020936	0.0517895252632485	0.0322004144507529	0.0859955864526918	0.0729398624332289	0.107068506362374	0.0188246962182306	0.0110787463571588	0.0159955932568241	0.0446848429215107	0.0458611218977979	0.00631559893795691	0.0330711048178701	0.0228040566310806	0.0311041716427417	0.0683224186241878	0.0268582075983074	0.134955762094662
S10358	0.0347239253289493	0.086750641949836	0.0616893515143109	0.0510567417112679	0.0375608479529662	0.0910951966655241	0.0770854593140754	0.0988812024051793	0.0187869739953446	0.00997951191197165	0.0166748674099121	0.0492175636755895	0.0456458979445082	0.00667489289485127	0.0325220077090168	0.0216783411780539	0.0370586881422852	0.0722827729735242	0.0251200659768907	0.125515049345943
S10365	0.035872850539198	0.0831970546908289	0.0709423004788149	0.0520578252807587	0.0388080797847398	0.0879326793974298	0.0742907448211628	0.0995560415156039	0.018944945077401	0.0113217331780788	0.0164134750715205	0.0468898980160709	0.0471357164089833	0.00681090003366772	0.0360577795031807	0.0214402727280657	0.0346696937459007	0.0641404770661778	0.0254815848658492	0.128035947796567
S1037	0.0374338520313107	0.0867382807447396	0.0607724048213682	0.0485373943244136	0.0397551593218826	0.102087085636818	0.0761333060962773	0.10469976801389	0.0198503629253978	0.011031382857438	0.0144395200113814	0.0460948896913187	0.043461580941788	0.00642871235628563	0.0288734684354241	0.0239859978650882	0.0338736169890043	0.0658290414874991	0.0249149661169712	0.125059209331703
S10373	0.03860284725788	0.0839129388906833	0.0641661662369359	0.0509732583539358	0.0394198905670496	0.0953471396262172	0.0721225028011111	0.0983495479566017	0.0187944224348083	0.0105307564714362	0.0158749643698991	0.0455384826237447	0.0443071854240316	0.00625462613335595	0.0338613689147133	0.0222176873349313	0.0387485409937048	0.0665085027430627	0.0254452103161705	0.129023960549727
S10374	0.033635357099521	0.0835821499275734	0.0666468740392407	0.0492826372754466	0.0347656789784163	0.0907142527199059	0.0708385127819497	0.0963955110986159	0.0171467997249607	0.0103452095527967	0.0177627692784734	0.0489244572927131	0.0458254255104995	0.00631405281275797	0.0378808913447279	0.0218540775965108	0.0434580462678653	0.0675478945218636	0.026699532725571	0.130379869450591
S10375	0.0377150316235059	0.082396169951002	0.0684233524906948	0.0517101042385502	0.0424735572740486	0.0972477670684242	0.0786055305622305	0.106831449366528	0.0182409757969559	0.0105577768730619	0.0140707134007157	0.0440250858580076	0.0453376510215747	0.00715764754355843	0.0329138503052977	0.022567584491137	0.0289220261875158	0.0616842950708427	0.025050105293516	0.124069325582832
S10377	0.0383538542941105	0.0903901548511641	0.0691944482652232	0.0512270350403164	0.0302212711799517	0.0884209255916651	0.0685238651108821	0.102762085300044	0.0185445430651642	0.0103668088248036	0.0172180585672841	0.04641218986775	0.0461584467838876	0.00649582801279702	0.0302899811082345	0.023573953733448	0.0363408117197754	0.0641867400841653	0.028129560505734	0.1331894380936
S10378	0.0388160133800928	0.0839196653549583	0.0651409239423884	0.0496440688782158	0.0447644541208401	0.103101227859828	0.0713202218970386	0.0976113828792078	0.0197237664146389	0.0103468812487073	0.0150259367652993	0.0449363774796454	0.0438647990112725	0.00696468216612573	0.035672092518913	0.0226691458942574	0.0344492667222517	0.0641397663805245	0.0251738760476958	0.122715451038099
S10390	0.0395186972907209	0.0904858789800367	0.061048857517804	0.0531814743244554	0.0234279048069963	0.0794648467704705	0.0718561124847389	0.105754253909206	0.0206185693787295	0.0114125632418377	0.0168866172555005	0.0482002946358278	0.0487555183055299	0.00659714828786894	0.0316320995337619	0.0227362384636147	0.0341165870806342	0.0686569077901173	0.0278028921265747	0.137846537815574
S10391	0.0364131186405618	0.0810514315915164	0.0613829300867926	0.0501969075390157	0.0351541118084542	0.0902028281533991	0.0727720111458198	0.10271127415607	0.0184551465318072	0.0106478306893546	0.0183976235967249	0.0516751284727512	0.044591985177666	0.00640699442500331	0.0320927611712195	0.020773392312253	0.0428033054328491	0.0625463863139214	0.0270667767594407	0.13465805599538
S10393	0.036605328946614	0.0882598488444539	0.0670828011119212	0.0473549238351235	0.0448721570266596	0.102388004424126	0.0727632424170396	0.0974504904323785	0.0185044549202752	0.0101968179307579	0.0153753445330919	0.044435243095562	0.0427367011427239	0.00564236599650172	0.036843623997972	0.0222380336940637	0.0351214067209995	0.0614586242518237	0.0250069173418024	0.12566366933611
S10400	0.0376235602475542	0.0884388196046983	0.0698447517320779	0.0535891973469329	0.0334404787697999	0.082692686406542	0.0767752816662974	0.103851267657995	0.0191309883658676	0.0114793615294131	0.0148258969877587	0.0475969923720296	0.0457098587055169	0.00722414311350579	0.0334027499537055	0.0217990195835392	0.0329233117983067	0.0629266964315311	0.0264472584187802	0.130277679308148
S10401	0.0379594937655854	0.0906126790530042	0.0624331735835328	0.0524666400273369	0.0323004156251266	0.0914971316686627	0.073909585112508	0.0990043803569452	0.0201466996997118	0.011121359367954	0.0146006142635708	0.0455868890460818	0.0469934758902869	0.00692415217179283	0.031773690611846	0.0220144275956089	0.0386222961999714	0.0664618716987377	0.0258577117016157	0.129713312560121
S10406	0.0364583564749299	0.0857489255434459	0.069798795724507	0.0506469257137868	0.0346482103760691	0.0816835787569587	0.0765177166647719	0.0973367320212173	0.0198725494446291	0.0114800881329599	0.0169558405719028	0.0469163838128439	0.0475502330417009	0.00666209439408088	0.0295494844854103	0.0208801008112772	0.0374424925556609	0.0699722837554975	0.0265717243351098	0.13330748338324
S10408	0.0379326312267374	0.0877751011677464	0.0645096276521697	0.0503226855985434	0.0317687466188237	0.0899886434167447	0.083128646263634	0.102970813150202	0.0197543057471022	0.0106916446058115	0.0143198116095863	0.0433710267661812	0.0441783055222321	0.00657137277677268	0.033986947267361	0.0228211197462788	0.0349627670097785	0.0650001873162387	0.025638768626626	0.130306847911429
S10409	0.0359057757885704	0.0853453507689828	0.0681980766886612	0.0499012259710927	0.0429009604941323	0.0995899999407823	0.0705813498617113	0.100138569330349	0.0191089173896257	0.0103623983745285	0.0138781021249707	0.0416514258618085	0.0467388213866757	0.00644051046281678	0.0316418620454429	0.0230644465531321	0.0377827139600372	0.0661444759319819	0.0262226374570728	0.124402379607625
S10418	0.0338971061679094	0.0894008259985003	0.0592455026772058	0.054659574731965	0.0296813348754005	0.0794070351465685	0.0721188704057221	0.0973094830674051	0.0194653058055425	0.0114779681284141	0.0162638402686351	0.0473488862466575	0.0499725034248536	0.00719322642305728	0.0352823890575215	0.0200740960495848	0.0367325632839723	0.0702766577401905	0.0284303524770866	0.141762478023807
S10431	0.032659065885793	0.0890300037099702	0.0679096044245337	0.0518137254832231	0.0369535403714181	0.0883809588695002	0.0767585447022841	0.105100013101164	0.0185257656352534	0.0105892614204019	0.0150131752146769	0.0476248425120343	0.0447478284492256	0.0065551814476794	0.0344914043773298	0.0215928787916617	0.0321965375309509	0.0637084791382478	0.0264232099440644	0.129925978990587
