CD14	CD19B	CD4HelperT	CD4MemoryT	CD4NaiveT	CD4RegulatoryT	CD56NK	CD8CytotoxicT	CD8NaiveT
mix_1	0.0952236196413594	0.0524641791355861	0.184145101723444	0.136445346703408	0.0572670261112084	0.119013682121836	0.1635866046703	0.122235263662512	0.0696191762303462
mix_2	0.0742559189108572	0.0618043456059885	0.184731335935632	0.14080107833115	0.0563119862299276	0.124099159858593	0.160917634959707	0.125796474509442	0.0712820656587019
mix_3	0.108074729417205	0.0583031846373362	0.171203892000885	0.140131481620874	0.0569281934151657	0.124838021638658	0.151673472624558	0.11756146633369	0.0712855583116289
mix_4	0.0668679507360093	0.0543766466376139	0.189460837769388	0.141620934255199	0.0720962665406252	0.131974207879097	0.153997312001533	0.120221272795569	0.0693845713849661
mix_5	0.0824707365061987	0.0556614857255302	0.182802434243088	0.139191769168056	0.0646706965533018	0.126389222675111	0.155797643863216	0.121418798900195	0.0715972123653033
mix_6	0.0655678457190309	0.0536658733916479	0.191912313552423	0.142370474285582	0.0698463016624053	0.127924805124056	0.156496517294979	0.122552301845956	0.0696635671239199
mix_7	0.0879098661339826	0.0574926247324796	0.178760880590506	0.138681071958277	0.0624669351685436	0.126545807487214	0.154741457416304	0.119982731560369	0.0734186249523246
mix_8	0.0801846080499611	0.0528078847637134	0.181958222189933	0.14074898976928	0.0600992273885213	0.125496920936527	0.160276020003558	0.125252172986605	0.073175953911901
mix_9	0.0691528641547342	0.0559609155965076	0.192319262273391	0.139448447086178	0.0711707062867279	0.127404870775659	0.155942762610009	0.119605457505776	0.0689947137110162
mix_10	0.0949356338539957	0.0641596324360958	0.18185458866333	0.141667268430799	0.0672783724515899	0.126341133717502	0.145120653860112	0.110038403848113	0.0686043127384629
mix_11	0.0912719156112411	0.0687865149147334	0.18350076505221	0.135480253814855	0.0563675661167133	0.116987841341584	0.160772399125717	0.119124918984456	0.0677078250384898
mix_12	0.0805391159433428	0.0461571707758785	0.187120638446528	0.141796437140626	0.0704254247000416	0.130576008618536	0.153137014579138	0.118852793355022	0.0713953964408877
mix_13	0.07520257496531	0.0459601669845217	0.192650777457316	0.146049811647133	0.0726604479342693	0.13124897875983	0.149348816461798	0.117599801504665	0.0692786242851572
mix_14	0.0863169606372886	0.0629056290196406	0.186753615503873	0.139099200989528	0.0670726081269527	0.126990057740371	0.150900855370866	0.113011311132555	0.0669497614789255
mix_15	0.0784554736324764	0.0538362949323026	0.185276649286237	0.141412100493663	0.0645498929743256	0.126944287829934	0.156552818058906	0.122332553100043	0.0706399296921121
mix_16	0.0945956139359281	0.059737787533655	0.172983870193902	0.142031144071066	0.0601153706132636	0.126391647045498	0.151580012630842	0.121105727197486	0.0714588267783598
mix_17	0.0842699495150262	0.0560886213778804	0.177102658956348	0.147674734715577	0.0635244840106089	0.132219752852471	0.149270210996685	0.119718077342917	0.0701315102324861
mix_18	0.0907818715886208	0.0599590218951136	0.186734153998994	0.147136174319702	0.0685244856151786	0.131606306098623	0.141757827365048	0.107156421517346	0.0663437376013738
mix_19	0.105137096089898	0.0490283818781723	0.172089818032063	0.141505772871883	0.0602542760782363	0.125886015376463	0.153610100879502	0.119142745331746	0.0733457934620369
mix_20	0.0640037192508024	0.0567383151124556	0.192586151380203	0.145788217750148	0.0681209450643835	0.128090084279647	0.155213953180983	0.12141439035988	0.0680442236214977
mix_21	0.0793964505631319	0.0479989891194985	0.185586454267914	0.149280288032121	0.0714917497840043	0.133894158701473	0.145014486780773	0.116232568486198	0.0711048542648868
mix_22	0.0946381085828539	0.0585029602810875	0.183881076901767	0.136410705138322	0.0632671830446408	0.125893320365001	0.154666274251855	0.113666751362305	0.0690736200721681
mix_23	0.0812836618303237	0.0614447347357773	0.188257128065553	0.141250011923388	0.0652277391029062	0.12343392213286	0.154597632601422	0.116718179462408	0.0677869901453623
mix_24	0.0719912656416682	0.0507278439306682	0.187219406559515	0.143387873475505	0.0689144420478002	0.129860251145215	0.153715313370449	0.122492949641681	0.071690654187499
mix_25	0.0678921280626714	0.0562421676482543	0.19428501794842	0.143141327895983	0.0704606012884583	0.125593143709501	0.153976269533368	0.119264410789579	0.0691449331237652
mix_26	0.0975445397302844	0.0484148130706872	0.179793602062031	0.146979378166566	0.0693136989972724	0.132212271722274	0.143187083025725	0.111533685364164	0.0710209278609963
mix_27	0.0846172453524544	0.060320973374326	0.187292578737979	0.138182137524021	0.0600892933127327	0.121930669146097	0.158649891808078	0.119780713847291	0.0691364968970208
mix_28	0.0713599729550942	0.0540036246647372	0.190688888421102	0.143042602837137	0.0674553437243938	0.129116395009496	0.155512506009686	0.120924818895677	0.0678958474826771
mix_29	0.0895867272527212	0.0595884533324237	0.183603476792792	0.136747110632109	0.0594424478534205	0.122440672972396	0.160353196657059	0.119392018327323	0.0688458961797552
mix_30	0.0746222232710717	0.0537672762024931	0.191355068490483	0.141891992704544	0.070798410275212	0.127916683523608	0.153107328562815	0.117324469394656	0.0692165475751174
mix_31	0.0877514811350274	0.0541962082774769	0.185651295793708	0.141433782328361	0.0663891583271103	0.128592998414116	0.151864105059362	0.114836520734966	0.0692844499298727
mix_32	0.0888786868147129	0.0655159259845941	0.186384305584729	0.138223083852875	0.0672661202533714	0.12490077967125	0.149541353462753	0.112944692380095	0.0663450519956198
mix_33	0.0942056212577142	0.0517653740427649	0.185615746466014	0.144038822837848	0.0693596226129357	0.127069140812981	0.146537842380395	0.112813959675243	0.0685938699141035
mix_34	0.105591617371532	0.0596781049662822	0.175148646634378	0.145252936395662	0.0624014811016015	0.125654010851089	0.146098125741592	0.110219195236424	0.0699558817014396
mix_35	0.0818570964974781	0.0494251812965695	0.18735087362035	0.140743289646238	0.0684720534608261	0.128179012295978	0.154624393603113	0.118040128174831	0.0713079714046168
mix_36	0.0922993298045742	0.0564907941915228	0.181693141301541	0.138357242748079	0.0655947907093909	0.126953437953978	0.152778825415667	0.115217534028845	0.0706149038464021
mix_37	0.0886345487623972	0.052980267722822	0.178182362954966	0.143905627564343	0.0637808935533075	0.129490291745756	0.152107690555243	0.118875513819469	0.0720428033216966
mix_38	0.0959291765713269	0.0569301609863519	0.177085659652604	0.138820000792763	0.0608746616395751	0.123696617036521	0.155515417027217	0.120128144020702	0.07102016227294
mix_39	0.0698475256674484	0.0552467554068608	0.189118036812811	0.141928972122726	0.0675974557050627	0.128867481004743	0.15656890471227	0.121353606549864	0.0694712620182148
mix_40	0.0929329539916915	0.0547875858917515	0.182676883116965	0.139454060237041	0.0684759417134844	0.127895092664917	0.150290405897232	0.113630464057081	0.0698566124298374
mix_41	0.103183797869423	0.0561266012413527	0.178132555457657	0.141663950796882	0.0650673248338294	0.129784740928918	0.145794933591528	0.11082803231257	0.0694180629678409
mix_42	0.0702461382193578	0.0631159075201566	0.191012165801883	0.143426526426848	0.07181880908014	0.13258952255959	0.148385457297487	0.112811497025809	0.0665939760687292
mix_43	0.0986642705676791	0.0604966652307448	0.179100249485648	0.14448476380692	0.0664462041769584	0.127956007943355	0.14419357861101	0.109202655419671	0.0694556047580131
mix_44	0.0812756635397716	0.0643512658906301	0.185935076047039	0.141108398076283	0.0622993242240053	0.12405910280787	0.155470680634584	0.11845284301309	0.0670476457667262
mix_45	0.0819105292707478	0.0572782238378488	0.184480273901933	0.13903759653504	0.0605404096821768	0.125022559025862	0.160433913200057	0.121174486155198	0.0701220083911371
mix_46	0.106712833891608	0.050876599040415	0.178965238828757	0.140780493027578	0.064974814617056	0.127219050590253	0.147454403177154	0.112982205599958	0.0700343612272204
mix_47	0.0943186331885371	0.0618444490627424	0.162894689109824	0.149148711676472	0.0512554413002458	0.126323644029853	0.1532453926999	0.126587088751593	0.074381950180832
mix_48	0.0882733661564161	0.0647282954190687	0.185534571077158	0.143060167013401	0.0667417401824023	0.129537076469892	0.145078510994959	0.109804828806711	0.0672414438799914
mix_49	0.107464738218144	0.0645444845573992	0.178981692222277	0.133715019802834	0.0614439793255469	0.120711994314713	0.152326094192313	0.112273911491452	0.0685380858753201
mix_50	0.0741407398720855	0.0538587577510319	0.186847161324973	0.140682660598459	0.0684334773906599	0.128945935146932	0.157319968800354	0.119171995822254	0.0705993032932517
mix_51	0.100142694345209	0.0572104306023696	0.176374032954811	0.146457835085321	0.0655564888254987	0.130111987180105	0.143248631814101	0.110798721853371	0.0700991773392137
mix_52	0.0990875653626315	0.0583833545708303	0.177777880128929	0.143742494898992	0.0631812853946573	0.127555813716448	0.14710276715168	0.113386833167162	0.0697820056086706
mix_53	0.0963011698549391	0.0677562435883214	0.1776579377041	0.143365945938337	0.0594144441278923	0.128517681026569	0.14693408280607	0.11202475292335	0.0680277420304209
mix_54	0.0842138766120889	0.0558873960574698	0.186591973172999	0.142578231283023	0.0676955856629252	0.126792924590901	0.149621682457212	0.11662865331266	0.0699896768507196
mix_55	0.0851288532160724	0.0491966418624045	0.188389213751654	0.149238723560021	0.0708832444316685	0.131815810528235	0.143650554407949	0.112618354971855	0.0690786032701414
mix_56	0.0869159037471769	0.050181842908904	0.191136721753282	0.141079860458649	0.0707592030089602	0.12766347715853	0.149956353568661	0.113405693758975	0.0689009436368627
mix_57	0.0754783904756123	0.0582501912492576	0.188592632854323	0.13788467303808	0.0678712046621084	0.127253344400114	0.155464334896227	0.119548666023594	0.0696565624006837
mix_58	0.0789806711004506	0.048868951268537	0.187174063432789	0.143370131043483	0.0679913425496814	0.126745723122434	0.155198578207745	0.121628340324377	0.0700421989505022
mix_59	0.105719819033798	0.0659169122163463	0.173145597009872	0.139760541530066	0.0604702119049724	0.125835658730214	0.147548461263288	0.112049213021764	0.0695535852896793
mix_60	0.0891324631676971	0.0549405232456128	0.186248485751368	0.145574008605848	0.0670126617955401	0.127487063116526	0.147009991656624	0.113948943580633	0.0686458590801507
mix_61	0.0873122560167038	0.056910751086394	0.182005259165695	0.139338436142813	0.0670762066828316	0.126416274187947	0.152609220785545	0.118169805319866	0.0701617906122032
mix_62	0.101882330925451	0.0540459381397207	0.17673039966036	0.140925144197734	0.061889804404051	0.12597696740097	0.150842003165904	0.117103452134594	0.0706039599712147
mix_63	0.0797233778329034	0.047573655715616	0.188289202341301	0.143090550990623	0.0692661800614858	0.128176524460222	0.153023177803035	0.119882364449179	0.0709749663456349
mix_64	0.0930974362304356	0.0671401148904017	0.164195995223672	0.146392084230958	0.053329904623521	0.126496022955319	0.153650581958166	0.12374973063918	0.0719481292483468
mix_65	0.104255716734322	0.0589506340411763	0.174279663183146	0.141966293589993	0.0623671306684184	0.127056206686753	0.148472956875063	0.11313846844185	0.0695129297792774
mix_66	0.102318579292342	0.0670481773911548	0.175655695987141	0.138466459647933	0.0558719201615716	0.120745715813972	0.15438012340822	0.116279031177026	0.0692342971206397
mix_67	0.0953630077812703	0.0636088189012926	0.181511490868983	0.1360243767212	0.0579396577665478	0.118498927091524	0.157702052932534	0.120437897230885	0.0689137707057617
mix_68	0.0822674397337673	0.0526398771510685	0.183711851289652	0.143229764846923	0.0663662777153655	0.129571900349284	0.151846497746878	0.119325496031416	0.0710408951356453
mix_69	0.0641008769166653	0.0579106044174317	0.190540273186036	0.144354108392181	0.0694689652238592	0.130399790475007	0.151996687733509	0.122288085887713	0.0689406077675978
mix_70	0.0926475989333582	0.0461836413304744	0.181220617069199	0.146557850091814	0.0686015838656954	0.132598835679564	0.146423678671255	0.11454137180695	0.0712248225516896
mix_71	0.09128553695518	0.0548112403216974	0.179290175132135	0.142631175316262	0.0627601958932331	0.126924492054876	0.152605320563066	0.119631902721418	0.0700599610421327
mix_72	0.101343385175107	0.0570105656455684	0.174979383723554	0.140226328458229	0.0596376504432195	0.122936844815904	0.152344029070019	0.118772800913638	0.0727490117547618
mix_73	0.0848487008805716	0.0503963478419293	0.181152272223897	0.145927965911727	0.068925291201692	0.131957858753493	0.14641583318044	0.117663762325925	0.0727119676803243
mix_74	0.0720075550437889	0.0570188116726014	0.193523772829356	0.142922482775229	0.0695107754528917	0.127585720545818	0.153322948906431	0.117062517219075	0.0670454155548096
mix_75	0.0875980512731238	0.0590780222432593	0.184869735830646	0.143678335290175	0.0674868634744488	0.128732182075828	0.146239599005327	0.113825558263505	0.0684916525436872
mix_76	0.101039403662851	0.0571487193859705	0.177582387592103	0.135464855581335	0.0581285290929789	0.120593127783329	0.158799422434814	0.119958189397626	0.0712853650689931
mix_77	0.0811375969382297	0.0596172329815022	0.185391043375025	0.1398682447338	0.0676287525582456	0.12827013844715	0.151677784142443	0.117320825707396	0.0690883811162086
mix_78	0.0835548509962778	0.0527146228885213	0.18501445260302	0.145469544021243	0.0674460665629716	0.128095330635451	0.149974795086636	0.117693152895993	0.0700371843098854
mix_79	0.110929928463823	0.0698643210746749	0.167819913661709	0.142712495838175	0.0585293358723836	0.120605203413163	0.147245759100346	0.113472118418896	0.0688209241568286
mix_80	0.10125834639068	0.0695104551029824	0.177712219608164	0.142323799764695	0.0611218640317037	0.125913886047366	0.143706406385367	0.110621721356331	0.0678313013127108
mix_81	0.115895101589361	0.0686752881439724	0.169290646479413	0.140263052320982	0.0556142589085461	0.120626896974328	0.149105700972554	0.111027945202027	0.0695011094088168
mix_82	0.114099277823267	0.050866688233443	0.15853435600116	0.1429429964072	0.0557220187443519	0.129119430285872	0.152565901552335	0.120642708029792	0.0755066229225804
mix_83	0.0714741522889983	0.0425238151662422	0.186947587222926	0.149502660157887	0.0766289385191918	0.138297820464549	0.146306201312948	0.115819920731649	0.0724989041356082
mix_84	0.0869676093036055	0.0530857738259439	0.181636402503081	0.140214722783053	0.0631811117105425	0.127522076814422	0.155608050233377	0.120217857420774	0.0715663954052012
mix_85	0.105840528440071	0.057350290259381	0.172987862070126	0.139234278860532	0.0602204637889496	0.126583738070519	0.152180004554713	0.115389938144783	0.0702128958109261
mix_86	0.0784732836590967	0.0545687969406569	0.187038265384558	0.141182594272342	0.0688267198768982	0.127225005517915	0.152883339328624	0.120224077784032	0.0695779172358773
mix_87	0.0817248952594553	0.0622757845407057	0.192457901076733	0.134940913835766	0.0698369844801016	0.121395228608217	0.15652183868263	0.113558785042738	0.0672876684736535
mix_88	0.0887484421379105	0.0563677604933975	0.185482473196167	0.139028242965863	0.0663769905152006	0.126255971712469	0.152844833014213	0.115399572239407	0.0694957137253722
mix_89	0.112410471904642	0.0745738236881174	0.167702351547033	0.143903362794982	0.0553574586749939	0.124360600944888	0.145218544398887	0.109933677829434	0.0665397082170223
mix_90	0.0745223204164159	0.0509950775886646	0.192243641165117	0.137824743018624	0.0693164465521783	0.127551480955343	0.15857547463354	0.11997690540939	0.0689939102607276
mix_91	0.0858388328584679	0.0494663225657035	0.185914424811178	0.139346117271467	0.0678446643248183	0.1295018673697	0.155055502707556	0.116060902054225	0.0709713660368834
mix_92	0.0738043942685668	0.0544581968193028	0.188728377341723	0.144028726071314	0.0689774915512054	0.131522982411177	0.151952165154268	0.117763432011983	0.0687642343704593
mix_93	0.085515901673065	0.0530576372563865	0.169471512698613	0.14891893903508	0.0678894701955434	0.13219612290384	0.145816929177262	0.121319936988179	0.0758135500720313
mix_94	0.0758440799668429	0.0535516844540726	0.190771806948221	0.13937062674855	0.0710592934069348	0.12996195968826	0.153567837196786	0.117017323499856	0.0688553880904765
mix_95	0.0730832393591542	0.0460766587523523	0.192469702463222	0.144669264160236	0.0716950019621636	0.133180125302575	0.151453246223645	0.118121342314684	0.0692514194619675
mix_96	0.0945523134976196	0.0617253517096096	0.181676895217266	0.141137246341401	0.0613626280276245	0.124655203579715	0.151995673256466	0.114237858525756	0.0686568298445423
mix_97	0.0859965293563569	0.0611650211675617	0.186209109536897	0.138653096661422	0.0695273649016946	0.126496858044495	0.15182850321035	0.112369889615931	0.067753627505291
mix_98	0.091277618466453	0.0531559421544151	0.18613407315616	0.140542578163556	0.0711553173266352	0.129715157411834	0.147101505407705	0.111848110354231	0.0690696975590111
mix_99	0.106626146201277	0.068977285810562	0.160664297402918	0.14283358002334	0.0542809067893166	0.130859569519494	0.149899537514904	0.114180937719382	0.0716777390188069
mix_100	0.0798301950812383	0.0428149900708869	0.18699285692472	0.142117515021713	0.0729457844831774	0.132215975630789	0.152271887312048	0.118458926504169	0.072351868971258
