naive_B_cell	memory_B_cell	CD14_positive_monocyte	CD16_positive_monocyte	CD56dim_natural_killer_cell	CD56bright_natural_killer_cell	neutrophil	CD4_positive_alpha_beta_T_cell	CD8_positive_alpha_beta_T_cell	macrophage_m0	macrophage_m1	macrophage_m2	MAST_cell	basophil	eosinophil	gamma_delta_T_cell	hematopoietic_progenitor	myeloid_dendritic_cell	plasma_cell	plasmacytoid_dendritic_cell	otherCells
S10001	0.00415644394502404	0.0248213030405108	0.00410278594943603	6.3440354019547e-05	3.26764539822849e-06	0.0799758458486023	0.212320551281756	0.0681405229126462	6.98310286088006e-05	0.00936597667558002	1.00419730845428e-06	2.61527513992834e-05	0.0789021957886033	5.72635483789122e-06	5.57753619545078e-06	0.00024380415406215	2.04258756828196e-06	1.72611082475997e-06	1.48100722582958e-05	0.303547758510562	0.214229233254798
S10006	0.00929813153603418	0.0238716803987355	0.000586759324349584	6.86664449325136e-06	1.71733555857349e-05	0.0942648710482195	0.210394226528003	0.0622664326474563	0.000863743854074374	0.00599695849819972	2.02389868503748e-05	2.21193563228862e-06	0.0806771179903595	7.99738828273962e-06	3.21514388805786e-05	8.77548583432922e-05	2.39407963690013e-05	4.42135629844041e-07	9.75584623781976e-06	0.299792660706917	0.211778884081347
S1001	0.000295650789929539	0.0272648739801362	0.00207262071790733	3.0568213765788e-05	6.09875232273336e-06	0.104215079809415	0.209914384659427	0.065528385775156	0.000110796748559177	0.00647111420216166	7.35872303971185e-06	4.15290982306396e-05	0.0804178207160321	1.08082730184534e-05	1.41447367524984e-05	0.000119873705196781	1.17141766885484e-05	7.6194472923577e-06	5.2388950690611e-06	0.289153747998796	0.214300570581103
S10010	6.24754189470208e-05	0.038122736677092	0.00132589334046798	3.6636529155961e-05	4.13574577695987e-05	0.094466663072738	0.231039963046801	0.0561541930001385	0.00030143363510747	0.00678028749643173	7.97501897395172e-06	1.98534681566485e-05	0.0742588939930045	5.39756201382191e-07	1.10513929662082e-05	0.000306151138147201	2.7989331116261e-05	3.0256294627619e-05	1.21756436612857e-05	0.284232124040924	0.212761350247571
S10011	0.0131277521515096	0.0132051842971382	0.00489606830028497	8.18489898798959e-05	1.28987236954672e-05	0.0807177323532572	0.213577878261553	0.0780958437860646	0.000199924907251668	0.00894931704943764	2.60736845903019e-05	3.48827006620036e-05	0.0761796768393927	3.68867706699727e-06	1.02850266719765e-05	3.48302134598544e-05	7.06115078831592e-05	3.88020536692874e-06	3.14843197222065e-05	0.296839822159911	0.213900315845201
S10014	0.00271958795206419	0.0280955302751176	0.00335751340379175	1.21297967712912e-05	7.6075860383933e-06	0.0938166008335659	0.210905201576576	0.0634255380559417	0.00013981065908628	0.00607022319834937	2.31232046722682e-05	6.67351172552081e-05	0.0798781923959049	2.08233756282441e-06	7.94514829767279e-06	5.40368597729797e-05	4.15473595158842e-05	1.77243152484135e-06	1.56952121551174e-05	0.297224047746468	0.214135078849568
S10026	0.000342614112541366	0.0301666947955229	0.000762978356341747	6.93510138899218e-06	7.93675002481708e-06	0.0975592286526613	0.221090350915438	0.0665753314135082	0.000608371954456737	0.00557314680085616	2.912853822277e-06	1.34739734559666e-05	0.0784767455307119	4.06134239103356e-06	2.04899259866027e-05	0.000240369576102085	8.33977648234406e-05	8.32363314641698e-06	1.35128718714502e-06	0.284284785661708	0.214170499597925
S10032	0.0262908656863415	0.00209713068047914	0.0151521765472284	4.15902385057731e-06	3.15995564069515e-06	0.0978729781963498	0.206195025359292	0.0625569186203361	0.000150155743694084	0.00716805305401432	8.98354935064499e-06	1.90593959233459e-05	0.0784841350390922	1.39056171494012e-06	3.03666988993333e-05	2.50063071613715e-05	2.97876079508491e-05	1.63883544730145e-05	1.26585650807657e-05	0.288759105369477	0.21512249568365
S10036	0.00466505829568636	0.0236899899178734	0.000230297554649755	3.41681881478679e-05	3.92835419566715e-06	0.0932847266509878	0.214542208595508	0.0663603873665602	0.000207363389305236	0.00513084126392173	1.34736132106906e-05	2.46551006852311e-07	0.0848358441045242	5.88769145963593e-07	4.42372980128583e-05	0.000171163115929174	3.93767948866573e-05	8.76104023404512e-06	2.3610634842403e-06	0.295524157739571	0.211210820333158
S10042	0.00586351514502567	0.0229642957116418	0.00198032154841048	1.70697104787742e-05	7.78083132240493e-06	0.099962873969865	0.215615640106518	0.0644524405849733	0.000116621050373987	0.00635399819910487	2.28631410825279e-06	1.55526536662395e-05	0.0792561155030273	1.68590427666314e-06	5.70487642116445e-06	0.00016696596913383	1.50540794611114e-05	4.63472816329617e-05	2.95795956517735e-06	0.290105386511172	0.213047386089822
S10044	0.0210767614714347	0.00663217858353764	0.000674203007499465	3.0056837916946e-05	9.69891713550463e-06	0.0981585651454257	0.219780125740547	0.0698319622517259	0.000195473756780945	0.00324595612353704	2.72645844551415e-05	1.76170197185946e-05	0.0840947405178996	8.15654815783587e-06	2.52556072562326e-05	0.000114493258332346	1.81639921360946e-05	3.09058479117395e-06	3.75448120503134e-05	0.280152904815296	0.215865786424366
S10049	0.0148806018163701	0.0160835392180155	0.00131016386487702	8.76990618328003e-06	1.73933858029278e-06	0.0992737355254337	0.210863646485121	0.0719044305502934	0.000216865420609866	0.00519139223712105	4.65667586151335e-05	3.71058263740654e-05	0.0822430629521885	2.16897272669385e-06	3.26347632973698e-05	0.00013531234399589	2.33651703575388e-05	2.75128780672765e-06	3.37468832693734e-05	0.28294841260166	0.214759988077104
S10057	0.0013957509065166	0.0285954621283175	0.000374025811709869	3.32548103057161e-05	9.69023031050378e-07	0.0917453446670602	0.196963124965204	0.0659017329848866	0.000222687866381983	0.0112907992660692	1.21525973472372e-06	3.22004878972161e-06	0.0790029136791466	9.22100418507853e-07	2.15553236077551e-06	0.000138467904707219	5.50085501104657e-05	8.12385437719802e-06	9.23256119937147e-06	0.304302557069715	0.219953031009958
S10062	7.7020357188149e-05	0.0326115525428374	0.0131733029818501	4.40102307325042e-05	1.91503587382771e-05	0.0906732227311604	0.20349038635761	0.0679058488508853	9.85228166525088e-05	0.00608045914872624	2.49125734312532e-06	1.15402450448387e-05	0.0795416937355368	2.60010123487018e-06	9.74351137387892e-07	0.000202852513260574	4.10984936389249e-05	1.24930660828588e-05	1.39084182983789e-05	0.289536539222703	0.216460332219338
S10066	0.000538325870808179	0.0260815905386085	0.00317913674778017	1.27177576910069e-05	1.21084532289505e-05	0.0815582466671851	0.227425450933674	0.0670905680587414	0.000229452460651286	0.00984194857359049	1.29099363762314e-05	1.02131547696937e-05	0.0779266121317621	1.5578796755252e-06	3.80807690409183e-06	2.43319629381859e-05	5.58222045930835e-05	3.5539293345217e-06	5.16793895233243e-05	0.289212269524372	0.216727695747792
S10067	0.000200240517413133	0.0349614160606271	0.00413770335202281	2.47531463478084e-05	7.66207687383261e-07	0.105578436931252	0.197163192178099	0.073316504983626	0.000116274915640257	0.00271583470149904	2.2402662741753e-05	3.58363835633221e-05	0.0756333835280947	3.56716999984694e-06	8.07812439965358e-06	4.40220827946632e-06	3.78670920791164e-05	3.12501373885765e-05	2.12893926596508e-05	0.289783621599005	0.216203178707574
S1007	0.0306774325939328	0.000478282265236482	0.00470558527172352	2.38495992146884e-05	1.47694624882314e-05	0.0920257781608135	0.20549805761197	0.0649862711491933	0.000265016125111651	0.0062414920649305	9.67562419185832e-06	4.23308785574963e-05	0.0856157775200005	1.26820424259882e-05	3.91028768015869e-05	0.000228773179807289	1.06006586687441e-05	6.98447097875684e-06	2.03388136711146e-05	0.295667526854267	0.213429672776015
S10073	0.0192932461513981	0.00858491948816169	0.00367141602802632	1.9349096525333e-05	4.81466084258207e-06	0.0972954371060403	0.211339946663374	0.078683024186328	0.000389914586663169	0.00519468522394114	1.69849549660869e-05	1.12150104140594e-05	0.07910956545892	6.4885026955284e-07	3.61104856192819e-05	3.13337576686135e-06	4.02253160359849e-06	1.21634590532989e-05	1.11899670375177e-05	0.282203754199152	0.214114458515898
S10077	0.00707605203604944	0.0271370015279888	0.0204526780247429	7.70928899600819e-06	3.4615317501589e-06	0.0878308377433349	0.192623404230696	0.062424833651376	0.000183046435824005	0.00634726131376357	1.23785229964154e-05	3.78625466378765e-05	0.0753726037061562	1.72135895981888e-05	1.23472553331917e-05	8.78213467396786e-05	1.98248083356142e-05	2.14059633359586e-07	1.99622068173788e-05	0.301616378410631	0.218717107762599
S10080	0.0256457095512804	0.00154434468008359	0.00781747135104833	1.99008482583668e-05	5.50486311914461e-06	0.0918860659741569	0.208798528291089	0.0652613132130146	0.000448520319389648	0.00719500137935278	1.454691138603e-05	1.23597059671894e-05	0.0816246456522283	7.81176315668043e-06	1.5684654540893e-06	0.000224134927514255	1.05682505630693e-05	1.03654480783036e-05	5.50319760432157e-05	0.295779634788147	0.213636971640669
S10082	0.0225462130361821	0.00586733659038392	0.00523996070011195	6.02811873274449e-05	2.04989534014735e-05	0.0883484281394697	0.209077550919419	0.0805102180233998	5.44353752469949e-05	0.00675368042801119	1.80593271711252e-05	6.82440898610127e-06	0.0814076009037674	1.05660698671736e-05	5.48357288959954e-05	8.85859601897557e-05	4.45171350826775e-06	2.55955723176858e-05	2.62245894605885e-05	0.282942390121162	0.216936262251721
S10087	0.00227622519393388	0.0330447867133512	0.00693974370803754	2.18942858348291e-05	7.07210465910766e-06	0.094927863341283	0.205128635523519	0.0697205252105951	0.000179376015058134	0.00423961133289251	6.24291840837042e-08	1.81217372721824e-05	0.0748456990007247	2.07932207614016e-05	7.64742827440077e-05	0.000106455569104122	1.50968012689682e-05	1.05444922508956e-05	1.01038845406697e-05	0.291063167602959	0.217347747550026
S10089	0.0217543285992912	0.00599208748941298	0.00294656107789014	1.63865585427673e-05	7.12654989001882e-06	0.0879794956336134	0.207178132927797	0.0682225422089392	0.000276583725406179	0.00603538413159156	7.50642911698441e-06	2.42984841112276e-06	0.0808319164915662	1.41009032351653e-06	1.23062346134695e-05	7.0812900541281e-05	4.12026533842599e-05	1.72430882539562e-06	1.08971222460099e-05	0.299019659625627	0.21959150539297
S1009	0.0193472942706235	0.0157521459490004	0.00304388430572114	2.68588973504072e-05	4.39453268335109e-05	0.0909864472786936	0.199264630736121	0.0766287875725689	0.000359225358028818	0.00842487230083082	6.55703056642907e-06	4.32699677840835e-06	0.083241955892873	1.41842574976124e-05	9.03468389220097e-06	0.000114091217017419	2.51825850737008e-06	2.04266357128806e-05	3.56861936367172e-05	0.287866427483025	0.214806699354721
S10090	0.0207017293268047	0.00260205169921256	0.00356575777446214	2.1606254348199e-05	2.5573879203837e-06	0.0914912254500451	0.207152560939811	0.0693513039397192	0.000606636236083045	0.0115509935183105	2.59269521793504e-06	1.27201422414353e-05	0.0791218051468115	1.1486777724154e-05	3.56005353846286e-05	0.000144325524919416	9.22885238262525e-06	1.67653277426586e-05	1.10497834457976e-05	0.29596072404213	0.217627278645284
S10093	0.0251133638378964	0.000566408864101872	0.000720446626634693	3.19432802988859e-05	2.38311660452063e-06	0.0814991345909292	0.217368379152141	0.0643157016077113	0.000494221168940803	0.00836811196353469	7.64929565943296e-06	1.89106730552926e-06	0.0860207134823329	7.90585757141058e-06	1.61404358756483e-05	0.000144882948958433	0.000105304149105454	2.10630512289521e-07	4.3516288141123e-05	0.300014994178356	0.215156697457388
S10094	0.0224464571467031	0.00551115586212017	0.00567270284136091	1.27281681093676e-05	1.62493419588581e-05	0.101513209897477	0.20962223041821	0.0628711207322179	9.89972372183053e-05	0.0101715426614659	5.80475922693051e-07	1.69435824814514e-05	0.0821052249875077	6.49612619739775e-06	1.17973105949919e-05	0.000159006861241556	3.61084954788509e-05	4.14234801861039e-06	3.95848010881607e-05	0.284507601883861	0.215176118820766
S1010	0.025531006733876	0.00222816578889195	0.0086862723932658	3.02960173412183e-05	8.44735257558242e-06	0.0916232162235204	0.199865092424981	0.070157421774689	0.000830961126119404	0.00766172382180123	6.34141066824164e-06	7.74229156153e-06	0.0797595813372751	2.49776670754826e-06	3.21063934987209e-05	6.72767748869593e-05	4.62565859390643e-06	1.3648574354994e-05	2.08445988970247e-05	0.294658234711482	0.218804496825013
S10111	0.000792844213709737	0.0285254004562023	0.00107030538356291	4.95116425236868e-06	1.20940991206412e-05	0.101117443166564	0.20820886441276	0.0764077838652079	0.000274842967963395	0.00682945420597787	1.43127675009869e-05	8.38231898703032e-06	0.0795253694380247	1.51961274520904e-06	4.53079741981088e-06	0.00012085048122742	5.40812863044573e-05	5.51012189400081e-06	6.29481829621568e-07	0.285372344454968	0.211648485303778
S10116	0.000548429647380086	0.0299735510802673	0.00787176878510899	1.80737976880903e-05	3.35703059120534e-07	0.0953370073090666	0.18917622443427	0.0753141815389907	0.00201230368993259	0.00858999299876253	7.97686341156511e-06	2.14533369582669e-05	0.075833016141571	1.72477731991708e-05	6.60646766925162e-06	0.000160589104046158	5.03780683581973e-05	3.01857493651206e-06	6.24014531174202e-06	0.301209157514319	0.213842447025693
S10119	0.00515751259818864	0.0246830590941989	0.00358426096748797	5.70188440398892e-06	1.89387417450691e-07	0.0933249106425664	0.204029884738925	0.0726047252426276	0.000170741255126681	0.00713848832948831	2.27643835919408e-06	7.52593106085272e-06	0.0783046886497943	0.000124963983799093	1.69885021678968e-05	5.36640429363347e-05	5.79105139642976e-05	8.41589925894448e-06	8.09377455043715e-06	0.298073330505345	0.212642667618333
S10121	0.00564429390197903	0.0233698277360982	0.0043523832931874	2.31168106930986e-05	6.89711783328964e-06	0.101002841239905	0.206650490796142	0.0655314974481963	0.000295748530457249	0.00682910835030245	1.19031055498243e-05	8.23199468586592e-06	0.0779176960567333	1.80051673415163e-06	1.69994188001317e-05	1.48339017529318e-05	1.05407273257525e-05	4.14950296697596e-06	2.20692193721952e-05	0.291420238158435	0.21686533217285
S10130	0.0314993144745343	0.000275121053388906	0.00384264728674462	3.44506004482201e-05	9.1971583822315e-06	0.0957907375700231	0.212439281542046	0.0577602799201564	9.92097915606968e-05	0.00903200828211864	3.93185360204573e-07	2.54809498025897e-05	0.0807940822257872	4.72209034761851e-07	2.15816209569094e-05	9.98448218266537e-05	1.12137687339672e-05	9.24213109754084e-06	1.67080515799752e-05	0.291841113480462	0.216397619875955
S10140	0.0271747948965154	0.00574633203114934	0.00140088878303744	3.26779059640813e-06	1.41125828469401e-05	0.0958152896292435	0.226728839801282	0.0563318861445215	0.000199407998667468	0.00875036900931175	1.27090684834935e-05	1.59189261586391e-05	0.0797146269562081	3.13177176416404e-05	3.21649742816222e-05	0.000615243854099515	7.33273825996947e-05	8.57189573763122e-06	3.25530751489272e-05	0.283997883343338	0.213300494139131
S10142	0.00101496094809734	0.0341704452990124	0.00344993085402225	9.20844584793976e-06	3.7919102416688e-05	0.118557451429724	0.194443529843945	0.0571951605730682	4.10596576984539e-06	0.0073614363319214	5.488459340938e-06	2.86198440126065e-06	0.0764666862803427	6.43968066381708e-06	1.05945113588072e-05	8.06314570396213e-05	6.09754847566701e-05	9.6603669384474e-06	1.82033729903167e-06	0.291164360753158	0.215946331890876
S10150	0.000384292686784546	0.0290055544478922	0.000474702517154176	2.81285490960979e-05	2.27831622399329e-06	0.0925229996157757	0.237320604088436	0.0492103203704143	0.00102884255689047	0.0105255881204709	2.96010682790102e-05	2.96269839957913e-05	0.0717849452074315	1.27302680893162e-05	3.67902633741702e-06	0.000301131071894784	3.77562631649356e-05	5.58463792947598e-06	3.05521314906731e-05	0.296030718387331	0.211230363684917
S10155	0.0208265784627406	0.00818152911230399	0.00202805341101892	1.26204841515981e-05	1.56632155245058e-05	0.094050939425965	0.210404677532308	0.0696904633867744	0.000191011046263208	0.00792341173292384	5.09204861057954e-06	2.49395927893251e-05	0.0826247221292133	8.4085797791036e-06	1.01426174923178e-05	0.000110453595093348	4.50320642109966e-05	3.54443301097886e-06	2.22546192293296e-05	0.289287429374619	0.214533033135978
S1016	0.000353518614177159	0.0283967709691836	0.00386518927817601	4.51823313300311e-05	2.1534090395707e-06	0.098315454616387	0.211997603521962	0.0605673354577546	9.60598340642753e-05	0.00711855097154559	9.3249353162622e-07	2.27473404644249e-05	0.0776331819866964	1.86644092345056e-06	1.67570339507868e-05	2.17012850751856e-05	1.22196712046492e-05	4.92224713770369e-06	1.97808401135143e-06	0.295820882654407	0.215704991758977
S10163	0.0367450385652278	0.000126842372802768	0.0160438224451871	1.64301266669987e-05	2.34784515579763e-05	0.0842216069576227	0.208477028483976	0.0624091359568637	6.75594168041447e-05	0.00664931853398593	5.48626520134845e-05	2.45584767407543e-06	0.0755143345151056	1.40625318201585e-05	4.02550641427717e-05	0.000167480486938226	4.762534010116e-05	4.07911775691761e-05	4.60011762090426e-05	0.298819358297302	0.210472511600429
S10167	0.000414281260570517	0.0263083899421708	0.000515295612593827	2.17666353542999e-05	5.48327117484474e-05	0.098998803528781	0.208970202932877	0.066838519426799	0.000984354503108337	0.00667993618148631	2.05440373414199e-05	2.48846001676054e-05	0.078674443988892	2.351682122203e-05	5.22052074337291e-05	0.000221346610228104	3.2964701288929e-05	5.9298292990075e-07	4.29422643929394e-05	0.298593326545482	0.212526849505132
S10168	0.00077772355578317	0.0309756900028734	0.00380799987760017	9.97538202577378e-07	3.80823181289036e-07	0.112979377216383	0.194178323512204	0.0637122927164019	0.00013831852478257	0.00605044580897555	2.59110510002358e-05	7.37686983168425e-06	0.0783633121600567	1.62861996940853e-05	1.27872243603301e-05	0.000215093065150393	2.79836723020024e-05	1.7652410412254e-05	2.28695273093974e-06	0.292433295451646	0.216256465366427
S10173	0.0301382319626651	0.00290198848452383	0.00399759036481723	1.07162977720015e-05	7.35636903551281e-06	0.0909732120916542	0.207015052786749	0.0783814319039821	0.000616695645083762	0.00355092333356352	1.64368705459716e-06	2.59062540483926e-05	0.0802819789795979	1.42739895852113e-05	2.69511206191736e-05	2.1213308201843e-05	3.65827416756685e-06	1.06461735870634e-05	1.62870887312454e-05	0.288262780767622	0.213741461116939
S10175	0.0141744789265738	0.0156746234345957	0.000392964526412687	2.21986075680703e-05	5.61217875725149e-07	0.0988738044726348	0.212734307212246	0.0673939594440969	5.01096471781417e-05	0.0052251150821729	2.1407171359997e-07	2.96361789053702e-05	0.0824768579432733	6.52277857545288e-07	1.72374184066838e-05	4.58645458097527e-05	6.9814427849365e-06	1.00325038973798e-05	8.32395955864024e-06	0.290025568013866	0.212836509072572
S10179	0.0169662348257913	0.00587847116092829	0.00593160824482692	1.1713659665782e-05	1.75477673696777e-05	0.107105632589736	0.198530660627426	0.0832550726374506	8.55420690412434e-05	0.00332907807003991	4.9900816356771e-06	1.01348081349614e-05	0.0832322156476089	2.42728973626268e-06	1.50490759854955e-05	9.08529020679767e-05	9.70042418830079e-05	1.05311443333261e-05	1.97102810518005e-05	0.282261650216599	0.213143872658688
S10186	0.000900302933262719	0.0337391635302003	0.0151918699303486	2.8551021831863e-05	8.53444552555065e-06	0.099282836254979	0.18006671179047	0.0697903534510856	0.000244544313646001	0.00606600667844799	1.26946920058779e-05	5.81602485712828e-06	0.0786041975050076	5.97206570889322e-06	2.86564559401189e-05	0.00024109705751411	2.36875761263671e-05	1.95426608543449e-05	1.71707406608633e-05	0.29774736153971	0.217974929331817
S1019	0.0266984598578172	0.00183899128656714	0.0147786922005906	1.47990933197471e-06	9.82358293140171e-07	0.0995867289169764	0.18933414648291	0.0646811024306334	6.8051477321127e-05	0.0062563909296099	5.08735472576188e-07	4.51432725738021e-06	0.0871232248629745	4.1646831448217e-05	3.63455216103319e-05	0.000220063002339623	1.53121849532519e-05	2.70746380100326e-06	2.32434161838237e-05	0.291249463747577	0.218037944056332
S10190	0.00146673929607908	0.0285092706549003	0.00179755489693711	1.79981529142476e-06	5.22194612655058e-06	0.085579482515752	0.21176775410194	0.0853660439378032	0.000166294261185909	0.0039597541055568	9.61729486777164e-06	1.64379943031085e-05	0.0784846458830258	8.44138544653497e-07	2.30337399910195e-07	6.45643792223902e-05	3.38871422181448e-05	7.45424376305403e-06	1.08689372380444e-05	0.289088730977678	0.213662803140167
S10195	0.025538604535453	0.00131773418063301	0.00223636973654325	0.000102583646231778	1.08927403302438e-05	0.0925811351900192	0.220237276414034	0.0621165375626479	0.000127432514691411	0.00788844553019356	2.30081546480148e-05	2.09045505453341e-05	0.0792550875990247	2.59304875514203e-06	1.02361138435511e-06	7.24402247695233e-05	4.39658201266718e-05	1.245878802065e-05	4.00208678631144e-05	0.295096867256345	0.21327461802774
S10196	0.000842658287982535	0.0270618913073436	0.000545350571540459	1.87667406705695e-05	7.70993976576476e-06	0.0936530220971783	0.218495322880709	0.0675566247347101	7.78550162596343e-05	0.00653522066391634	6.75174445573913e-06	9.8199061944179e-06	0.0819559817642861	2.0090879170614e-05	2.70089507518869e-05	0.000100098259884196	6.69949082969595e-05	6.76447591467288e-06	1.94569178150543e-05	0.288844092357058	0.214148517596096
S10200	5.39147705502088e-05	0.0373808862749662	0.00254478247330192	2.69829223482185e-05	1.85319133640719e-05	0.106833765372099	0.217672394674611	0.0550822916822228	0.00012757718160712	0.00598546705859771	1.20858590143525e-05	3.2892159302314e-05	0.0764135694510496	1.28795774705047e-05	1.13751437450934e-05	0.000100449040812337	8.12443259845857e-05	2.19833088187627e-05	3.28838412930275e-05	0.285195419971404	0.212358622997437
S10201	0.0254666317272188	0.00432181622156627	0.000907182116418793	3.41436541559976e-05	1.91656091773919e-05	0.09042293190408	0.231306434579655	0.0441366912815638	0.00019299514407481	0.01544018775899	1.06303980619307e-05	1.24017995648119e-05	0.0803964339050015	1.17424374754247e-05	1.20912489042171e-05	6.30158011814512e-05	1.3731266162734e-05	1.30790388769088e-05	2.12849264615618e-05	0.29083594881163	0.216361460369778
S10202	0.00316077607940565	0.0241817945013759	0.00480965500599493	5.41780930932268e-05	1.49212026731509e-05	0.101740926439668	0.210728430454237	0.0662938532039823	0.000109433976735816	0.00834712632966627	2.85122937909525e-05	2.88234217165574e-05	0.0699465625312919	5.5532035346778e-06	1.13210936818133e-05	0.000209532405617401	3.66372428807502e-06	3.88460011683586e-06	6.04683534247557e-05	0.294307387963284	0.215953195122421
S10205	0.0361876563102038	0.000216594282884687	0.000605355244152911	1.45857966448944e-05	1.50605240696314e-05	0.100888015107979	0.211141994331917	0.0692436552266757	9.46823340311065e-05	0.00446577397605177	5.09808322112092e-06	3.12496247107967e-06	0.0820506715903453	2.28731795691061e-06	3.8972093791073e-06	0.000108564313137349	2.27018196798068e-06	1.81233575588667e-05	4.54061936087113e-05	0.281992011617669	0.212895172038073
S10211	0.000944049656844944	0.0252818421529836	0.00080789768053279	1.67522357910221e-06	3.71280599531598e-06	0.0959197786923353	0.20646461026812	0.0681269270726268	0.000239614895996339	0.00809960834429725	2.8652202066281e-07	1.10825045634905e-05	0.0824790109252539	2.20187351479672e-07	7.42592761327948e-07	0.000134659375127243	3.4085318606552e-05	1.16904238952194e-05	8.94699278866238e-06	0.301099506656385	0.210330051707935
S10221	0.0164607548969382	0.00957705257805596	0.000683678329802467	2.91040144820103e-06	1.1796691275134e-05	0.0912687629034809	0.215547797468585	0.0770778674523397	0.000177222800060427	0.0049372079904906	1.78048520281668e-05	1.43503609757806e-05	0.0833218468102684	7.00542149164397e-06	4.10496648506238e-06	4.47079711717657e-05	9.37396287790469e-05	6.85887377972666e-06	0.000296890854937901	0.287069307714209	0.213378331033397
S10222	0.000689409587171211	0.0316341427221351	0.000775514909004952	3.99825892285278e-05	6.87902368596082e-07	0.0795939865720849	0.221838878001944	0.0686409584729207	0.000292560594019202	0.00739011763298888	1.78898813117542e-05	8.16761005323851e-06	0.076374782716522	1.12880929741352e-05	1.85024908842877e-05	4.10130490603533e-05	5.89661060534765e-05	1.15550826070391e-05	1.86817531213556e-05	0.299126069900345	0.213416844333202
S10226	0.011482336488567	0.0206841102366968	0.00433174664403806	6.64817731457847e-07	1.98993895896984e-06	0.0908346885261872	0.216824230596956	0.0668446497656743	0.000171628994050561	0.00590047624409551	2.36443519794453e-06	8.79549710423969e-06	0.0797179645189006	3.03504224833307e-05	4.9731564648488e-06	0.000115789850215822	2.81914431337695e-06	1.30890186153491e-05	1.24124283720778e-05	0.288064037628339	0.214950881647037
S10227	0.0168055073542503	0.0111696437473944	0.00323402125261443	7.50407638491149e-06	3.05097455098692e-06	0.0871592108508229	0.218014432630685	0.0683414448395971	2.39848294976694e-05	0.00731284200245687	2.66603592062622e-05	2.85182230124084e-05	0.0822085502911452	1.55780927531691e-05	2.28804622046751e-05	4.2660655490897e-05	6.80888823682389e-05	3.05834655133481e-06	1.75331936185734e-05	0.289807415702187	0.215687413233207
S10228	0.0137191693005054	0.0138135035757475	0.00138119592010341	2.38047238088707e-05	3.41329939295644e-05	0.0995415072771031	0.213586199528409	0.0711135211418459	8.43092188471048e-05	0.00605249341568716	4.4960275752797e-06	4.54860739502228e-06	0.0830695097134548	1.02455739789406e-05	1.39471754055199e-05	9.76951878961978e-05	8.66783911876163e-05	2.59814831004136e-05	2.66505651769162e-05	0.284777206091561	0.212533204087281
S10232	0.0324885190334193	0.000441625459861315	0.000493156714407497	3.88774728833233e-05	1.27962244737352e-06	0.0932326879500882	0.194763472128932	0.0797042158506714	0.00042656750405435	0.00492843919145385	3.18160776388679e-06	2.38490071632453e-05	0.0828570115061959	1.39991359642615e-06	3.26758904281416e-05	0.000260475284900373	1.50265620806301e-05	4.43379137370892e-06	2.83534095287261e-05	0.292686939503908	0.217567812594842
S10248	0.000695252031336593	0.0290129606252109	0.000954772887193923	2.43702102320424e-05	1.0181285577787e-05	0.0910773858698105	0.217644601764899	0.0751494577568422	7.44280521029064e-05	0.0020481805924854	3.4977266066367e-07	3.42374474150983e-05	0.0790986366737826	2.06680939903704e-05	5.1950555709801e-05	8.83127202828053e-05	7.79351331836638e-05	2.14098635255226e-06	1.22266543577345e-05	0.29111921961975	0.212802731266823
S10249	0.00467094173151279	0.0198849727845534	0.00984163496746762	1.45239641192417e-05	1.56215094634118e-05	0.0863148034219121	0.228404121473948	0.0572973266808758	0.000157071822594958	0.00807133424925684	1.48608887321777e-05	1.17429587803923e-05	0.0806183959692347	5.36481903881969e-06	1.84278227197395e-07	0.000316069899383375	1.7645780914633e-05	1.06405639031437e-06	2.59064987173535e-05	0.291560579907275	0.212755832337602
S1025	0.0313503362989492	0.00076697594431278	0.00378835485234957	1.361306912229e-05	9.10879601203753e-07	0.108974315906141	0.201758183423554	0.0631741645978457	0.0001045575025188	0.00556857965394791	1.92744222450658e-06	4.16025267629252e-06	0.0823879189859798	3.9012886388657e-06	2.97804168506467e-05	0.000338643828193402	3.38926603857755e-06	5.23629757191249e-06	9.33843711633278e-06	0.283359185340989	0.218356526315377
S10266	0.0324081494128245	0.000229157569264638	0.00446595805486249	5.7062071033731e-05	2.69933170025467e-05	0.084343133823752	0.218441655743864	0.063426138817324	0.00100451108159668	0.00995399449367631	1.91020269418791e-05	2.24241639482276e-05	0.0761305383817042	3.47613008444893e-06	6.50895873978248e-07	0.000137482780210955	5.81478647351907e-05	2.75684462538249e-05	1.1018148894715e-05	0.295387577106	0.213845259670152
S10269	0.0113269246873808	0.0226954700587839	0.0026767584648776	1.70884933195918e-05	7.19055316998466e-06	0.0941092786745398	0.21204029863757	0.0603691027061437	0.000174265661383292	0.00927530138406068	1.14644297859137e-06	4.38726613080289e-06	0.0786774672376055	3.73821504980786e-07	2.93136066421203e-06	7.02935907291335e-05	8.71340954780112e-06	2.43661922934022e-05	0.000106866984222816	0.289834545175455	0.218577229197638
S10272	0.000513425372440893	0.0266320239657733	0.000599896350525607	3.58229854128008e-05	1.35796144214153e-05	0.097163643804218	0.219727408400808	0.0573957232771747	0.000201185351780937	0.00640156418091058	6.45694766448802e-07	1.454310785616e-05	0.0809172420526191	3.19319924957052e-06	2.05190464127556e-05	6.0395646978995e-05	2.69669076067686e-05	6.71454691242394e-06	7.19981150042954e-05	0.296529633881132	0.213663874497996
S10273	0.0076464139749142	0.0270423804313813	0.00242726018839497	1.66641158556487e-05	1.20964985341476e-05	0.0978467047303859	0.217060070052167	0.0575833323553627	0.000139722882989212	0.00624021173723592	8.39062596049493e-06	8.69181697801702e-06	0.0759008724427691	7.41640123202314e-06	2.61420583782068e-05	0.000132364372056261	1.42443683013207e-05	4.87969703091579e-06	3.03874870742746e-06	0.292467407242397	0.215411695258968
S10274	0.000639513627034325	0.0300514817196782	0.00373430285005681	1.92571419992134e-05	4.42296453472485e-06	0.0991376073640311	0.203873256816686	0.064113973460847	0.000220358520480359	0.00821932052592408	8.75253080821702e-06	9.69284112130009e-06	0.0771446269570119	4.59266409833442e-06	1.18616289539746e-05	7.81904483167056e-05	2.31627388147128e-05	4.41082591559947e-06	9.58741498224471e-06	0.296989098498989	0.215702528459717
S1028	6.42571830553737e-05	0.028463851337017	0.00124374575027258	7.5381895960965e-06	7.62195579142668e-07	0.0995263112396919	0.215454560202117	0.0698230855469695	1.43906711148458e-05	0.00277230785716177	6.91154051509951e-06	1.3913149458645e-06	0.0790498247997231	8.10633628414248e-06	7.29612054494749e-06	0.000718295983241524	2.66012236036528e-05	1.11591642682324e-05	1.44700982604387e-05	0.289566344054114	0.213218789191924
S10280	0.00454207691371746	0.0205053841935024	0.00454663691951652	3.03777713339079e-05	7.60432625883912e-07	0.0992395830170942	0.208554570726948	0.0738677074322029	7.47664940427939e-05	0.00706833213785027	1.32362698895014e-05	4.49520759182953e-06	0.0802647818326991	8.69752107855957e-06	2.59998248700567e-05	5.46424383916388e-05	1.8745589983423e-05	3.92482881466037e-06	3.15468952837122e-05	0.283406492899729	0.217737240652834
S10283	0.00743060811342054	0.0250865693481277	0.00790915400748395	2.47948853326344e-05	5.10936272181772e-06	0.110764444681794	0.195901090401412	0.0706051810721561	0.000208926179242952	0.00234290470981618	1.328708247361e-06	1.7390627104776e-05	0.0779176354303047	1.38852534384827e-05	2.58706886987866e-05	0.000240224854911096	1.69655476160229e-05	4.39627865617443e-06	1.25229077090302e-06	0.285387309395615	0.216094958163129
S1029	5.9202952318962e-05	0.0401975620409325	0.000868159506008356	2.41507012044196e-05	4.16106889112401e-06	0.0965571500835483	0.212742123316543	0.0608037254372636	0.000216346256687278	0.0057345106624589	1.78160668365751e-06	3.38484495858989e-05	0.0777441340006762	2.57036654367597e-06	8.59667021053223e-06	5.27010354695808e-05	1.97903391699222e-05	3.01669316793184e-06	1.64945689572653e-05	0.292226835539453	0.212683138704227
S10292	0.0281446251096978	0.0024858539119694	0.00022762164152083	4.85717712217622e-05	2.8196090675319e-05	0.0945377274795684	0.198711606952843	0.070444641225147	0.000155960337931972	0.00869154244329377	1.09368655469617e-05	2.84101321505215e-05	0.082967168394854	5.66272535810626e-06	6.71701735559781e-06	4.86261880759467e-05	2.94009745555048e-05	4.37675323310256e-06	1.28932187116293e-05	0.29340746800559	0.220001992760699
S10294	0.0226257412708236	0.00551506524746258	7.48953053975333e-05	1.16946284854415e-05	1.48538301193962e-05	0.107998749459367	0.208546485660714	0.0644759302905887	0.000233053216806741	0.00457428567611949	3.59453724793883e-06	1.85075988331978e-05	0.0846155237401107	6.31931454729104e-06	1.8815090081044e-05	0.000693257108996977	1.5582136206292e-05	1.31165528789405e-05	3.321642508044e-05	0.288271938699873	0.21223937421026
S10302	0.0225465327977663	0.00309825287923806	0.00136459165443764	2.54699466365887e-06	1.14949886116738e-05	0.0943102968643263	0.214606102647004	0.0733088583882276	0.000180722363813941	0.00572371067124246	3.13074828745699e-06	1.16223377492332e-05	0.0808305106671943	9.27960924161398e-06	1.15859795897591e-05	0.000126223341465056	8.53570431139891e-05	1.17934699793604e-05	1.08578505811454e-05	0.28632769928495	0.217418829418517
S10303	0.0112828911610467	0.0156811067175019	0.004687540756713	1.07403993802446e-05	6.71432172519251e-06	0.0995532932236972	0.210888543209791	0.0655650059406106	0.000374843776695163	0.00645746597601701	1.21070312309194e-05	5.48920605847882e-06	0.0746196431974116	8.89478570421088e-06	2.07399297167272e-05	9.55899646690284e-05	4.40350178813464e-06	1.38191790089768e-06	4.27194675724262e-05	0.295656470414722	0.215024415100047
S10323	0.000965604958133697	0.0296906424083031	0.00241591545978826	3.29347688555278e-05	4.22478064751722e-06	0.0927179923280699	0.209327644005996	0.0651014977994207	0.000116084541961803	0.00767971277898428	5.4393701748063e-06	2.66074060699138e-05	0.0809304354024066	2.97251164270658e-07	1.39522545026469e-05	2.95797764287254e-05	2.92556835671456e-05	5.08987675683723e-06	9.4230582841753e-06	0.293832643419162	0.217065022671322
S10326	0.000545727129200164	0.0289446413283386	0.00123909031750528	1.45774027567184e-05	1.97996794326423e-05	0.10753350997394	0.213699418654997	0.0622473608587174	6.86809145794888e-06	0.00600394851461155	1.12545058210072e-05	2.8414923201875e-05	0.0780402153152069	2.83883642862117e-06	2.77458896989925e-05	4.34910480975955e-05	0.000100670218532667	2.16155017531731e-05	3.00038899989478e-05	0.286717360778453	0.214721447141851
S10328	0.0308916776657295	0.000182970896539387	0.00157462425796132	4.43825709705632e-05	4.52719127077427e-06	0.111347074328828	0.205995231108948	0.0624230735793842	0.000612735902614836	0.00689953065454131	1.41349918668208e-06	2.68020370079215e-05	0.0792850185422215	1.62375028786465e-05	5.92473874697212e-05	0.00042914359822898	1.54452216194481e-05	6.84137763321311e-06	2.83739079968871e-05	0.287659639277607	0.212496009491361
S10329	0.000218298095909576	0.0374299302240404	0.00442340417526175	2.48575820917972e-05	3.4403219006281e-06	0.10539758154852	0.20489576912434	0.0611784687427846	0.000107444333949835	0.00692649020501731	1.36672806868499e-05	2.40531297808492e-07	0.0749618709130289	5.34060718416771e-06	5.06360425216343e-07	0.000180544083902343	5.06652107445203e-05	1.18618393676049e-05	1.57026233291701e-07	0.2892591530718	0.214910308721514
S10336	0.0007020903209116	0.0297184888104788	0.00554425103572346	1.17242270995038e-05	1.44808655445234e-05	0.107455709348001	0.205091781539188	0.0565577038949009	8.27715693736831e-05	0.00805861705754556	1.76440294748782e-05	6.9236110487862e-06	0.0777366848655452	3.95108963949497e-06	4.24687765463973e-07	8.18193648414897e-05	1.36494764407854e-05	4.88763357974389e-06	1.21611744525805e-05	0.294145202795709	0.214739032602736
S10340	0.0229580870629558	0.0102295355817161	0.00105410861432148	2.36178749960704e-05	1.15817778879681e-05	0.0910771879473475	0.215709263281655	0.0681160399472723	0.000186960362142998	0.00558723686002031	2.83420035092952e-05	5.56029990781228e-06	0.079458373083307	6.36420419302811e-08	8.21499992012752e-06	0.000445443435190323	5.05628275669118e-05	9.10242738147502e-06	1.25567993663055e-05	0.288264380083555	0.216763781087938
S10347	0.00302011238326031	0.0249163299085268	0.00424154523262881	3.50483938004366e-05	4.90275589568436e-06	0.0921641033684478	0.197922572967028	0.0682883719725694	8.50018767364515e-05	0.011865565653705	1.31057434081653e-05	1.55310998190249e-05	0.0724821972996041	4.91724748813645e-06	9.91360235953452e-06	1.55107015992938e-05	4.22287362511579e-06	4.22410485091555e-06	2.63043500638019e-06	0.306396311852487	0.218507880527154
S10353	0.0347827541029436	0.00157474949545904	0.00625135706311422	7.8722254116567e-06	9.3165310306019e-06	0.0947958942075187	0.206394324363195	0.0631346387893737	8.82116503476838e-05	0.00796293637746611	3.66991345262561e-06	3.66065649164201e-06	0.0802498514132342	1.08509369885155e-05	1.87904748240982e-05	0.000321582862810872	2.94036271084875e-05	6.19490311462585e-06	1.33944475818924e-05	0.289579083957964	0.214761462000569
S10356	0.0279659319134649	0.00193679437085736	0.00559201587905163	7.96240471736429e-06	1.34443247664198e-05	0.0878164800172699	0.203612080867383	0.0671969093373851	0.000249785537528796	0.00726503094474568	1.17951185673659e-05	2.65603171947103e-05	0.083277558346864	3.00902235885306e-06	8.49245506723378e-07	0.000218815677668272	3.25888164943774e-05	1.57039863437307e-05	2.30949315987859e-05	0.297000948188754	0.217732640751479
S10358	0.00459614305894734	0.0229613411283921	0.00449634210587792	4.34431873225811e-05	2.0583273996899e-05	0.100412443896988	0.214034270775263	0.0674223218416899	0.000131394786492695	0.00568322779362682	5.58319486653272e-06	1.16439832355898e-05	0.0781385616956749	8.20312278119574e-06	1.35760098477129e-05	0.000112166182534728	6.43011908403143e-05	1.31840272292233e-05	5.34579468892997e-06	0.289544021481003	0.212281901468701
S10365	0.0196307827682784	0.00649196160097396	0.00510022284154241	3.19473832727191e-05	2.67962228748127e-05	0.0978517283821702	0.215469591467065	0.0613579321813058	0.000140138098703308	0.00745773116610768	6.04287443895612e-06	3.07131162666697e-05	0.0837828901039323	9.44248980574191e-06	1.00842794930167e-06	5.68546954036603e-05	4.59363001543594e-05	3.40829901110046e-06	1.92379385115079e-05	0.287164282024763	0.215321351617469
S1037	0.00249028543387042	0.0319829158912995	0.000863428226290112	1.78174601649556e-06	5.28178048885701e-06	0.104710199281467	0.195888046766409	0.0775436263494777	0.000197937687104214	0.0056748419581329	8.11536156952371e-06	1.56330858223394e-05	0.0747896302576474	5.5047709703184e-07	8.10906305234848e-06	0.00018272188928061	4.46552163627672e-05	4.96882571044908e-06	2.36839590851656e-06	0.290307238613532	0.215277663693461
S10373	0.0309203438295078	0.00117340091472893	0.00289548903254626	5.3343919430087e-06	6.75010523750877e-07	0.0999119232857757	0.204788414917748	0.0676215773261828	0.000242497312175587	0.00582419032656734	2.52290286385103e-06	6.5792430066757e-06	0.0795187287054536	2.60832254561288e-06	3.13684162489081e-05	0.000114655376857656	1.75128387404972e-05	4.87296417087903e-06	1.1216925453003e-05	0.293052303126274	0.213853784830686
S10374	0.000590990141482646	0.0302286433759829	0.000630225206096536	6.00328619239037e-06	3.55775106310731e-06	0.0872482958897433	0.203976591810596	0.0687927501992149	0.000222870854146718	0.00543312064000122	1.12470172748804e-05	6.84316168053093e-05	0.0797888596598824	1.9673795681081e-06	1.67175236019613e-05	4.61940262713154e-05	4.07087330660178e-05	8.64497440254561e-06	6.90537242808751e-07	0.304485561816321	0.218397927561044
S10375	0.0027483934686401	0.0216244074032898	0.00391778308824884	9.34602848423234e-06	6.14283581260337e-06	0.0998090524368406	0.219147702537291	0.0655185294441879	0.000105721244474855	0.00440338718686861	9.79222460398854e-06	9.78729625513377e-06	0.0818428692695946	5.20923358910417e-07	2.37713115672502e-05	0.000246497044055162	1.52945451987658e-05	9.53057664227523e-07	5.7206514832526e-06	0.290716424920513	0.209837903081568
S10377	0.023866402186574	0.00446645869873859	0.00245995974225368	2.04939150060459e-05	1.4706344067523e-05	0.0801026289366362	0.201983096422737	0.074093162556735	0.000434497522648256	0.00527855256356717	1.49200912387636e-05	5.79205191042564e-05	0.0852520314115013	2.22017178322254e-05	1.15168164528425e-06	0.00027473998242244	0.000109093855010375	5.92650454228239e-06	4.34654187203477e-05	0.307697278157412	0.213801311771607
S10378	0.0232435331260379	0.0084116994369414	0.0016872058239929	2.12028600264076e-05	5.97930007495609e-06	0.106824109660511	0.210457468096224	0.0661464364081171	0.000101392227151855	0.0048864521213572	5.09130379252143e-06	2.0060431455508e-05	0.0827618266811822	1.32828079594724e-05	8.93833719018513e-07	0.000153010652988434	8.12437553890792e-05	3.00768151907154e-06	1.66080131345165e-05	0.280598735247198	0.214560760531228
