B_cells	Monocytes_CD14.CD16.	Monocytes_CD16.CD14.	NK_cells	Neutrophils	T_cells_.CD4..	T_cells_.CD8..
S10001	0.0686	0.1081	0.1027	0.0541	0.3837	0.2828	0
S10006	0.0998	0.1732	0	0.0721	0.4335	0.1732	0.0482
S1001	0.0568	0.2742	0	0.1043	0.3253	0.1287	0.1108
S10010	0.0135	0.23	0.012	0.0627	0.5285	0.1313	0.0221
S10011	0.0442	0.2262	0.0134	0.0378	0.368	0.2639	0.0465
S10014	0.0794	0.2014	0.0056	0.118	0.4041	0.1608	0.0306
S10026	0.0594	0.2328	0	0.0353	0.3866	0.1831	0.1027
S10032	0.0829	0.3712	0.0069	0.0739	0.299	0.1368	0.0293
S10036	0.0561	0.1763	0	0.0464	0.4704	0.1594	0.0913
S10042	0.065	0.2288	0	0.0633	0.3885	0.1545	0.1
S10044	0.0688	0.1913	0	0.0484	0.4142	0.1892	0.0881
S10049	0.0984	0.2074	0	0.0562	0.3388	0.2064	0.0928
S10057	0.0643	0.1426	0.0777	0.1316	0.2855	0.2242	0.0741
S10062	0.055	0.2802	0.0127	0.0531	0.3503	0.2054	0.0434
S10066	0.0254	0.2323	0.0096	0.0338	0.4948	0.2041	0
S10067	0.0662	0.1853	0.0023	0.0935	0.282	0.2481	0.1226
S1007	0.0918	0.1858	0.031	0.0827	0.3769	0.1966	0.0352
S10073	0.038	0.1648	0.0101	0.0548	0.3144	0.2748	0.1432
S10077	0.0855	0.173	0.1443	0.0685	0.315	0.1954	0.0183
S10080	0.0594	0.2494	0.025	0.0881	0.3767	0.1407	0.0608
S10082	0.072	0.1982	0	0.0266	0.3558	0.2578	0.0896
S10087	0.1097	0.2638	0	0.046	0.2683	0.2108	0.1015
S10089	0.0704	0.1248	0.075	0.0701	0.4191	0.2144	0.0263
S1009	0.1221	0.1586	0.0286	0.043	0.231	0.3182	0.0984
S10090	0.0626	0.1571	0.0352	0.0787	0.39	0.2257	0.0507
S10093	0.0702	0.2236	0	0.0917	0.438	0.1107	0.0659
S10094	0.051	0.2643	0.0263	0.0831	0.3818	0.159	0.0345
S1010	0.0797	0.2035	0.073	0.0592	0.2863	0.2524	0.0458
S10111	0.0815	0.1976	0	0.077	0.2924	0.2642	0.0873
S10116	0.0449	0.1505	0.0538	0.1296	0.1844	0.3243	0.1124
S10119	0.0815	0.1832	0	0.0298	0.3262	0.2508	0.1285
S10121	0.0568	0.1742	0.0555	0.0862	0.3693	0.1852	0.0729
S10130	0.0402	0.1916	0.0551	0.0983	0.445	0.1481	0.0216
S10140	0.1311	0.2212	0	0.0638	0.4548	0.0928	0.0362
S10142	0.1281	0.2384	0.0083	0.1629	0.2136	0.1011	0.1475
S10150	0.0336	0.1742	0.0361	0.1039	0.5595	0.0762	0.0166
S10155	0.0988	0.2152	0	0.0622	0.313	0.2636	0.0473
S1016	0.0566	0.2302	0	0.0707	0.4006	0.1499	0.0922
S10163	0.0478	0.1542	0.078	0.071	0.3597	0.2379	0.0515
S10167	0.0664	0.1881	0	0.124	0.3782	0.1121	0.1311
S10168	0.0667	0.1598	0.0302	0.1661	0.287	0.194	0.0962
S10173	0.1144	0.144	0.0065	0.0374	0.2805	0.3033	0.114
S10175	0.088	0.1886	0.0259	0.0741	0.3758	0.1694	0.0782
S10179	0.0638	0.2136	0.0077	0.1294	0.2146	0.1772	0.1937
S10186	0.1167	0.2479	0.0112	0.0859	0.1331	0.3063	0.0989
S1019	0.0738	0.2245	0.0378	0.087	0.2793	0.2366	0.061
S10190	0.0899	0.2232	0	0.0174	0.2973	0.2667	0.1054
S10195	0.0506	0.2183	0.0196	0.0624	0.4591	0.1774	0.0126
S10196	0.0623	0.2086	0	0.057	0.392	0.2209	0.0593
S10200	0.0519	0.2744	0	0.1357	0.3912	0.0944	0.0524
S10201	0.048	0.1456	0.0477	0.0838	0.6165	0.0585	0
S10202	0.0394	0.2068	0.027	0.1543	0.3369	0.1468	0.0887
S10205	0.1057	0.1753	0	0.0632	0.3906	0.1925	0.0728
S10211	0.0783	0.2232	0	0.0813	0.3861	0.1365	0.0946
S10221	0.063	0.2074	0	0.0651	0.3907	0.1738	0.1
S10222	0.0886	0.1597	0.0509	0.084	0.4487	0.1374	0.0308
S10226	0.0925	0.2164	0.0057	0.0641	0.4012	0.1713	0.0489
S10227	0.061	0.2171	0.0158	0.0638	0.4466	0.1705	0.0252
S10228	0.0615	0.1802	0.0316	0.0658	0.379	0.221	0.061
S10232	0.0991	0.1164	0.0334	0.0822	0.2192	0.2976	0.1521
S10248	0.0654	0.1499	0	0.0196	0.4125	0.2241	0.1285
S10249	0.0495	0.331	0.0174	0.0525	0.4293	0.1082	0.0121
S1025	0.0887	0.2144	0.029	0.102	0.2654	0.192	0.1086
S10266	0.058	0.1756	0.0758	0.0562	0.4179	0.1996	0.0169
S10269	0.0901	0.1656	0.0436	0.0802	0.4132	0.1288	0.0785
S10272	0.0445	0.2002	0	0.0548	0.5113	0.1156	0.0736
S10273	0.1123	0.208	0.0055	0.1044	0.4071	0.1398	0.0229
S10274	0.0722	0.2262	0	0.0631	0.4112	0.1646	0.0626
S1028	0.0675	0.2082	0	0.0198	0.3838	0.1571	0.1637
S10280	0.0826	0.2018	0.0876	0.0617	0.2504	0.2215	0.0943
S10283	0.0713	0.2618	0.0094	0.0736	0.1838	0.2196	0.1805
S1029	0.0896	0.1787	0.0533	0.0896	0.3314	0.2065	0.051
S10292	0.0969	0.1183	0.0321	0.0587	0.2935	0.31	0.0906
S10294	0.0918	0.1946	0	0.0912	0.2947	0.1369	0.1907
S10302	0.0465	0.2161	0	0.0568	0.3597	0.2057	0.1153
S10303	0.06	0.2384	0	0.1227	0.3323	0.1764	0.0702
S10323	0.0716	0.1958	0.0352	0.0724	0.3845	0.1906	0.0499
S10326	0.0768	0.2549	3e-04	0.1064	0.3814	0.1087	0.0715
S10328	0.0409	0.1187	0.0547	0.1533	0.3056	0.1939	0.1329
S10329	0.0996	0.2202	0.0138	0.085	0.2906	0.1883	0.1025
S10336	0.0627	0.2013	0.0562	0.1462	0.3504	0.1134	0.0698
S10340	0.1031	0.1581	0.0079	0.0585	0.4026	0.2204	0.0494
S10347	0.0537	0.1372	0.0998	0.1054	0.3404	0.2561	0.0074
S10353	0.1014	0.2153	0.0186	0.0678	0.3537	0.1838	0.0594
S10356	0.0706	0.1974	0.0519	0.0725	0.2975	0.2977	0.0124
S10358	0.0503	0.2401	0.0433	0.0615	0.3811	0.1674	0.0562
S10365	0.0494	0.2545	0	0.0703	0.4363	0.1625	0.0271
S1037	0.077	0.1452	0.0226	0.0821	0.1993	0.349	0.1249
S10373	0.1021	0.2204	0	0.0573	0.313	0.2227	0.0846
S10374	0.098	0.2124	0	0.0533	0.372	0.1639	0.1004
S10375	0.0422	0.2184	0.0126	0.0838	0.4133	0.1296	0.1002
S10377	0.1096	0.1669	0.0342	0.0758	0.3344	0.2099	0.0692
S10378	0.0894	0.2023	0	0.0652	0.335	0.1864	0.1217
S10390	0.0666	0.0924	0.1063	0.0696	0.3859	0.265	0.0142
S10391	0.1086	0.2832	0	0.1005	0.2846	0.1227	0.1004
S10393	0.057	0.1942	0	0.0765	0.3612	0.1155	0.1956
S10400	0.0653	0.3017	0.0297	0.0634	0.3502	0.1827	0.007
S10401	0.0828	0.1942	0.0811	0.0884	0.3274	0.1459	0.0802
S10406	0.0611	0.2581	0	0.059	0.4938	0.1083	0.0198
S10408	0.0649	0.1763	0.0624	0.0925	0.3793	0.1882	0.0363
S10409	0.0838	0.2162	0	0.0536	0.3199	0.173	0.1534
S10418	0.0732	0.104	0.1042	0.0736	0.5139	0.1311	0
S10431	0.0233	0.2306	0	0.0577	0.4	0.2476	0.0409
S10438	0.0541	0.2424	0	0.077	0.3724	0.1909	0.0633
S10439	0.0512	0.329	0	0.0575	0.356	0.1351	0.0712
S10441	0.0531	0.2877	0.0785	0.0801	0.3695	0.0932	0.0378
S10442	0.068	0.2762	0	0.0872	0.3518	0.1832	0.0334
S1046	0.0661	0.2438	0	0.0687	0.4769	0.1445	0
S10478	0.0695	0.2943	0.0202	0.0479	0.5055	0.0626	0
S10480	0.1264	0.1516	0.0402	0.1512	0.2116	0.2149	0.1041
S10484	0.0487	0.2379	0.0566	0.0813	0.3941	0.1513	0.03
S10492	0.0832	0.2127	0	0.0524	0.2573	0.2313	0.1631
S10496	0.1351	0.205	0	0.0967	0.2807	0.1678	0.1147
S10510	0.0516	0.2684	0	0.0525	0.3554	0.1874	0.0848
S10513	0.0282	0.3276	0	0.0834	0.3527	0.1744	0.0336
S10516	0.0687	0.2397	0.0776	0.1036	0.3232	0.1665	0.0208
S10534	0.0701	0.2706	0.0102	0.0563	0.3219	0.2182	0.0526
S10535	0.0682	0.2424	0	0.0256	0.2657	0.2366	0.1615
S10537	0.0823	0.2959	0.02	0.0884	0.3322	0.1465	0.0348
S1054	0.0519	0.2483	0.0058	0.1012	0.283	0.1765	0.1334
S10543	0.0753	0.1492	0.0288	0.1337	0.3707	0.1437	0.0985
S10546	0.0732	0.2181	0	0.1209	0.3881	0.1281	0.0716
S1055	0.0617	0.2498	0	0.0757	0.492	0.1115	0.0092
S10551	0.066	0.2345	0.0513	0.0837	0.3276	0.2162	0.0207
S10552	0.0732	0.2017	0.0678	0.1257	0.4246	0.0865	0.0205
S10555	0.0436	0.1729	0	0.1353	0.284	0.1289	0.2354
S10559	0.0554	0.293	0.0292	0.0759	0.3574	0.1754	0.0136
S1056	0.1209	0.1895	0.0087	0.0408	0.3262	0.2321	0.0818
S10563	0.0525	0.1775	0.014	0.0736	0.4324	0.1638	0.0862
S10574	0.0597	0.238	0.0109	0.0736	0.2766	0.2436	0.0976
S10576	0.067	0.169	0	0.0454	0.5547	0.1129	0.0509
S10578	0.0922	0.2543	0	0.0739	0.4364	0.0932	0.05
S10579	0.0725	0.1651	0	0.0802	0.4644	0.1637	0.054
S10582	0.0675	0.2017	0.006	0.0974	0.4318	0.1468	0.0488
S1059	0.078	0.1806	0.0364	0.1088	0.3559	0.1508	0.0895
S10599	0.0771	0.2647	0	0.0509	0.4497	0.1135	0.044
S10611	0.0803	0.2335	0.0021	0.0506	0.3878	0.1913	0.0544
S10614	0.0423	0.2576	0.0217	0.0671	0.4619	0.1423	0.0072
S10624	0.1394	0.1931	0.1154	0.0627	0.2796	0.1719	0.0379
S10632	0.0651	0.1639	0.0581	0.0835	0.4115	0.159	0.0589
S10634	0.1075	0.1558	0.0122	0.0515	0.3934	0.2115	0.068
S10638	0.0879	0.2513	0.0494	0.0455	0.3258	0.1942	0.046
S10644	0.0688	0.2548	0	0.0613	0.2785	0.2501	0.0864
S10649	0.0712	0.148	0	0.0853	0.5571	0.1212	0.0173
S10652	0.0783	0.1814	0.0172	0.0893	0.4832	0.0825	0.0681
S10654	0.0706	0.2209	0	0.118	0.3494	0.1445	0.0967
S10655	0.0638	0.2261	0	0.0717	0.3816	0.1842	0.0726
S10656	0.052	0.1589	0	0.1027	0.331	0.1737	0.1816
S10657	0.104	0.1871	0.0541	0.1096	0.361	0.1574	0.0268
S10658	0.0784	0.1785	0	0.0643	0.3905	0.1806	0.1076
S10660	0.0643	0.2439	0	0.0968	0.1744	0.253	0.1676
S10661	0.1146	0.1783	0	0.0624	0.3083	0.2624	0.0739
S10676	0.118	0.3368	0.0097	0.0951	0.3489	0.058	0.0335
S1068	0.0956	0.2063	0.0404	0.0443	0.2882	0.2415	0.0836
S10681	0.0632	0.2003	0	0.0687	0.4567	0.1003	0.1108
S10686	0.0755	0.2655	0.0198	0.0754	0.3854	0.1426	0.0359
S10688	0.0891	0.1881	0.0105	0.0504	0.2868	0.2756	0.0995
S10690	0.0486	0.2052	0.0845	0.1466	0.3275	0.1368	0.0507
S10698	0.0642	0.2302	0.0115	0.0635	0.2795	0.2286	0.1224
S107	0.041	0.1741	0	0.0452	0.3372	0.2309	0.1716
S10703	0.0725	0.2673	0	0.0925	0.2491	0.2216	0.0969
S10726	0.0899	0.2063	0	0.0377	0.3422	0.2551	0.0687
S10729	0.0444	0.2542	0.0504	0.0656	0.3597	0.1683	0.0574
S10733	0.0575	0.2682	0	0.0642	0.3561	0.1498	0.1042
S10734	0.0899	0.2575	0	0.0683	0.2955	0.1957	0.0932
S10735	0.1141	0.1982	0.022	0.0566	0.368	0.1783	0.0627
S10740	0.0309	0.3063	0.0285	0.0328	0.3957	0.1886	0.0171
S10745	0.0635	0.256	0.021	0.081	0.4936	0.0603	0.0246
S10748	0.0748	0.2098	0.0427	0.0962	0.3211	0.227	0.0284
S10753	0.0677	0.2663	0	0.0418	0.3646	0.2218	0.0378
S10756	0.0962	0.2304	0	0.0644	0.3442	0.1587	0.1061
S10757	0.1174	0.1454	0	0.0275	0.2026	0.3634	0.1437
S1076	0.0813	0.2307	0.012	0.0567	0.3534	0.1887	0.0772
S10764	0.0696	0.1754	0.0801	0.0656	0.3635	0.1781	0.0677
S10767	0.1033	0.1835	0.0131	0.0943	0.2497	0.1948	0.1612
S10776	0.0496	0.2057	0.043	0.0741	0.4403	0.1462	0.0411
S10778	0.0603	0.1583	0.0115	0.0462	0.4828	0.1768	0.0639
S10784	0.041	0.211	0.0605	0.0753	0.4943	0.1103	0.0075
S10787	0.0869	0.1677	0.0719	0.0958	0.3282	0.1885	0.0609
S10800	0.2444	0.1678	0	0.0839	0.3508	0.1505	0.0025
S10805	0.1065	0.2014	0.0459	0.0821	0.3908	0.1389	0.0344
S10813	0.0835	0.2702	0	0.1108	0.352	0.1195	0.064
S10814	0.0723	0.15	0.0177	0.1104	0.4935	0.1312	0.0248
S10815	0.0822	0.1657	0	0.061	0.4202	0.1839	0.0871
S10817	0.0796	0.1253	0.0312	0.0774	0.3335	0.2271	0.1258
S1083	0.0812	0.237	0.0452	0.0708	0.2805	0.2067	0.0786
S10835	0.0517	0.4296	0	0.0678	0.2975	0.1259	0.0275
S10838	0.0682	0.2253	0	0.0703	0.39	0.132	0.1142
S10844	0.1107	0.1523	0.0171	0.0842	0.3551	0.201	0.0795
S10845	0.0592	0.3038	0.0077	0.0869	0.3791	0.1302	0.0332
S10846	0.157	0.1628	0	0.0553	0.223	0.2515	0.1505
S10853	0.0486	0.242	0	0.0588	0.541	0.068	0.0415
S10854	0.1115	0.2512	0	0.0378	0.2249	0.2906	0.084
S10865	0.063	0.1965	0.0824	0.1298	0.317	0.1807	0.0304
S10866	0.0525	0.271	0	0.0646	0.3819	0.1	0.13
S10869	0.0257	0.3119	0.005	0.0905	0.4774	0.0562	0.0335
S10873	0.062	0.2118	0.0332	0.0937	0.3854	0.1581	0.0558
S10876	0.0779	0.2803	0	0.0469	0.2631	0.1966	0.1352
S10883	0.0739	0.2628	0	0.0615	0.441	0.0919	0.0689
S10885	0.0992	0.2729	0	0.0624	0.3757	0.15	0.0398
S10893	0.0462	0.2576	0	0.0482	0.4661	0.1304	0.0515
S10895	0.0589	0.2921	0	0.1258	0.3959	0.0966	0.0307
S10902	0.1047	0.1914	0	0.0621	0.3639	0.1754	0.1024
S10903	0.0465	0.2413	0	0.0986	0.4288	0.0823	0.1026
S1092	0.0602	0.2577	0	0.0556	0.4648	0.1436	0.0182
S10925	0.091	0.2898	0	0.0702	0.3485	0.1569	0.0436
S10927	0.0411	0.2221	0.0237	0.0633	0.4129	0.2249	0.012
S10936	0.084	0.2426	0	0.1184	0.2475	0.1945	0.113
S10945	0.0562	0.2579	0	0.0702	0.4563	0.0997	0.0598
S10947	0.0531	0.1928	0.0195	0.0878	0.3892	0.199	0.0585
S10949	0.0754	0.1546	0	0.026	0.3828	0.2182	0.1431
S1095	0.0585	0.1776	0.0898	0.0931	0.3697	0.1843	0.027
S10961	0.0526	0.2353	0	0.0896	0.4464	0.1061	0.07
S10969	0.0712	0.2302	0.0088	0.0787	0.3133	0.1901	0.1078
S10972	0.1219	0.2494	0	0.1464	0.3366	0.102	0.0438
S10973	0.0867	0.1636	0.031	0.0624	0.4858	0.1267	0.0438
S10978	0.0419	0.1955	0	0.0995	0.4301	0.1354	0.0977
S10979	0.0851	0.2017	0.0088	0.0684	0.3328	0.2348	0.0684
S10986	0.0369	0.2056	0.047	0.0875	0.4286	0.1825	0.0119
S10989	0.0553	0.1932	0	0.0419	0.399	0.2201	0.0904
S10995	0.0572	0.269	0	0.0587	0.3674	0.1642	0.0836
S11005	0.0997	0.2385	0	0.0765	0.3305	0.1631	0.0916
S11008	0.1067	0.1693	0.0219	0.0721	0.4232	0.1725	0.0344
S11010	0.0712	0.2359	0	0.0787	0.3364	0.186	0.0918
S11013	0.0514	0.2255	0.0253	0.0975	0.3222	0.1986	0.0795
S11016	0.0755	0.2525	0	0.0561	0.3309	0.1423	0.1427
S11017	0.0649	0.365	0.0307	0.0741	0.3306	0.1069	0.0277
S11020	0.0518	0.2535	0.0022	0.1124	0.3859	0.1494	0.0449
S11027	0.0546	0.2719	0	0.075	0.4367	0.0968	0.0649
S11035	0.084	0.1838	0	0.0486	0.4845	0.1076	0.0914
S11041	0.0462	0.2018	0	0.0894	0.3946	0.2322	0.0359
S1106	0.0699	0.1944	0.0114	0.07	0.3698	0.165	0.1194
S11071	0.1062	0.2298	0	0.0897	0.1655	0.1936	0.2152
S11076	0.0475	0.1793	0.0196	0.0839	0.3699	0.2053	0.0945
S11078	0.072	0.2039	0.0029	0.0642	0.4478	0.143	0.0663
S11081	0.0709	0.2035	0.0626	0.0939	0.3181	0.1686	0.0824
S11086	0.0552	0.1444	0.029	0.0867	0.4483	0.1733	0.0632
S1109	0.0498	0.2929	0.024	0.0745	0.3913	0.063	0.1044
S11096	0.033	0.2716	0	0.0622	0.4744	0.1053	0.0534
S11100	0.0925	0.1408	0.052	0.0602	0.3517	0.3002	0.0025
S11107	0.0758	0.1462	0.0367	0.0502	0.4744	0.1864	0.0304
S11109	0.0587	0.1975	0.0357	0.0662	0.4868	0.1161	0.039
S1111	0.0828	0.215	0	0.0454	0.2293	0.2303	0.1972
S11119	0.0695	0.1754	0.0092	0.0632	0.4074	0.1941	0.0811
S11127	0.0653	0.2514	0	0.0944	0.3008	0.0595	0.2286
S11136	0.0652	0.1688	0.0457	0.0727	0.3238	0.2846	0.0391
S11147	0.0619	0.1783	0	0.0544	0.4833	0.166	0.0562
S11150	0.0539	0.1437	0	0.0503	0.532	0.1808	0.0393
S11152	0.0925	0.2325	0.0447	0.0805	0.3927	0.1065	0.0506
S1116	0.068	0.1765	0	0.054	0.3034	0.214	0.1842
S11163	0.1065	0.1342	0.0126	0.0688	0.3296	0.2694	0.0789
S11164	0.0497	0.278	0	0.0806	0.4732	0.1101	0.0082
S11166	0.1301	0.1424	0.1649	0.1041	0.2887	0.1698	0
S11173	0.1298	0.2067	0	0.0608	0.389	0.1755	0.0381
S11174	0.0768	0.2475	0	0.0746	0.3157	0.2068	0.0785
S11182	0.0991	0.1829	0	0.0605	0.3527	0.2318	0.073
S11188	0.07	0.2794	0	0.0739	0.3982	0.1132	0.0652
S11189	0.0569	0.1876	0.0083	0.0501	0.388	0.2165	0.0926
S1119	0.0922	0.2397	0	0.044	0.1892	0.3027	0.1322
S11195	0.1335	0.1882	0.0081	0.0527	0.2741	0.2676	0.0758
S11197	0.083	0.0827	0.0506	0.0845	0.3282	0.3518	0.0192
S11198	0.0275	0.2009	0.0353	0.0902	0.5731	0.0694	0.0036
S11211	0.0319	0.241	0.067	0.0867	0.3141	0.2044	0.055
S11214	0.0667	0.2806	0	0.0614	0.3311	0.1292	0.131
S11216	0.0403	0.2152	0.0208	0.0786	0.3809	0.2149	0.0494
S11224	0.0835	0.2168	0	0.0839	0.3924	0.1735	0.0499
S11236	0.0625	0.2626	0	0.0624	0.3783	0.1722	0.062
S11241	0.0724	0.2038	0	0.0672	0.4147	0.1451	0.0966
S11243	0.0443	0.1487	0.0532	0.07	0.3761	0.2677	0.04
S11245	0.0813	0.1548	0.0848	0.0781	0.3923	0.1842	0.0244
S11249	0.0944	0.1445	0.112	0.0822	0.3267	0.1925	0.0477
S11274	0.065	0.1332	0.1407	0.1291	0.2921	0.2397	0
S11280	0.0717	0.2246	0.021	0.071	0.2897	0.2352	0.0868
S11281	0.0703	0.298	0	0.0816	0.287	0.2036	0.0595
S11285	0.0642	0.2077	0.0754	0.0787	0.3298	0.2249	0.0193
S11298	0.0911	0.2331	0.0026	0.0793	0.304	0.2308	0.0591
S11311	0.0426	0.2202	0	0.0966	0.3547	0.1807	0.1051
S11312	0.0572	0.1986	0.0075	0.0628	0.4123	0.2178	0.0436
S11316	0.0639	0.2812	0	0.0572	0.3342	0.1805	0.0831
S1133	0.1166	0.1834	5e-04	0.0618	0.3876	0.1765	0.0737
S11330	0.0323	0.1513	0	0.1627	0.4428	0.0846	0.1262
S11332	0.0988	0.1054	0.0304	0.1	0.2502	0.2855	0.1297
S11334	0.0527	0.2722	0	0.071	0.3123	0.1435	0.1482
S11335	0.0585	0.1244	0.0613	0.0639	0.4515	0.1812	0.0591
S11345	0.0903	0.0708	0.1217	0.11	0.3253	0.2592	0.0227
S11349	0.0354	0.2815	0	0.1224	0.3234	0.1394	0.0979
S1135	0.0762	0.2855	0.0572	0.0777	0.3278	0.1311	0.0444
S11352	0.0553	0.2247	0.021	0.0712	0.4843	0.1282	0.0152
S11353	0.044	0.2045	0.0382	0.0683	0.444	0.1781	0.0228
S11368	0.075	0.308	0	0.0859	0.3879	0.0926	0.0506
S11369	0.0549	0.2242	0.0774	0.0982	0.2716	0.1755	0.0982
S11371	0.0679	0.1893	0.0176	0.1621	0.3155	0.1096	0.138
S11377	0.0473	0.3572	0	0.0644	0.4112	0.118	0.002
S11378	0.094	0.2917	0	0.087	0.2967	0.0799	0.1507
S11383	0.0808	0.1919	0	0.0753	0.3067	0.177	0.1682
S11384	0.1197	0.2054	0	0.1106	0.2626	0.156	0.1456
S11392	0.0417	0.1847	0.0399	0.073	0.3253	0.2564	0.0791
S1140	0.0762	0.2152	0.0111	0.1073	0.4256	0.1426	0.022
S11410	0.0556	0.1662	0.0796	0.0588	0.3606	0.2406	0.0386
S11411	0.0938	0.2024	0.0392	0.0959	0.2242	0.1936	0.1509
S11414	0.101	0.1317	0.0438	0.103	0.3901	0.1601	0.0703
S11419	0.0807	0.283	0	0.0509	0.3857	0.1321	0.0676
S11424	0.0491	0.2557	0.0096	0.03	0.2764	0.3282	0.051
S11425	0.0584	0.1668	0.0264	0.0603	0.2987	0.3016	0.0878
S11433	0.0714	0.157	0.0851	0.1068	0.272	0.2429	0.0647
S11434	0.0945	0.1973	0	0.0773	0.3353	0.1436	0.152
S11436	0.0551	0.3076	0.0112	0.0689	0.3476	0.1309	0.0787
S11437	0.1062	0.152	0	0.0527	0.3331	0.2445	0.1116
S11440	0.0654	0.1619	0.0019	0.085	0.5937	0.0922	0
S11449	0.0685	0.153	0	0.0428	0.3531	0.2538	0.1288
S11459	0.1124	0.1753	0.0743	0.0682	0.2567	0.2438	0.0694
S11477	0.0437	0.2382	0	0.0591	0.4439	0.1297	0.0854
S11480	0.0561	0.2403	0	0.0593	0.4435	0.1397	0.0611
S11486	0.0665	0.2143	0	0.0556	0.379	0.1942	0.0903
S11501	0.053	0.2735	0	0.0785	0.4221	0.1412	0.0318
S11504	0.0901	0.183	0.0492	0.1217	0.2454	0.1926	0.118
S11507	0.0864	0.1244	0.0179	0.0662	0.2976	0.3288	0.0786
S11518	0.0384	0.3278	0	0.122	0.1358	0.2116	0.1645
S11525	0.0716	0.1794	0.0287	0.0621	0.2622	0.294	0.1019
S11531	0.0519	0.1868	0.0364	0.1044	0.3747	0.1933	0.0525
S11532	0.1378	0.174	0.0317	0.0972	0.269	0.2228	0.0676
S1154	0.0956	0.2699	0	0.0532	0.338	0.128	0.1153
S11542	0.0605	0.1184	0.0696	0.0905	0.4118	0.1891	0.0602
S11543	0.0762	0.2633	0.0103	0.0852	0.3919	0.1337	0.0396
S11546	0.0687	0.2318	0	0.0567	0.4275	0.192	0.0234
S1155	0.0376	0.198	0.0624	0.0627	0.4012	0.1902	0.0478
S1156	0.1039	0.1525	0	0.122	0.2186	0.1816	0.2214
S11568	0.0551	0.1949	0.0244	0.0773	0.4578	0.1439	0.0466
S11576	0.0895	0.244	0	0.0428	0.248	0.2317	0.1439
S11584	0.0458	0.2469	0.0063	0.0736	0.4803	0.1472	0
S11586	0.0672	0.1874	0.011	0.0485	0.4033	0.2066	0.0759
S11590	0.0399	0.2519	0	0.058	0.3765	0.1769	0.0969
S11592	0.0879	0.1533	0.0468	0.1328	0.3053	0.2547	0.0192
S11593	0.1355	0.2046	0	0.0782	0.3924	0.1496	0.0397
S11599	0.0976	0.1842	0.0494	0.0934	0.384	0.1889	0.0026
S1160	0.1084	0.2032	0.0052	0.0792	0.3038	0.212	0.0882
S11610	0.0502	0.1708	0.0353	0.0747	0.4656	0.1749	0.0285
S11615	0.0581	0.2635	0.0068	0.1081	0.3575	0.1337	0.0724
S11629	0.0553	0.2294	0	0.099	0.3701	0.0672	0.179
S11631	0.1142	0.37	0	0.032	0.2056	0.1862	0.092
S1164	0.0552	0.2556	0.0104	0.0825	0.3996	0.131	0.0656
S11642	0.0331	0.1665	0.124	0.1365	0.3956	0.1324	0.012
S11656	0.0644	0.1828	0.0707	0.114	0.2615	0.2793	0.0274
S11663	0.0597	0.147	0.0313	0.0539	0.3725	0.2492	0.0864
S11667	0.0727	0.2264	0.0147	0.0837	0.3381	0.1819	0.0825
S11668	0.0886	0.1947	5e-04	0.0728	0.387	0.1915	0.065
S1167	0.0603	0.1818	0.0614	0.1418	0.319	0.1671	0.0686
S11673	0.0544	0.1741	0.1034	0.1087	0.2902	0.203	0.066
S11682	0.1068	0.1875	0.0152	0.089	0.4181	0.1319	0.0515
S11693	0.0831	0.2133	0.0178	0.0807	0.3085	0.2514	0.0452
S11696	0.0573	0.2371	0	0.0618	0.3501	0.2765	0.0173
S11699	0.0752	0.2472	0	0.0889	0.3358	0.1904	0.0626
S117	0.0964	0.1689	0.0962	0.1037	0.316	0.2027	0.016
S1170	0.0958	0.1766	0.0116	0.0773	0.3432	0.2164	0.079
S11709	0.0359	0.2136	0.0398	0.1258	0.4012	0.1315	0.0522
S11713	0.1404	0.2378	0.0234	0.0934	0.1011	0.2137	0.1902
S11717	0.0752	0.1841	0.0047	0.0787	0.3271	0.2222	0.1079
S1173	0.0562	0.2013	0.0386	0.1032	0.433	0.1018	0.0658
S11731	0.0437	0.2818	0.031	0.067	0.4734	0.0793	0.0238
S11732	0.0624	0.1961	0	0.0488	0.425	0.1605	0.1072
S11733	0.0419	0.248	0.0128	0.1066	0.2669	0.2149	0.109
S11734	0.0458	0.2465	0.0031	0.1267	0.3884	0.1359	0.0536
S11735	0.0764	0.1925	0.0349	0.112	0.399	0.1089	0.0762
S11737	0.0827	0.1263	0.1153	0.1357	0.3002	0.1781	0.0617
S11745	0.0673	0.2259	0.0389	0.0783	0.3859	0.2036	0
S11760	0.0752	0.1374	0.0852	0.0682	0.4195	0.2138	6e-04
S11761	0.4656	0.097	0.0363	0.0873	0.1354	0.1294	0.0491
S11769	0.053	0.2384	0	0.0882	0.5372	0.069	0.0142
S11783	0.1057	0.2027	0	0.0575	0.3096	0.1755	0.149
S11784	0.0711	0.1674	0.0428	0.0551	0.3757	0.2425	0.0454
S11786	0.0525	0.2091	0	0.0627	0.4478	0.156	0.072
S11797	0.036	0.2179	0.0546	0.1043	0.382	0.148	0.0571
S11799	0.0947	0.2086	0.0364	0.1189	0.3256	0.1143	0.1015
S118	0.055	0.2003	0.0237	0.0984	0.4264	0.1359	0.0603
S11800	0.0732	0.2759	0	0.0641	0.2912	0.1322	0.1634
S11802	0.0618	0.2084	0.0232	0.0783	0.4204	0.1518	0.056
S11806	0.0472	0.1526	0.0397	0.0558	0.5335	0.143	0.028
S11807	0.4118	0.0665	0.0893	0.0476	0.185	0.1335	0.0664
S11810	0.0637	0.1581	0.0309	0.0627	0.3157	0.2953	0.0735
S11811	0.0426	0.2639	0	0.0732	0.4552	0.1024	0.0627
S11812	0.0869	0.117	0.1258	0.1172	0.3492	0.1471	0.0568
S11820	0.053	0.2391	0.0126	0.0806	0.3857	0.1245	0.1045
S11822	0.0458	0.2265	0	0.0563	0.499	0.1189	0.0536
S11823	0.0773	0.2026	0	0.0801	0.4069	0.1664	0.0667
S11826	0.0567	0.1144	0.0471	0.1377	0.4305	0.1129	0.1007
S1183	0.1105	0.1934	0.0106	0.0664	0.307	0.2466	0.0656
S1184	0.0655	0.2793	0.0016	0.0564	0.2997	0.2137	0.0838
S11842	0.0645	0.2365	0	0.0602	0.2834	0.1874	0.1679
S11843	0.0363	0.2078	0.0152	0.1009	0.4256	0.141	0.0733
S11844	0.0641	0.2591	0.0418	0.095	0.2737	0.1949	0.0716
S11850	0.0593	0.1313	0.1294	0.1596	0.2651	0.2086	0.0466
S11853	0.0973	0.1562	0	0.0628	0.4333	0.1861	0.0644
S11857	0.0612	0.151	0.0587	0.1097	0.428	0.189	0.0024
S11858	0.076	0.2257	0	0.0678	0.4461	0.1636	0.0208
S11860	0.074	0.1933	0.018	0.0589	0.3765	0.2021	0.0772
S11864	0.0662	0.2789	0.1249	0.1068	0.257	0.0699	0.096
S11870	0.0585	0.214	0	0.0288	0.3722	0.1805	0.1461
S11875	0.0695	0.1627	0.0036	0.093	0.4005	0.2179	0.0529
S11877	0.0828	0.2418	0.0823	0.1269	0.3204	0.1458	0
S11878	0.0907	0.2543	0	0.0736	0.2865	0.1183	0.1766
S11882	0.0825	0.2489	0.0284	0.108	0.2842	0.1794	0.0685
S11883	0.0453	0.2219	0.065	0.0809	0.4646	0.1076	0.0147
S11884	0.0458	0.2302	0.101	0.1121	0.3762	0.1096	0.0251
S11886	0.0897	0.1589	0.0483	0.0662	0.4626	0.1625	0.0118
S11897	0.1564	0.2141	0	0.0717	0.3923	0.139	0.0266
S1190	0.0781	0.286	0	0.096	0.3076	0.1323	0.0999
S11903	0.0553	0.2158	0	0.098	0.4997	0.0566	0.0746
S11905	0.0492	0.2669	0.0336	0.0694	0.4414	0.0886	0.051
S11907	0.0952	0.1585	0.0464	0.1092	0.3599	0.1682	0.0626
S11914	0.0485	0.2541	0	0.0594	0.4877	0.1205	0.0299
S11917	0.0984	0.1464	0.0167	0.0866	0.3952	0.1878	0.069
S11928	0.0509	0.2425	0.0319	0.0939	0.3168	0.1894	0.0747
S11929	0.0773	0.1917	0.028	0.0601	0.3783	0.1784	0.0862
S1193	0.0945	0.3389	0	0.0897	0.2354	0.1835	0.058
S11930	0.0481	0.2672	4e-04	0.1224	0.2955	0.1974	0.0689
S11934	0.09	0.091	0.0406	0.1111	0.3149	0.2193	0.1331
S11939	0.0521	0.1857	0.0441	0.0411	0.4827	0.1585	0.0358
S11944	0.1002	0.141	0	0.0556	0.3641	0.2166	0.1224
S11945	0.0464	0.1862	0	0.1005	0.3537	0.1597	0.1534
S11957	0.1053	0.1965	0	0.0478	0.4027	0.219	0.0288
S11958	0.0551	0.1099	0.1234	0.087	0.3915	0.1914	0.0417
S1196	0.0462	0.2294	0	0.0607	0.5057	0.1387	0.0193
S11960	0.1056	0.1123	0.0661	0.1071	0.3566	0.1858	0.0665
S11965	0.0731	0.2014	0	0.0676	0.3288	0.1837	0.1454
S11967	0.0347	0.099	0.0681	0.064	0.4764	0.2345	0.0232
S1197	0.106	0.216	0.07	0.0719	0.3773	0.1588	0
S11973	0.1015	0.1213	0	0.0264	0.3092	0.2338	0.2078
S11974	0.0524	0.3779	0	0.0638	0.3493	0.0964	0.0602
S11980	0.0553	0.2619	0	0.0709	0.4384	0.1108	0.0626
S11985	0.0478	0.2749	0	0.0847	0.3724	0.1368	0.0834
S11987	0.0444	0.1653	0.0445	0.072	0.4883	0.1641	0.0213
S11993	0.0445	0.2159	0	0.0704	0.4205	0.1805	0.0683
S12001	0.0438	0.2702	0.0113	0.1278	0.4068	0.1193	0.0209
S12004	0.0467	0.1442	0.1178	0.1071	0.3307	0.2102	0.0434
S12006	0.1322	0.0646	0.0381	0.0544	0.3454	0.2845	0.0807
S12010	0.0552	0.152	0.0891	0.1875	0.2562	0.1988	0.0612
S12011	0.0757	0.2493	0.0405	0.094	0.3525	0.1678	0.0203
S12012	0.0529	0.1986	0.0738	0.0838	0.4299	0.161	0
S12022	0.1002	0.1319	0.0975	0.0547	0.3283	0.2552	0.0322
S12043	0.0909	0.214	0.0306	0.0446	0.3634	0.1649	0.0917
S12052	0.087	0.2031	0	0.0541	0.3232	0.225	0.1076
S12056	0.0925	0.1404	0.0441	0.07	0.4211	0.1611	0.0707
S12057	0.0373	0.2741	0	0.0451	0.4265	0.1797	0.0373
S12058	0.044	0.1368	0.1151	0.0822	0.5026	0.0842	0.0351
S12061	0.0848	0.1955	0	0.0537	0.3739	0.1842	0.1078
S12064	0.0666	0.2586	0	0.0628	0.2547	0.1379	0.2194
S12073	0.0665	0.1532	0.0528	0.0772	0.4708	0.137	0.0425
S12076	0.0739	0.1629	0.0733	0.0852	0.3615	0.1797	0.0635
S12079	0.0702	0.1763	0	0.0725	0.4887	0.079	0.1134
S12089	0.0689	0.2452	0.0675	0.0714	0.3858	0.1442	0.017
S12098	0.0785	0.249	0	0.0656	0.3776	0.1345	0.0948
S1210	0.0966	0.1944	0	0.0902	0.3865	0.1458	0.0865
S12101	0.1074	0.0984	0.1081	0.0978	0.3727	0.1948	0.0209
S12105	0.0663	0.226	0	0.0152	0.2718	0.2973	0.1234
S12106	0.0422	0.1313	0.1283	0.1115	0.3362	0.22	0.0305
S1212	0.0839	0.1724	0.0168	0.039	0.3393	0.2603	0.0882
S12120	0.0662	0.2514	0.0235	0.0721	0.3946	0.1643	0.028
S12129	0.0913	0.1668	0.0511	0.0751	0.3671	0.2079	0.0407
S12137	0.0792	0.2309	0	0.0691	0.4723	0.1417	0.0067
S12140	0.0676	0.2883	0	0.0832	0.3116	0.1	0.1493
S12159	0.0852	0.1859	0	0.086	0.3174	0.1356	0.1898
S12170	0.0583	0.242	0	0.1005	0.4392	0.1015	0.0584
S12178	0.0543	0.1772	0.0281	0.0888	0.2949	0.2551	0.1016
S12179	0.0919	0.1301	0.0134	0.0337	0.354	0.2501	0.1268
S1218	0.068	0.1461	0.0381	0.0461	0.356	0.2956	0.0502
S12182	0.064	0.1691	0.0402	0.0801	0.33	0.3044	0.0122
S12196	0.0853	0.234	0	0.0875	0.3745	0.2099	0.0088
S12198	0.0535	0.212	0	0.0658	0.4189	0.1567	0.0931
S1220	0.0943	0.2741	0	0.0721	0.3306	0.1382	0.0908
S12200	0.0708	0.2256	0	0.0683	0.4182	0.1867	0.0305
S12202	0.0551	0.2464	0.0233	0.0894	0.4135	0.1306	0.0417
S12206	0.0337	0.2872	0	0.116	0.3613	0.1258	0.0759
S12208	0.0636	0.2928	0.0145	0.1035	0.2382	0.1547	0.1327
S12215	0.0741	0.2619	0.0018	0.0931	0.2775	0.2285	0.0631
S12221	0.1178	0.1414	0.0095	0.0796	0.2785	0.266	0.1072
S12228	0.0793	0.1866	0.0573	0.0608	0.3628	0.2532	0
S12231	0.0544	0.1978	0.0072	0.0706	0.4657	0.156	0.0483
S12240	0.0934	0.191	0	0.0589	0.2428	0.234	0.1799
S12241	0.0772	0.2437	0.0909	0.1004	0.2698	0.1804	0.0375
S12244	0.1034	0.2491	0.0388	0.0903	0.3258	0.1495	0.043
S12245	0.0517	0.2119	0.0231	0.0722	0.4011	0.224	0.0159
S12249	0.0888	0.2218	0.0179	0.11	0.3149	0.1727	0.0738
S12251	0.0847	0.2663	0.0753	0.0694	0.3459	0.1444	0.0139
S12261	0.0834	0.1615	0.0775	0.0687	0.3417	0.2357	0.0315
S12264	0.0628	0.2771	0	0.0867	0.2852	0.1176	0.1706
S12265	0.0439	0.3132	0	0.1059	0.3802	0.1208	0.036
S12271	0.0405	0.298	0	0.0476	0.4203	0.1809	0.0126
S12276	0.0863	0.1364	0.051	0.0707	0.2499	0.2668	0.139
S12278	0.055	0.3538	0.0145	0.1007	0.2945	0.1214	0.06
S12279	0.0559	0.2656	0	0.0503	0.3705	0.1604	0.0972
S12282	0.0866	0.2321	0.0345	0.0793	0.3993	0.1122	0.0561
S12285	0.0758	0.1933	0.0413	0.0563	0.3501	0.212	0.0713
S12291	0.0959	0.1614	0.0253	0.0699	0.3914	0.1836	0.0725
S12294	0.0616	0.2538	0	0.0718	0.4189	0.1482	0.0457
S12308	0.0501	0.2448	0.0159	0.0989	0.3862	0.1277	0.0764
S12335	0.0563	0.365	0.021	0.0879	0.2749	0.1776	0.0173
S12344	0.0745	0.2388	0	0.0367	0.2969	0.1618	0.1913
S12347	0.0863	0.2741	0.031	0.0894	0.3684	0.1144	0.0365
S12348	0.106	0.1616	0.0358	0.0867	0.3362	0.185	0.0887
S12354	0.1398	0.1094	0.0242	0.0469	0.2328	0.3431	0.1038
S1236	0.068	0.161	0.0291	0.0993	0.4207	0.1863	0.0356
S12365	0.0779	0.2723	0	0.0834	0.2931	0.2061	0.0671
S12366	0.0645	0.1844	0.0392	0.0544	0.5024	0.147	0.0081
S12374	0.076	0.2224	0	0.0581	0.4269	0.1654	0.0511
S12385	0.0517	0.2132	0.0301	0.0496	0.3682	0.226	0.0612
S1239	0.051	0.331	0.0257	0.0667	0.3553	0.1065	0.0638
S12391	0.0694	0.1731	0	0.0941	0.4111	0.1627	0.0896
S12394	0.0414	0.1405	0.0383	0.0364	0.4999	0.2191	0.0243
S12406	0.0786	0.2321	0	0.0562	0.4344	0.1407	0.058
S1241	0.0591	0.2336	0	0.0667	0.4806	0.1165	0.0436
S12410	0.0793	0.1332	0.1082	0.1327	0.2992	0.2087	0.0387
S12417	0.0609	0.1736	0.0223	0.0664	0.4912	0.1643	0.0214
S12419	0.0514	0.258	0	0.0869	0.4456	0.0654	0.0928
S12428	0.0432	0.2157	0.0491	0.121	0.3587	0.1535	0.0589
S12431	0.0614	0.1987	0	0.0302	0.4166	0.2066	0.0866
S12432	0.0761	0.2168	0.0134	0.1178	0.2775	0.1789	0.1196
S12436	0.0687	0.2114	0.0064	0.0876	0.4158	0.0906	0.1195
S12437	0.0516	0.2566	0.0023	0.0517	0.4205	0.1418	0.0754
S12439	0.0366	0.2297	0.0752	0.0749	0.366	0.1938	0.0238
S12440	0.0612	0.1793	0.0148	0.0568	0.3927	0.2615	0.0337
S12441	0.041	0.3258	0.051	0.1166	0.354	0.0266	0.085
S12447	0.077	0.183	0.0138	0.0382	0.4472	0.213	0.0277
S12450	0.0235	0.2224	0	0.0937	0.5248	0.0863	0.0493
S12452	0.0804	0.2732	0.0066	0.0614	0.261	0.2552	0.0622
S1246	0.0639	0.2851	0	0.1056	0.3167	0.1366	0.092
S12463	0.095	0.2522	0	0.0804	0.3129	0.119	0.1406
S12464	0.1309	0.1236	0.0234	0.0395	0.2133	0.3681	0.1011
S12488	0.1427	0.1745	0.0333	0.0583	0.1693	0.3727	0.0491
S12489	0.0622	0.1621	0.0654	0.0716	0.4466	0.191	0.0011
S12496	0.0836	0.2408	0	0.0415	0.2939	0.2442	0.0961
S12500	0.0456	0.2554	0.0348	0.097	0.3715	0.15	0.0458
S12501	0.0484	0.2302	0.0248	0.1132	0.2998	0.1616	0.1219
S1251	0.0768	0.254	0	0.0831	0.3773	0.1482	0.0605
S12516	0.095	0.2478	0.0155	0.0738	0.255	0.2184	0.0944
S1252	0.0802	0.2563	8e-04	0.0952	0.3682	0.1438	0.0555
S12524	0.0369	0.2378	0	0.0571	0.4362	0.099	0.133
S12527	0.0416	0.2093	0.0388	0.0706	0.4023	0.1825	0.0548
S12535	0.046	0.2348	0.0317	0.0527	0.4878	0.1313	0.0158
S12540	0.0578	0.2398	0.0028	0.0676	0.4216	0.1639	0.0466
S12548	0.0835	0.2687	0.0242	0.1183	0.3063	0.1598	0.0393
S12556	0.0465	0.2641	0	0.0508	0.3969	0.2056	0.036
S12563	0.0333	0.2419	0.0572	0.0687	0.3997	0.1133	0.0859
S12568	0.5865	0.0917	0.0351	0.0463	0.1416	0.0988	0
S12569	0.0704	0.2468	0	0.0491	0.2943	0.2829	0.0564
S12570	0.0482	0.268	0.0131	0.1163	0.3697	0.1333	0.0514
S12577	0.0622	0.2047	0	0.0851	0.4598	0.1148	0.0734
S12582	0.0548	0.4428	0.0031	0.0538	0.3188	0.1184	0.0082
S12583	0.0432	0.24	0.0012	0.1124	0.3751	0.1388	0.0894
S12585	0.115	0.1229	0.0378	0.0424	0.3774	0.2809	0.0235
S12590	0.1452	0.1871	0	0.0796	0.3547	0.1455	0.0878
S12596	0.0504	0.1951	0.0593	0.1027	0.3666	0.1826	0.0432
S12597	0.0696	0.2685	0.0182	0.0686	0.3903	0.129	0.0558
S12604	0.0773	0.1626	0.0071	0.0462	0.3389	0.3308	0.0371
S12605	0.0777	0.1864	0.0253	0.088	0.3662	0.1921	0.0642
S12608	0.0507	0.267	0.058	0.0901	0.3264	0.1582	0.0496
S12617	0.067	0.2165	0	0.1251	0.335	0.1073	0.1491
S12618	0.0799	0.275	0	0.0847	0.2985	0.1078	0.154
S12624	0.0514	0.1818	0.0464	0.0779	0.3665	0.2211	0.0549
S12628	0.1011	0.1801	0.0706	0.1286	0.3255	0.1588	0.0354
S12637	0.0651	0.1906	0.0354	0.1033	0.368	0.1427	0.0948
S12655	0.0318	0.2329	0.0067	0.0372	0.3159	0.2748	0.1008
S12658	0.0637	0.2336	0.0267	0.0686	0.44	0.1355	0.032
S1266	0.09	0.1646	0	0.0722	0.318	0.2102	0.1449
S12665	0.0662	0.1475	0.038	0.1019	0.2473	0.3171	0.0821
S12666	0.0991	0.2316	6e-04	0.1063	0.3562	0.0911	0.1152
S12667	0.0766	0.1841	0.0312	0.1233	0.3266	0.1983	0.0598
S12675	0.0818	0.1136	0.0162	0.0181	0.2663	0.4098	0.0943
S12682	0.0654	0.2607	0.0474	0.0752	0.3272	0.2113	0.0128
S12691	0.0615	0.2597	0	0.057	0.398	0.1697	0.054
S12704	0.0527	0.2167	0.0172	0.0685	0.3784	0.1873	0.0792
S12706	0.096	0.1604	0	0.0834	0.3803	0.1767	0.1032
S12707	0.0661	0.2982	0	0.0931	0.2997	0.0891	0.1538
S12721	0.0748	0.123	0.0302	0.1861	0.3253	0.1492	0.1115
S12722	0.0222	0.2376	0.0137	0.0689	0.4009	0.2214	0.0352
S12731	0.0759	0.2565	0.0072	0.087	0.4823	0.091	0
S12734	0.1461	0.2349	0.0047	0.0604	0.2173	0.2229	0.1138
S12735	0.0652	0.3232	0	0.0746	0.3253	0.1192	0.0926
S12736	0.0798	0.2623	0.0325	0.0684	0.4396	0.1176	0
S12742	0.0287	0.1981	0.0238	0.1244	0.4616	0.1241	0.0393
S12754	0.0909	0.1563	0.0457	0.0758	0.3898	0.1871	0.0543
S12760	0.0585	0.1178	0.0461	0.0891	0.4106	0.2092	0.0688
S12773	0.0536	0.2471	0.0655	0.1401	0.3479	0.1457	0
S12775	0.066	0.1384	0.0371	0.0442	0.3855	0.2395	0.0893
S12776	0.0406	0.2414	0	0.0512	0.6407	0.0261	0
S12779	0.0428	0.2576	0.0182	0.0634	0.2944	0.2027	0.1209
S12781	0.082	0.2457	0.0136	0.1258	0.3358	0.1239	0.073
S12785	0.0418	0.1967	0.0283	0.0786	0.3131	0.2216	0.1201
S12790	0.0457	0.2236	0.0417	0.0678	0.2518	0.283	0.0863
S12794	0.0781	0.1611	0.0048	0.0729	0.4226	0.1933	0.0672
S12796	0.0536	0.2027	0.0124	0.0443	0.4513	0.1845	0.0511
S12798	0.0889	0.1616	0.0222	0.0737	0.172	0.3867	0.0949
S128	0.105	0.1073	0.004	0.1437	0.0978	0.1406	0.4017
S1280	0.0612	0.2035	0.0409	0.0723	0.3733	0.1824	0.0664
S12800	0.0414	0.2236	0.0266	0.0441	0.5441	0.1043	0.016
S12809	0.1224	0.1007	0.0884	0.0872	0.3678	0.1911	0.0423
S12813	0.0432	0.2053	0	0.0671	0.4705	0.121	0.0929
S12814	0.0523	0.1447	0.0024	0.0484	0.597	0.1446	0.0106
S12817	0.0819	0.0915	0.0682	0.0987	0.2792	0.303	0.0775
S12819	0.1277	0.1703	0.0058	0.0786	0.2083	0.3033	0.106
S1282	0.0816	0.2834	0	0.1153	0.3158	0.1442	0.0598
S12821	0.0492	0.2575	0	0.0911	0.2826	0.1941	0.1255
S12823	0.0342	0.1225	0.0434	0.0748	0.515	0.1651	0.0449
S12826	0.0471	0.2193	0.0074	0.0728	0.3834	0.147	0.123
S12827	0.0815	0.2368	0.0524	0.0852	0.3195	0.1682	0.0564
S1283	0.0872	0.193	0.01	0.0989	0.372	0.1655	0.0734
S12830	0.0351	0.2221	0	0.0885	0.5533	0.0528	0.0482
S12836	0.0654	0.301	0.0112	0.06	0.2997	0.1707	0.092
S12839	0.0433	0.2754	0	0.099	0.2492	0.2098	0.1233
S12845	0.0562	0.2313	0	0.08	0.4565	0.1436	0.0324
S12848	0.0845	0.2203	0	0.0762	0.2802	0.1936	0.1451
S12849	0.049	0.2361	0.0313	0.0573	0.2947	0.2983	0.0334
S12854	0.029	0.2867	0.0714	0.0547	0.4712	0.087	0
S12857	0.0979	0.1611	0.0299	0.025	0.245	0.3332	0.108
S12863	0.0719	0.2315	0	0.0914	0.3677	0.1499	0.0876
S12865	0.0707	0.2437	0	0.0633	0.2572	0.2449	0.1203
S12866	0.1177	0.1616	0.0235	0.0829	0.3664	0.2193	0.0286
S12868	0.0803	0.11	0.0469	0.1234	0.352	0.1928	0.0945
S12869	0.0814	0.1108	0.1318	0.0965	0.383	0.1471	0.0494
S12872	0.0576	0.2641	0.0329	0.0362	0.4667	0.1402	0.0022
S12875	0.0916	0.2459	0.0115	0.101	0.2408	0.1962	0.1131
S12884	0.0899	0.1228	0.0988	0.0397	0.3693	0.2724	0.0072
S12886	0.0766	0.2979	0.0706	0.0504	0.2595	0.2376	0.0073
S12888	0.089	0.2693	0	0.081	0.3753	0.1625	0.0229
S12893	0.0686	0.215	0.0013	0.0957	0.383	0.1767	0.0597
S12897	0.0676	0.1108	0.0747	0.0498	0.4329	0.2334	0.0308
S1290	0.0995	0.2855	0.0222	0.0766	0.2686	0.1875	0.0601
S12901	0.0608	0.2281	0.0123	0.0986	0.4391	0.1105	0.0506
S12906	0.0792	0.1811	0.0063	0.0809	0.377	0.1903	0.0852
S1291	0.0931	0.2141	0	0.1015	0.4757	0.0874	0.0282
S12912	0.087	0.1567	0.0261	0.103	0.3916	0.1306	0.105
S12922	0.1283	0.0832	0.0592	0.0188	0.0668	0.5127	0.1309
S12924	0.091	0.1725	0.0085	0.081	0.4344	0.1483	0.0643
S12925	0.0452	0.268	0	0.0757	0.4932	0.0733	0.0446
S12944	0.0815	0.1294	0.016	0.1154	0.3774	0.193	0.0873
S12950	0.0881	0.1852	0	0.038	0.309	0.2317	0.1479
S12952	0.0707	0.2533	0.0146	0.0731	0.3493	0.2177	0.0212
S12953	0.1064	0.106	0.0698	0.1091	0.3279	0.2244	0.0563
S1296	0.0457	0.2658	0	0.06	0.4597	0.1167	0.0522
S12964	0.0747	0.3065	0.0311	0.0687	0.2414	0.1614	0.1163
S12968	0.0688	0.2234	0	0.0484	0.388	0.1868	0.0846
S12969	0.076	0.2187	0	0.0584	0.3658	0.1504	0.1307
S12978	0.0788	0.2571	0	0.039	0.2339	0.2504	0.1408
S12979	0.0418	0.3029	0	0.1044	0.4365	0.0978	0.0166
S12982	0.1376	0.1388	0.057	0.0982	0.3715	0.1525	0.0444
S12984	0.0318	0.2107	0.0403	0.075	0.4643	0.1324	0.0455
S12989	0.0678	0.1738	0.033	0.0379	0.3992	0.2477	0.0406
S12996	0.0733	0.1676	0.0029	0.0544	0.4518	0.199	0.051
S13010	0.0369	0.2955	0	0.0565	0.3689	0.1673	0.0749
S13018	0.0402	0.1722	0.1134	0.096	0.3682	0.1472	0.0629
S13022	0.0958	0.2992	0	0.0693	0.3406	0.1447	0.0504
S13025	0.1142	0.1836	0.011	0.0892	0.3356	0.202	0.0645
S13026	0.1272	0.2143	0	0.0724	0.3111	0.1351	0.14
S13029	0.104	0.2457	0	0.073	0.3501	0.1121	0.1151
S13035	0.0959	0.2094	0	0.0068	0.2958	0.2008	0.1914
S13039	0.1772	0.2069	0.0303	0.0729	0.2744	0.215	0.0232
S13042	0.082	0.1686	0	0.0581	0.4744	0.1755	0.0414
S13051	0.0826	0.1684	0.0026	0.0492	0.3942	0.2214	0.0816
S13053	0.0802	0.1988	0	0.0457	0.3781	0.2007	0.0964
S13057	0.0749	0.2133	0	0.0899	0.3932	0.1326	0.0961
S1306	0.1085	0.224	0.0277	0.0621	0.2924	0.2154	0.07
S13060	0.0663	0.228	0	0.0798	0.4745	0.1347	0.0166
S13062	0.0992	0.1208	0.1196	0.0562	0.3961	0.1938	0.0143
S13070	0.0768	0.182	0.0247	0.0902	0.3197	0.2197	0.087
S13073	0.1023	0.2417	0	0.0722	0.3226	0.2003	0.0608
S1308	0.0482	0.203	0.0516	0.1358	0.401	0.0769	0.0834
S13082	0.0698	0.3584	0	0.0596	0.2649	0.1663	0.0811
S13084	0.0281	0.2468	0	0.1383	0.3401	0.0981	0.1485
S13094	0.0618	0.1609	0	0.0757	0.4255	0.1206	0.1555
S13109	0.1195	0.2086	0	0.0609	0.2981	0.1548	0.1581
S13114	0.0866	0.2314	0	0.0826	0.3726	0.1188	0.1079
S13131	0.0474	0.1472	0.0989	0.0702	0.4853	0.151	0
S13132	0.1047	0.1737	0.0731	0.0976	0.3073	0.2068	0.0369
S13134	0.0733	0.2454	0	0.0382	0.3357	0.2259	0.0815
S13154	0.0629	0.3064	0.0142	0.0299	0.3281	0.2168	0.0417
S13161	0.0788	0.215	0	0.0796	0.4502	0.1125	0.0638
S13169	0.0682	0.259	0.0153	0.0335	0.4048	0.2087	0.0105
S1317	0.0987	0.2109	0.0565	0.0941	0.2722	0.1754	0.0921
S13170	0.0453	0.2674	0	0.0782	0.4654	0.0749	0.0687
S13173	0.0596	0.2182	0	0.0521	0.3889	0.2087	0.0725
S13178	0.1383	0.2038	0.0135	0.0613	0.3407	0.1602	0.082
S13192	0.0705	0.1744	0.0103	0.104	0.4551	0.1417	0.044
S13194	0.0556	0.2395	0.04	0.0495	0.3872	0.196	0.0322
S13195	0.0545	0.1334	0.046	0.1802	0.2275	0.2123	0.1462
S132	0.0884	0.2702	0.0024	0.0491	0.3691	0.1761	0.0446
S13203	0.0984	0.1211	0.0712	0.0848	0.3181	0.2427	0.0637
S13216	0.0775	0.1961	0.0197	0.0314	0.3436	0.298	0.0336
S13217	0.0771	0.1947	0.0064	0.1031	0.368	0.1398	0.111
S13219	0.0796	0.299	0	0.077	0.4092	0.1352	0
S1322	0.0543	0.2984	0.0278	0.0451	0.378	0.1804	0.016
S13227	0.1021	0.1454	0.0344	0.0825	0.3428	0.2418	0.0508
S13231	0.0659	0.2713	0	0.0908	0.2249	0.2771	0.07
S13234	0.0631	0.1923	0.0331	0.0763	0.5009	0.1182	0.0162
S13243	0.0434	0.2532	0.0199	0.0491	0.2949	0.2893	0.0502
S13248	0.0889	0.1952	0	0.0897	0.4153	0.1247	0.0861
S13253	0.0487	0.2109	0	0.0558	0.4509	0.1636	0.0701
S13272	0.0533	0.1577	0.0468	0.077	0.4741	0.1402	0.0509
S13275	0.0494	0.2362	0	0.0602	0.3955	0.1588	0.0999
S13278	0.0584	0.1788	0.0156	0.0462	0.4954	0.2058	0
S13283	0.0824	0.1838	0.0127	0.0725	0.3151	0.2198	0.1138
S13289	0.0866	0.1838	0	0.016	0.3258	0.2276	0.1601
S1329	0.1285	0.1412	0.0013	0.0493	0.3459	0.2323	0.1014
S13291	0.0567	0.1213	0.083	0.0924	0.3553	0.2434	0.048
S13293	0.1067	0.1386	0.0258	0.0417	0.2188	0.3652	0.1032
S13296	0.07	0.2696	6e-04	0.0798	0.2471	0.1425	0.1904
S13299	0.0488	0.2164	0.0097	0.0585	0.4806	0.1586	0.0274
S1330	0.0861	0.1363	0.0558	0.0532	0.4723	0.1963	0
S13300	0.0555	0.1203	0.0309	0.0839	0.3648	0.2538	0.0907
S13305	0.0744	0.3814	0	0.038	0.2893	0.1426	0.0743
S1331	0.0669	0.1788	0.0037	0.0751	0.4187	0.2048	0.052
S13310	0.0445	0.1998	0.06	0.0747	0.3928	0.1652	0.063
S13311	0.0536	0.3041	0.0355	0.102	0.2727	0.1467	0.0853
S13324	0.0635	0.2216	0.0167	0.087	0.3784	0.1588	0.0741
S13326	0.093	0.2504	0	0.0818	0.2931	0.1026	0.1791
S13329	0.0357	0.2493	0.0025	0.0733	0.4704	0.1159	0.053
S13331	0.0512	0.1627	0	0.0464	0.4313	0.2586	0.0498
S13336	0.0795	0.2602	0.0698	0.0803	0.2742	0.2021	0.0339
S13339	0.1266	0.2109	0.0355	0.0486	0.3023	0.2211	0.055
S13341	0.0551	0.1572	0.0797	0.0848	0.4646	0.1586	0
S13345	0.0735	0.2073	0.0315	0.0919	0.3303	0.2287	0.0368
S13346	0.0532	0.1829	0.0452	0.0608	0.3681	0.2613	0.0285
S13349	0.1067	0.2145	0.017	0.0957	0.2852	0.1854	0.0955
S1335	0.061	0.2563	0	0.0775	0.4034	0.17	0.0316
S13352	0.0482	0.2145	0	0.0925	0.4472	0.1319	0.0656
S13354	0.0672	0.1931	0.0972	0.0809	0.3532	0.1872	0.0212
S13357	0.0646	0.1744	0.0996	0.0827	0.333	0.2017	0.044
S13367	0.0594	0.1486	0.0469	0.0392	0.388	0.2964	0.0214
S13369	0.0746	0.2415	0	0.0683	0.4434	0.1612	0.0108
S13370	0.0735	0.1476	0.0182	0.0596	0.4414	0.1978	0.0619
S13374	0.0624	0.1591	0.032	0.1033	0.2696	0.2319	0.1418
S13378	0.0796	0.2244	0	0.1155	0.3262	0.1607	0.0936
S13382	0.087	0.1278	0.0958	0.0845	0.3835	0.1928	0.0286
S13389	0.066	0.219	0.0655	0.078	0.3765	0.1461	0.0488
S13391	0.0416	0.2041	0.0023	0.0706	0.4158	0.1748	0.0908
S13396	0.0843	0.1924	0.0358	0.0807	0.4555	0.1513	0
S13398	0.0643	0.2152	0.0078	0.0879	0.3619	0.1716	0.0914
S13403	0.0856	0.288	0.0394	0.0586	0.2734	0.188	0.067
S13405	0.0426	0.1746	0.0206	0.0989	0.4722	0.1243	0.067
S13407	0.0576	0.228	0.0163	0.0769	0.2801	0.2422	0.0988
S1341	0.0484	0.1465	0.0512	0.0734	0.4724	0.175	0.0331
S13415	0.1108	0.1573	0.0449	0.0896	0.3483	0.2234	0.0257
S13416	0.0618	0.1824	0	0.0332	0.3409	0.2844	0.0973
S13420	0.0696	0.2469	0	0.0671	0.2478	0.2003	0.1683
S13425	0.0633	0.2441	0.0142	0.0695	0.3586	0.1913	0.0591
S13433	0.125	0.2031	0	0.0876	0.3163	0.1808	0.0873
S13442	0.0775	0.2463	0.0055	0.0814	0.3622	0.1915	0.0355
S13444	0.0496	0.1772	0.0687	0.0472	0.5013	0.1365	0.0195
S13445	0.0841	0.2901	0	0.0732	0.3017	0.1439	0.107
S13454	0.0287	0.3079	0	0.1211	0.4471	0.012	0.0831
S13457	0.0486	0.2595	0	0.0528	0.5245	0.0954	0.0192
S13461	0.0934	0.1895	0.0088	0.0509	0.3159	0.2446	0.0969
S13471	0.0698	0.2662	0	0.1079	0.4224	0.103	0.0308
S13472	0.0984	0.3151	0	0.0922	0.2916	0.1748	0.0278
