	Neutrophils	Lymphocyte	Monocytes	Other
S10001	0.499974024771	0.189217244714	0.0	0.310808730515
S10006	0.45883971587	0.202852846897	0.0	0.338307437233
S1001	0.438743542882	0.253774301401	0.0134203373135	0.294061818404
S10010	0.540899672733	0.225108342619	0.0212840821589	0.212707902489
S10011	0.446800386792	0.196355213098	0.0319018376762	0.324942562434
S10014	0.488695155237	0.240808794657	0.0	0.270496050106
S10026	0.473086372055	0.302333964084	0.0	0.224579663862
S10032	0.421657459592	0.267490455857	0.0937183241167	0.217133760434
S10036	0.502015295903	0.224308810937	0.0	0.27367589316
S10042	0.473425905492	0.263414939837	0.0134045817688	0.249754572903
S10044	0.46908421947	0.272720730859	0.0	0.25819504967
S10049	0.445397545206	0.289991872746	0.0	0.264610582049
S10057	0.412996794107	0.258411150832	0.0	0.328592055061
S10062	0.436526965598	0.286726738893	0.0597919991935	0.216954296316
S10066	0.570588243143	0.144458498167	0.0128030392513	0.272150219439
S10067	0.411559444616	0.358824424928	0.0	0.229616130456
S1007	0.457128366144	0.251893554218	0.00233124093792	0.288646838699
S10073	0.424838450976	0.353195008882	0.0	0.221966540141
S10077	0.449583837948	0.254045738318	0.0507865103151	0.245583913418
S10080	0.456525612152	0.240203341491	0.0541476383977	0.249123407959
S10082	0.450606322544	0.364784472698	0.000964387431188	0.183644817327
S10087	0.43294323999	0.329674538891	0.00288266260885	0.23449955851
S10089	0.516989190689	0.226572554173	0.0	0.256438255139
S1009	0.368322449507	0.387497546555	0.00878767098712	0.235392332951
S10090	0.509903075139	0.219458861369	0.0	0.270638063492
S10093	0.47217029909	0.156459763838	0.00419032162492	0.367179615447
S10094	0.471250901333	0.255098180717	0.0283431479012	0.245307770049
S1010	0.430730728708	0.244419851334	0.0657351969464	0.259114223011
S10111	0.408363777929	0.326593702542	0.0	0.265042519529
S10116	0.329564735951	0.360110856427	0.0301253707815	0.280199036841
S10119	0.42388759838	0.356525385273	0.0	0.219587016347
S10121	0.485316481918	0.318069150607	0.0	0.196614367475
S10130	0.520746614512	0.232667389407	0.0	0.246585996081
S10140	0.519158867742	0.191168970889	0.0	0.289672161369
S10142	0.399214454083	0.337340934131	0.0	0.263444611786
S10150	0.587688827325	0.129645439798	0.0107278140615	0.271937918816
S10155	0.448524128216	0.324512992136	0.00564174753541	0.221321132112
S1016	0.50446142712	0.251212379543	0.0	0.244326193337
S10163	0.449386417503	0.185291158439	0.0276456333119	0.337676790746
S10167	0.447460196432	0.248389945057	0.0	0.304149858511
S10168	0.41839960179	0.378514210811	0.0	0.203086187399
S10173	0.405945600255	0.417077385886	0.0	0.176977013859
S10175	0.490080155319	0.247531383955	0.0	0.262388460726
S10179	0.363564136423	0.293922830994	0.0	0.342513032583
S10186	0.31704002484	0.41185390944	0.0209212040527	0.250184861668
S1019	0.435726785665	0.322774075964	0.00788013611735	0.233619002254
S10190	0.414616510279	0.333043707351	0.0	0.252339782371
S10195	0.509020890568	0.189843622059	0.0	0.301135487373
S10196	0.45935602595	0.251006312921	0.0	0.28963766113
S10200	0.496047677889	0.243511995967	0.0142670480979	0.246173278047
S10201	0.635956079051	0.107780078818	0.0	0.256263842131
S10202	0.475593547885	0.287097519047	0.0257050818777	0.21160385119
S10205	0.45713832749	0.259165701474	0.0	0.283695971036
S10211	0.452942022182	0.195777475049	0.0	0.35128050277
S10221	0.435816694169	0.28661561929	0.0	0.277567686541
S10222	0.524729416806	0.217277581841	0.0	0.257993001353
S10226	0.49029539837	0.259526949103	0.0	0.250177652527
S10227	0.496005099122	0.210110009295	0.00218976431852	0.291695127264
S10228	0.479638252309	0.276126743415	0.0	0.244235004276
S10232	0.361167005599	0.377317254836	0.0	0.261515739565
S10248	0.456474528621	0.275408612229	0.0	0.268116859149
S10249	0.508137963523	0.0965412681379	0.119492096217	0.275828672122
S1025	0.425342248381	0.332749479013	0.00309715756786	0.238811115038
S10266	0.511123277985	0.170308634511	0.0312444206007	0.287323666904
S10269	0.516620261111	0.266332001921	0.0	0.217047736968
S10272	0.52926229739	0.217402998785	0.0	0.253334703825
S10273	0.49455965468	0.277793661322	0.0	0.227646683997
S10274	0.473544464858	0.247281612375	0.0	0.279173922768
S1028	0.473309181104	0.258494077705	0.0	0.268196741192
S10280	0.428948252241	0.30528089969	0.0472289799236	0.218541868145
S10283	0.361113801239	0.379059769046	0.0348370956391	0.224989334076
S1029	0.440109035547	0.292010442571	0.0	0.267880521882
S10292	0.408902010976	0.341133531151	0.0	0.249964457872
S10294	0.40003089463	0.318908577933	0.0	0.281060527438
S10302	0.45124538502	0.275803482978	0.0	0.272951132002
S10303	0.469363952134	0.307367658956	0.0132745117383	0.209993877172
S10323	0.470670260771	0.247135550232	0.00549511543806	0.276699073559
S10326	0.491695390835	0.240419539671	0.0	0.267885069494
S10328	0.446626521764	0.344983135834	0.0	0.208390342402
S10329	0.440837198663	0.316423459138	0.0	0.242739342199
S10336	0.477111843092	0.272733565361	0.0161301207484	0.234024470798
S10340	0.4915047164	0.303956802908	0.0	0.204538480691
S10347	0.456763692396	0.193486420182	0.0	0.349749887422
S10353	0.474436173932	0.281294890094	0.00568350463754	0.238585431336
S10356	0.440075948674	0.271547251317	0.0166018721032	0.271774927906
S10358	0.488042873515	0.211143486827	0.0186683712956	0.282145268363
S10365	0.529061116542	0.245058642846	0.0	0.225880240612
S1037	0.36354874671	0.417097348335	0.0	0.219353904954
S10373	0.425258421186	0.30316428993	0.0	0.271577288883
S10374	0.461309470174	0.182300855752	0.0	0.356389674074
S10375	0.460929905358	0.262049596327	0.0372182550875	0.239802243228
S10377	0.398984530689	0.22609781255	0.00107057139781	0.373847085364
S10378	0.438883015961	0.347947214362	0.0	0.213169769677
S10390	0.467154498957	0.063351115585	0.0	0.469494385458
S10391	0.424387661364	0.163162631788	0.0057883357082	0.40666137114
S10393	0.446532015825	0.248866005968	0.0	0.304601978208
S10400	0.459907436213	0.235230110176	0.0594559741027	0.245406479508
S10401	0.438904906519	0.253560156941	0.0341734379212	0.273361498619
S10406	0.546498702807	0.149218181221	0.0	0.304283115972
S10408	0.463195350445	0.236376922068	0.0442490739104	0.256178653576
S10409	0.399625705747	0.296874276241	0.0105004050699	0.292999612941
S10418	0.569731596366	0.091644150258	0.0	0.338624253376
S10431	0.476558089606	0.251759948431	0.00713324124278	0.26454872072
S10438	0.447198580336	0.284043470996	0.00195880896047	0.266799139707
S10439	0.431507271418	0.249991756597	0.0692343068959	0.249266665089
S10441	0.504004778341	0.186986604647	0.0756720896415	0.23333652737
S10442	0.452884715147	0.262530889913	0.0360269281762	0.248557466764
S1046	0.543073597111	0.23092736387	0.0	0.225999039018
S10478	0.56191671708	0.113759746831	0.0711666831807	0.253156852909
S10480	0.37980971294	0.38836272273	0.0	0.23182756433
S10484	0.461330890516	0.212072438524	0.0619489540662	0.264647716894
S10492	0.341232012056	0.273971932601	0.0596033332403	0.325192722102
S10496	0.41533819546	0.352498893906	0.0	0.232162910634
S10510	0.480869846899	0.244230609862	0.0	0.274899543239
S10513	0.472471061657	0.256886809586	0.0545411383046	0.216100990453
S10516	0.469416622515	0.264923556755	0.0374037625268	0.228256058204
S10534	0.45081298209	0.320965726701	0.0	0.22822129121
S10535	0.41605432394	0.349792650886	0.0	0.234153025173
S10537	0.428427106517	0.293910927702	0.0816315417028	0.196030424079
S1054	0.418831391793	0.268620622235	0.0186325583384	0.293915427633
S10543	0.464743155181	0.298146576065	0.0	0.237110268754
S10546	0.451491719406	0.234126344922	0.0	0.314381935673
S1055	0.555958694975	0.131742580018	0.0187788360194	0.293519888988
S10551	0.451868118143	0.253361627879	0.0422830779283	0.25248717605
S10552	0.536192185799	0.131893104768	0.0	0.331914709434
S10555	0.399431959044	0.37229882596	0.0	0.228269214996
S10559	0.471029826836	0.253817707559	0.0466898520725	0.228462613533
S1056	0.448246492128	0.336865589207	0.0	0.214887918665
S10563	0.481338821552	0.237930995091	0.0221543910828	0.258575792274
S10574	0.424003078977	0.345985474752	0.000119106810661	0.229892339461
S10576	0.576440915504	0.199541214003	0.0	0.224017870493
S10578	0.517213959467	0.145597607567	0.00627029835792	0.330918134608
S10579	0.510475926514	0.234005044398	0.0	0.255519029087
S10582	0.499791778505	0.281999107592	0.0	0.218209113903
S1059	0.462425410496	0.286457865692	0.0	0.251116723812
S10599	0.495179885023	0.219219709536	0.027869810178	0.257730595264
S10611	0.491928539959	0.223135675137	0.0	0.284935784904
S10614	0.528453208013	0.241785407679	0.0318023257557	0.197959058552
S10624	0.453297405234	0.26816543578	0.0216993901376	0.256837768849
S10632	0.503763747784	0.219600561472	0.0	0.276635690744
S10634	0.47020846172	0.324777066797	0.0	0.205014471483
S10638	0.458940121154	0.234176866184	0.0711733996097	0.235709613052
S10644	0.41148317571	0.356159121897	0.019793584389	0.212564118003
S10649	0.570924416013	0.173068173962	0.0	0.256007410025
S10652	0.531176552195	0.226414009281	0.0	0.242409438524
S10654	0.454050417568	0.322887262276	0.0	0.223062320156
S10655	0.488449935354	0.290929435807	0.0	0.220620628839
S10656	0.434948586479	0.318238681609	0.0	0.246812731912
S10657	0.466089476358	0.201746304911	0.0185777470272	0.313586471704
S10658	0.465372345339	0.31605467903	0.0	0.218572975631
S10660	0.344674663949	0.352755148631	0.022855853264	0.279714334157
S10661	0.421708218558	0.349554807682	0.0	0.228736973761
S10676	0.494687008994	0.203419598365	0.0152634397486	0.286629952892
S1068	0.4215309496	0.354757369546	0.0263274497028	0.19738423115
S10681	0.50173487965	0.22385525419	0.0	0.27440986616
S10686	0.486716599684	0.197770654105	0.0	0.31551274621
S10688	0.431451150151	0.30843361523	0.00750558079684	0.252609653822
S10690	0.446527816578	0.243203816336	0.0402301350363	0.27003823205
S10698	0.426070531297	0.372183142534	0.00675452515527	0.194991801014
S107	0.440321836878	0.33679045201	0.0	0.222887711112
S10703	0.413764647897	0.345898411691	0.0	0.240336940412
S10726	0.447557355671	0.31100163185	0.0	0.241441012479
S10729	0.444567146354	0.205255331215	0.0471009480707	0.30307657436
S10733	0.469388243232	0.281637150193	0.0	0.248974606575
S10734	0.375852466807	0.286274297694	0.0638205054447	0.274052730054
S10735	0.451607590125	0.293365762395	0.0	0.255026647481
S10740	0.449974337776	0.167746134228	0.12855698621	0.253722541786
S10745	0.539666260821	0.189510603811	0.0295264370291	0.241296698338
S10748	0.435852314528	0.277985270527	0.023737439424	0.262424975521
S10753	0.429780399279	0.250397067192	0.0787203889002	0.241102144629
S10756	0.460088197088	0.291531447837	0.0	0.248380355075
S10757	0.368252336294	0.431205892763	0.0	0.200541770942
S1076	0.44771264512	0.299512783349	0.0382533294525	0.214521242078
S10764	0.469757568404	0.208156645652	0.00486635646691	0.317219429477
S10767	0.385826246357	0.343255215282	0.0	0.270918538361
S10776	0.517465509874	0.282453898528	0.012162982745	0.187917608853
S10778	0.512462291146	0.2640481569	0.0	0.223489551954
S10784	0.552695016065	0.23420433122	0.0115922612028	0.201508391512
S10787	0.444302594446	0.326124953543	0.0	0.229572452011
S10800	0.448699187651	0.361315632137	0.0	0.189985180212
S10805	0.482521578791	0.175072016178	0.00439112106135	0.338015283969
S10813	0.483510297365	0.278366893269	0.00326758946615	0.2348552199
S10814	0.502626995546	0.211759680355	0.0	0.285613324099
S10815	0.501881237157	0.245870013879	0.0	0.252248748964
S10817	0.435482874361	0.272879736256	0.0	0.291637389384
S1083	0.445736102812	0.322979387854	0.0	0.231284509334
S10835	0.432963565981	0.173053508064	0.106580080143	0.287402845812
S10838	0.480507210324	0.230904094284	0.0	0.288588695392
S10844	0.453647649029	0.295736800829	0.0	0.250615550142
S10845	0.509540338891	0.202022833894	0.00286345295008	0.285573374265
S10846	0.379086670884	0.402665181312	0.0	0.218248147803
S10853	0.539026449888	0.140431126651	0.0	0.320542423462
S10854	0.408846761142	0.384816899728	0.00596357275371	0.200372766376
S10865	0.446766326815	0.269111056973	0.0450216945737	0.239100921639
S10866	0.465830448915	0.248463555085	0.00115501074363	0.284550985256
S10869	0.524055072621	0.15167590518	0.065856328036	0.258412694163
S10873	0.476264420457	0.230184449833	0.0	0.293551129711
S10876	0.412960230978	0.332513809454	0.0303087229523	0.224217236615
S10883	0.496482808067	0.225562188945	0.0207698572084	0.25718514578
S10885	0.451369378008	0.218408802652	0.0392965926675	0.290925226673
S10893	0.533461887892	0.219476376338	0.0	0.24706173577
S10895	0.49425134423	0.231342208535	0.0245428700974	0.249863577137
S10902	0.442263709344	0.274189321909	0.0	0.283546968748
S10903	0.471231370515	0.195217634635	0.00587972981531	0.327671265035
S1092	0.551414047489	0.221196253289	0.0	0.227389699222
S10925	0.458899058135	0.276695820059	0.0190668979779	0.245338223828
S10927	0.478054696376	0.250139482331	0.0418522729575	0.229953548336
S10936	0.402697846208	0.317645879187	0.00702612563683	0.272630148968
S10945	0.489346919237	0.257600632435	0.0542813929442	0.198771055384
S10947	0.474486035769	0.211989868086	0.0	0.313524096145
S10949	0.430265155174	0.256034647093	0.0	0.313700197733
S1095	0.49150607446	0.188339495228	0.0	0.320154430312
S10961	0.500561580437	0.178234437096	0.0	0.321203982468
S10969	0.437970310406	0.331306295514	0.0	0.230723394079
S10972	0.457748687518	0.298136434779	0.0	0.244114877703
S10973	0.549320781924	0.180559904222	0.00404820782416	0.26607110603
S10978	0.512062984969	0.237497856838	0.0	0.250439158193
S10979	0.446494170818	0.287822734804	0.0	0.265683094378
S10986	0.489081620066	0.217672225769	0.0249619929021	0.268284161262
S10989	0.487786283489	0.317608587854	0.0	0.194605128657
S10995	0.46904913395	0.259614364628	0.0	0.271336501422
S11005	0.423155005409	0.267161109634	0.00660205040519	0.303081834552
S11008	0.490308026085	0.237268240891	0.0	0.272423733024
S11010	0.447588542923	0.296782041329	0.0	0.255629415749
S11013	0.447228902394	0.320152331676	0.0136723304371	0.218946435493
S11016	0.42631077434	0.254433662499	0.0371720326819	0.282083530478
S11017	0.428719652682	0.228450782914	0.107589606194	0.235239958211
S11020	0.470013376833	0.254957088723	0.0679388345972	0.207090699847
S11027	0.50973587698	0.199625169684	0.0191240618005	0.271514891535
S11035	0.518477942581	0.200716660861	0.0	0.280805396558
S11041	0.494205905962	0.295575541844	0.0	0.210218552194
S1106	0.487518142432	0.285408250181	0.0	0.227073607388
S11071	0.332242780566	0.424280545146	0.0120733535767	0.231403320711
S11076	0.468919211224	0.278616499831	0.0	0.252464288945
S11078	0.521171268482	0.264432100065	0.0	0.214396631454
S11081	0.429872504986	0.299301750551	0.0243093315225	0.24651641294
S11086	0.510322010693	0.246253233217	0.0	0.24342475609
S1109	0.438337932074	0.21432520219	0.0988721464442	0.248464719292
S11096	0.519414950303	0.170308916564	0.0380338717157	0.272242261417
S11100	0.474137593657	0.288092402909	0.0	0.237770003433
S11107	0.514251426747	0.247844910389	0.0	0.237903662865
S11109	0.542879562827	0.17530139934	0.0	0.281819037833
S1111	0.363043245593	0.279164670042	0.0	0.357792084365
S11119	0.4922897341	0.220992640594	0.0	0.286717625306
S11127	0.408468367154	0.271072711965	0.0	0.32045892088
S11136	0.445219859467	0.276805055963	0.0	0.27797508457
S11147	0.520180486334	0.192190936714	0.0	0.287628576952
S11150	0.55846734495	0.196842915729	0.0	0.244689739321
S11152	0.506165378805	0.193778252876	0.0	0.300056368319
S1116	0.373995963123	0.338271506412	0.0	0.287732530465
S11163	0.435389525496	0.297328079593	0.0	0.267282394911
S11164	0.534921760244	0.185107188367	0.0239856157982	0.255985435591
S11166	0.445678802407	0.192685582616	0.000245893404798	0.361389721573
S11173	0.477505319816	0.272596633666	0.0	0.249898046518
S11174	0.456001711878	0.282708886053	0.0	0.261289402068
S11182	0.44284617076	0.351422959901	0.0	0.205730869339
S11188	0.513130479746	0.262654178661	0.000726509740903	0.223488831853
S11189	0.479079118208	0.311618134035	0.0	0.209302747757
S1119	0.384255953292	0.402089338783	0.0133728219596	0.200281885966
S11195	0.387115711306	0.336262054388	0.0454988761414	0.231123358165
S11197	0.450055380415	0.28645710893	0.0	0.263487510655
S11198	0.588176532666	0.126451407565	0.0411830174824	0.244189042287
S11211	0.414352842491	0.265275646699	0.0707222726871	0.249649238123
S11214	0.432464310611	0.244173821058	0.0	0.323361868331
S11216	0.467671211352	0.281757815437	0.0350138432279	0.215557129983
S11224	0.49372753806	0.271748713267	0.0	0.234523748673
S11236	0.470839550051	0.29684580911	0.0193832577301	0.212931383109
S11241	0.481363092749	0.222868122056	0.0	0.295768785195
S11243	0.476093948332	0.260643768862	0.0	0.263262282807
S11245	0.493650900556	0.220029072132	0.0	0.286320027312
S11249	0.476049235992	0.310609503717	0.00149776122232	0.211843499068
S11274	0.44684186648	0.0887900507822	0.0	0.464368082738
S11280	0.399144149297	0.302806657578	0.0336083239217	0.264440869203
S11281	0.424754924462	0.265016148396	0.0301597713737	0.280069155768
S11285	0.449584654982	0.223269216737	0.0130997650673	0.314046363213
S11298	0.396393036422	0.300109234447	0.0242983173895	0.279199411741
S11311	0.461740002514	0.260441654612	0.0	0.277818342874
S11312	0.461981525234	0.268677524518	0.0281843522537	0.241156597994
S11316	0.450822445117	0.31069366026	0.0139102769977	0.224573617625
S1133	0.495003813428	0.223713198049	0.0	0.281282988524
S11330	0.498037562058	0.267968190656	0.0	0.233994247286
S11332	0.390056231564	0.410576333728	0.0	0.199367434709
S11334	0.429806971186	0.283943788237	0.0606569193992	0.225592321177
S11335	0.527038728692	0.231479855622	0.0	0.241481415686
S11345	0.432664342134	0.163883700147	0.0	0.403451957719
S11349	0.398253652321	0.303105128649	0.0675483462691	0.231092872761
S1135	0.449815074002	0.190188028949	0.0883655851997	0.271631311849
S11352	0.554576108757	0.176229948464	0.0	0.269193942779
S11353	0.506113112126	0.26975350315	0.0312409454996	0.192892439224
S11368	0.485471020439	0.184298644946	0.0157407788257	0.314489555789
S11369	0.419696126407	0.274133229685	0.0483942248599	0.257776419048
S11371	0.417829498191	0.308163291607	0.0	0.274007210202
S11377	0.494608859605	0.181371261635	0.0760937329005	0.247926145859
S11378	0.418791575622	0.274036433198	0.0	0.30717199118
S11383	0.412615137265	0.342865964212	0.0	0.244518898523
S11384	0.377283878687	0.278028917109	0.0	0.344687204205
S11392	0.44506470413	0.315376980064	0.000397053172024	0.239161262634
S1140	0.503474958204	0.215531352636	0.0	0.280993689159
S11410	0.458705168542	0.253281115263	0.0417328088882	0.246280907306
S11411	0.389281939084	0.329866107683	0.0299085708239	0.250943382409
S11414	0.469318246167	0.259111223267	0.0	0.271570530566
S11419	0.485673817515	0.237796052011	0.0212862151012	0.255243915372
S11424	0.386078617462	0.306044285575	0.045713875168	0.262163221795
S11425	0.443986585919	0.334832999745	0.0	0.221180414336
S11433	0.368359695256	0.259757650673	0.0757653247799	0.296117329291
S11434	0.437101067227	0.284715476369	0.0	0.278183456404
S11436	0.425539488589	0.266920046427	0.0918008454193	0.215739619565
S11437	0.408387043521	0.313500465876	0.0	0.278112490603
S11440	0.598507486358	0.137086804861	0.0	0.264405708782
S11449	0.463201332573	0.363961054179	0.0	0.172837613248
S11459	0.421796561685	0.330244920068	0.00659794445713	0.24136057379
S11477	0.502834027919	0.25813673975	0.0	0.239029232332
S11480	0.528189648193	0.217762375734	0.0	0.254047976073
S11486	0.485028592746	0.294078489922	0.0	0.220892917331
S11501	0.496602275049	0.191756755639	0.0	0.311640969311
S11504	0.389487602913	0.30785318732	0.0	0.302659209768
S11507	0.420532879959	0.330311853313	0.0	0.249155266728
S11518	0.271767096119	0.329657201004	0.139873146262	0.258702556615
S11525	0.413991519156	0.335655768144	0.0	0.2503527127
S11531	0.47377313838	0.318751531311	0.000448526428989	0.207026803881
S11532	0.419878262284	0.337961914709	0.0	0.242159823007
S1154	0.421996523961	0.291610233514	0.00619188932651	0.280201353198
S11542	0.493046786457	0.161093735079	0.0	0.345859478463
S11543	0.480040855314	0.234710107858	0.0275607674071	0.25768826942
S11546	0.493451828625	0.270571901509	8.81993218722e-05	0.235888070545
S1155	0.477215851907	0.192021689035	0.049650337868	0.28111212119
S1156	0.352756423716	0.310733811821	0.0	0.336509764463
S11568	0.530878819198	0.219820042391	0.0	0.249301138411
S11576	0.405342374112	0.366281852726	0.0	0.228375773162
S11584	0.534666686504	0.182664155672	0.0	0.282669157824
S11586	0.458908928723	0.272916756911	0.0299688045387	0.238205509826
S11590	0.459990740528	0.278270720529	0.018628128942	0.243110410001
S11592	0.426553610653	0.279849320013	0.0	0.293597069334
S11593	0.473336290745	0.267282968234	0.0	0.259380741021
S11599	0.460759532584	0.16147194082	0.0	0.377768526596
S1160	0.423809118766	0.289785901217	0.0	0.286404980017
S11610	0.541770897426	0.192226716954	0.0	0.26600238562
S11615	0.465213893565	0.31914406458	0.0175067362901	0.198135305564
S11629	0.440036354444	0.23214500011	0.0158360698203	0.311982575626
S11631	0.37123913147	0.335744673073	0.065966385281	0.227049810176
S1164	0.478940931422	0.233382709504	0.0	0.287676359074
S11642	0.488935618943	0.176437900931	0.0130783389988	0.321548141127
S11656	0.416644641448	0.223834781307	0.0111352223128	0.348385354933
S11663	0.454149949111	0.303665806517	0.0	0.242184244372
S11667	0.416852718326	0.269800932443	0.0495576446314	0.2637887046
S11668	0.491266310171	0.275475373204	0.0	0.233258316625
S1167	0.478742738791	0.283422500051	0.0	0.237834761157
S11673	0.454601676155	0.194295087093	0.0	0.351103236752
S11682	0.49243674891	0.251454589115	0.0	0.256108661975
S11693	0.430218190852	0.308904567348	0.0	0.2608772418
S11696	0.46972920012	0.2866233666	0.0	0.24364743328
S11699	0.467823720211	0.32395494492	0.0	0.208221334869
S117	0.450497282378	0.10422865924	0.0	0.445274058382
S1170	0.441774080077	0.329401097146	0.0	0.228824822777
S11709	0.530096418054	0.259434231967	0.00267291287262	0.207796437107
S11713	0.313648020286	0.425398923499	0.0151920074735	0.245761048741
S11717	0.425771311005	0.296050960817	0.0	0.278177728178
S1173	0.505335015054	0.172645607454	0.0	0.322019377492
S11731	0.565196604048	0.127387595791	0.0471589150684	0.260256885093
S11732	0.492946052443	0.26304392965	0.0	0.244010017907
S11733	0.364353484431	0.290257671473	0.0668494216602	0.278539422436
S11734	0.484994613669	0.202647667716	0.0	0.312357718615
S11735	0.502059731214	0.290273016886	0.00428647930153	0.203380772599
S11737	0.439287093281	0.222525928717	0.0	0.338186978002
S11745	0.469779198021	0.174427117566	0.0276489258326	0.328144758581
S11760	0.510267236157	0.127594510334	0.0	0.362138253509
S11761	0.317475206175	0.475611551906	0.0	0.206913241918
S11769	0.577972408118	0.160597403202	0.0	0.26143018868
S11783	0.418921582367	0.328015836066	0.0	0.253062581567
S11784	0.498938845308	0.293821939283	0.0	0.207239215409
S11786	0.49607480831	0.285416131227	0.0	0.218509060463
S11797	0.469993154872	0.242191062005	0.0300443018526	0.25777148127
S11799	0.462748160388	0.232231396368	0.0	0.305020443244
S118	0.480972589515	0.295200683057	0.0	0.223826727428
S11800	0.433132184674	0.271533261206	0.00297368906	0.29236086506
S11802	0.485573522596	0.241874180091	0.00854496958046	0.264007327732
S11806	0.558754550954	0.140868163337	0.0	0.300377285709
S11807	0.364439309261	0.424665283117	0.0	0.210895407622
S11810	0.432594691517	0.360981689886	0.0	0.206423618597
S11811	0.510641943909	0.221036360296	0.0159425396731	0.252379156121
S11812	0.499618149815	0.193185937619	0.0	0.307195912566
S11820	0.486325462437	0.259073548429	0.0	0.254600989134
S11822	0.556680213689	0.211208768143	0.0	0.232111018168
S11823	0.487698495637	0.206282317358	0.0	0.306019187006
S11826	0.500567611586	0.274929143355	0.0	0.224503245059
S1183	0.409276713374	0.289477068457	0.0	0.301246218169
S1184	0.430700063666	0.32357414878	0.0263088924406	0.219416895113
S11842	0.393334323026	0.289889236602	0.0145728326727	0.302203607699
S11843	0.506297428798	0.272177771451	0.0	0.221524799751
S11844	0.441186811552	0.299821207066	0.048956958037	0.210035023345
S11850	0.407367832519	0.230932420852	0.0415654617594	0.32013428487
S11853	0.485442901056	0.319256249431	0.0	0.195300849513
S11857	0.524168279625	0.213475554089	0.0	0.262356166286
S11858	0.515849129436	0.174086574508	0.0	0.310064296055
S11860	0.467678062706	0.267607687823	0.00739103907858	0.257323210393
S11864	0.416317605923	0.227877489901	0.121706989548	0.234097914628
S11870	0.460276315648	0.259777407619	0.0	0.279946276734
S11875	0.485353865806	0.27475340583	0.0	0.239892728364
S11877	0.446455187186	0.150430953867	0.0402929745488	0.362820884398
S11878	0.368851686263	0.274137140965	0.0898039624792	0.267207210293
S11882	0.446832126782	0.274561527179	0.0	0.278606346039
S11883	0.540931802567	0.172980901931	0.0	0.286087295503
S11884	0.457704416008	0.240682464083	0.090539047632	0.211074072277
S11886	0.525729568156	0.191007300362	0.0	0.283263131482
S11897	0.474232117726	0.268212961019	0.0	0.257554921255
S1190	0.458837960847	0.295855454608	0.0	0.245306584545
S11903	0.551108400786	0.212367547571	0.0	0.236524051643
S11905	0.517958453969	0.121766077369	0.0536229890739	0.306652479588
S11907	0.449989470599	0.235961617546	0.00119197975769	0.312856932098
S11914	0.539568389413	0.145483082672	0.0	0.314948527915
S11917	0.461096600203	0.251437026307	0.0	0.28746637349
S11928	0.442059351565	0.220658622126	0.0403965802541	0.296885446054
S11929	0.48737303929	0.307853751075	0.0	0.204773209635
S1193	0.400967858236	0.322486448641	0.0406197100388	0.235925983084
S11930	0.413270741305	0.300573153504	0.0129210525375	0.273235052654
S11934	0.434686291733	0.330417813699	0.0	0.234895894568
S11939	0.562729821215	0.201405870394	0.0	0.235864308391
S11944	0.458521065628	0.338680719462	0.0	0.20279821491
S11945	0.420591435198	0.215871784035	0.0	0.363536780767
S11957	0.501233169504	0.262500147689	0.0	0.236266682807
S11958	0.484741604832	0.156895749405	0.0333330014445	0.325029644319
S1196	0.558947515755	0.173515691481	0.0	0.267536792765
S11960	0.469587302354	0.289316670756	0.0	0.24109602689
S11965	0.442745318599	0.279752971469	0.0	0.277501709932
S11967	0.520154979069	0.243893691064	0.0	0.235951329867
S1197	0.465995390687	0.153795999688	0.0332044598169	0.347004149808
S11973	0.40348804114	0.328773617625	0.0	0.267738341235
S11974	0.464206150056	0.192785201356	0.0754791515302	0.267529497058
S11980	0.504656275918	0.220568980818	0.0	0.274774743265
S11985	0.466822246966	0.233965083071	0.0164792507555	0.282733419207
S11987	0.526299440416	0.225148839759	0.0	0.248551719824
S11993	0.495332945859	0.293233995392	0.0	0.211433058749
S12001	0.517806364728	0.214413285849	0.0	0.267780349423
S12004	0.446232703249	0.196122893907	0.0332750875373	0.324369315307
S12006	0.439167722066	0.359344757712	0.0	0.201487520222
S12010	0.410475862566	0.278320342992	0.00581840460086	0.305385389842
S12011	0.438103853648	0.245843779087	0.0707324778454	0.245319889419
S12012	0.524709090399	0.114857813903	0.00756538245333	0.352867713245
S12022	0.435261034265	0.16132316498	0.0170190229904	0.386396777765
S12043	0.475454580486	0.269066669875	0.0	0.25547874964
S12052	0.443404587278	0.309100427241	0.0	0.247494985481
S12056	0.502927547092	0.264734180539	0.0	0.232338272369
S12057	0.511037888612	0.242073823401	0.000785549930313	0.246102738056
S12058	0.561371403235	0.128638301953	0.0	0.309990294812
S12061	0.457392124731	0.295001592112	0.0	0.247606283157
S12064	0.397976644214	0.320979663954	0.0277140490974	0.253329642735
S12073	0.516521790084	0.157721005105	0.0342103094148	0.291546895396
S12076	0.476502955687	0.230201793516	0.0	0.293295250798
S12079	0.512146090834	0.220712077882	0.0	0.267141831284
S12089	0.498714135936	0.203911949754	0.0328145630477	0.264559351262
S12098	0.457996285112	0.279528166302	0.0	0.262475548586
S1210	0.47997291255	0.267180114587	0.0	0.252846972863
S12101	0.483192735915	0.19553536492	0.0	0.321271899165
S12105	0.414149287206	0.348741822462	0.00237341467943	0.234735475653
S12106	0.467504892626	0.0289080147234	0.00433920486235	0.499247887788
S1212	0.471452582116	0.329834287683	0.0	0.198713130201
S12120	0.517268166173	0.225817594169	0.0192167956076	0.237697444051
S12129	0.46669361063	0.282769220504	0.0	0.250537168867
S12137	0.531796062133	0.223425618505	0.0	0.244778319362
S12140	0.438710233819	0.289432951955	0.000863177350401	0.270993636875
S12159	0.42530040067	0.334638304366	0.0	0.240061294964
S12170	0.52307003842	0.197816812397	0.0	0.279113149182
S12178	0.435664038008	0.345729383778	0.0	0.218606578214
S12179	0.459417209407	0.347208048204	0.0	0.193374742389
S1218	0.454366475892	0.250114627716	0.0	0.295518896392
S12182	0.458949940859	0.237634995146	0.0	0.303415063995
S12196	0.45933303162	0.237080217695	0.00800443447143	0.295582316214
S12198	0.495638362593	0.28578068708	0.0	0.218580950327
S1220	0.445547383708	0.275380423107	0.0	0.279072193186
S12200	0.499121016027	0.261408164267	0.0	0.239470819706
S12202	0.489229539585	0.188569548041	0.0128426370338	0.309358275341
S12206	0.450876773565	0.252363050637	0.0521027147988	0.244657461
S12208	0.391471972639	0.338029611064	0.0748676828251	0.195630733473
S12215	0.432406713163	0.29829330546	0.0042887043679	0.26501127701
S12221	0.422616045059	0.342752564498	0.0	0.234631390443
S12228	0.434582147612	0.156911215624	0.0461213645799	0.362385272184
S12231	0.512004616722	0.226517794709	0.0	0.261477588569
S12240	0.365939748557	0.287926074418	5.48481618135e-05	0.346079328863
S12241	0.399703907791	0.251997095733	0.110958981793	0.237340014684
S12244	0.464697855824	0.190721139067	0.0150769857249	0.329504019384
S12245	0.490756574637	0.264978866796	0.00696685855328	0.237297700013
S12249	0.418949525855	0.301460312095	0.0194008230278	0.260189339022
S12251	0.469015538373	0.161610959517	0.0501922560554	0.319181246055
S12261	0.477417410649	0.162609141459	0.0	0.359973447892
S12264	0.430064997636	0.307629209131	0.0103831123011	0.251922680931
S12265	0.481744082071	0.23311138781	0.0296225542203	0.255521975899
S12271	0.51061180395	0.249087199014	0.0355917162907	0.204709280746
S12276	0.410502135724	0.368338090598	0.0	0.221159773677
S12278	0.452561735974	0.228304148568	0.0507045045285	0.268429610929
S12279	0.447182360592	0.278891899237	0.0475171917917	0.22640854838
S12282	0.494790360142	0.219589991412	0.00790902516425	0.277710623281
S12285	0.465312893569	0.281439411451	0.00778934658387	0.245458348396
S12291	0.469998665529	0.233766474345	0.0	0.296234860126
S12294	0.496932264562	0.212107924731	0.0175126177367	0.273447192971
S12308	0.509702787014	0.235703425886	0.000881437963301	0.253712349136
S12335	0.369911736271	0.191532017014	0.112784839423	0.325771407292
S12344	0.394150193254	0.289436695208	0.00766465094743	0.308748460591
S12347	0.485056483584	0.241603937723	0.0174487452967	0.255890833396
S12348	0.430279151983	0.306984207002	0.0	0.262736641015
S12354	0.39678497814	0.410107149128	0.0	0.193107872732
S1236	0.49733706383	0.275176287285	0.0	0.227486648886
S12365	0.423600795518	0.300278468674	0.0231940764415	0.252926659367
S12366	0.543571054503	0.230975793211	0.000662470935418	0.22479068135
S12374	0.499750364698	0.275528490063	0.0	0.22472114524
S12385	0.441435680752	0.244393680329	0.0489237540824	0.265246884837
S1239	0.46229425533	0.218451762432	0.0540949448188	0.265159037419
S12391	0.484049839079	0.258917683973	0.0	0.257032476948
S12394	0.530658276117	0.200540640186	0.0	0.268801083697
S12406	0.51756092891	0.247241187856	0.0	0.235197883234
S1241	0.525327017496	0.163352453519	0.0	0.311320528985
S12410	0.453259976522	0.277055632003	0.0	0.269684391475
S12417	0.538999858309	0.203985929646	0.0	0.257014212045
S12419	0.48047827763	0.2331563506	0.0221339625735	0.264231409196
S12428	0.47554201984	0.295453431967	0.00343016460466	0.225574383588
S12431	0.495246348892	0.300164166978	0.0	0.204589484131
S12432	0.420530851175	0.319595600937	0.00146921905353	0.258404328834
S12436	0.482063230405	0.20648852972	0.0	0.311448239875
S12437	0.510254881279	0.209142187005	0.0358345115947	0.244768420121
S12439	0.445192288983	0.225109118997	0.0718398125904	0.25785877943
S12440	0.484467740535	0.298434029631	0.0	0.217098229834
S12441	0.496017833156	0.128505107092	0.0725322187694	0.302944840982
S12447	0.518025687314	0.23274403351	0.00597179159284	0.243258487583
S12450	0.580816968995	0.133508039847	0.0	0.285674991158
S12452	0.427434551684	0.308471750048	0.0	0.264093698268
S1246	0.448505126762	0.266769360604	0.0011795737898	0.283545938844
S12463	0.437688604806	0.297986109346	0.0	0.264325285849
S12464	0.364500057501	0.4260978214	0.0	0.2094021211
S12488	0.355819953688	0.386312603089	0.0	0.257867443223
S12489	0.531732038358	0.19807713629	0.0	0.270190825351
S12496	0.40097200005	0.3160113191	0.021818573939	0.261198106911
S12500	0.510519451465	0.251695708775	0.00401070328565	0.233774136475
S12501	0.43078391765	0.294918786116	0.0111357387072	0.263161557527
S1251	0.460911436493	0.290727875724	0.0	0.248360687783
S12516	0.359976333208	0.323756333461	0.0702340243405	0.24603330899
S1252	0.474578863769	0.27567716668	0.00250244499619	0.247241524555
S12524	0.511994569411	0.185420887867	0.0	0.302584542722
S12527	0.500247326521	0.248307639207	0.0	0.251445034272
S12535	0.526590124634	0.116342585458	0.0748547812986	0.282212508609
S12540	0.515112561691	0.21973286799	0.0	0.26515457032
S12548	0.468775880098	0.256525040385	0.0352756316053	0.239423447911
S12556	0.484150944055	0.278966236982	0.0387756528016	0.198107166162
S12563	0.5048930868	0.241302972167	0.0245599486063	0.229243992427
S12568	0.345509737366	0.512677013163	0.0	0.141813249471
S12569	0.428419757865	0.298860436359	0.0	0.272719805776
S12570	0.480247686035	0.221129384917	0.0316040965424	0.267018832506
S12577	0.504982285479	0.23110614095	0.0	0.263911573571
S12582	0.440669758003	0.23014728604	0.140027569909	0.189155386048
S12583	0.481512567762	0.262064243218	0.00801320559305	0.248409983427
S12585	0.467009942652	0.336320885676	0.0	0.196669171671
S12590	0.433657526071	0.216764656428	0.0	0.3495778175
S12596	0.478876313003	0.217504150802	0.0275675139905	0.276052022205
S12597	0.499557857204	0.240150832583	0.00686174314471	0.253429567069
S12604	0.432433307737	0.315568868703	0.0	0.251997823559
S12605	0.47796130699	0.28786968798	0.0	0.23416900503
S12608	0.444077804986	0.215050022047	0.0547124987016	0.286159674265
S12617	0.428919912428	0.282051130604	0.0	0.289028956968
S12618	0.425448624594	0.304901949223	0.0	0.269649426183
S12624	0.485525273506	0.288738558317	0.0	0.225736168177
S12628	0.478594571432	0.274302249298	0.0	0.247103179271
S12637	0.467446365299	0.284614388531	0.0	0.24793924617
S12655	0.433551625989	0.351977070541	0.00313831181331	0.211332991657
S12658	0.498228401627	0.16360392608	0.0507816845247	0.287385987769
S1266	0.44562557753	0.36332683993	0.0	0.19104758254
S12665	0.429182658081	0.351337732911	0.0	0.219479609008
S12666	0.45389172005	0.224781852082	0.0	0.321326427868
S12667	0.451390315535	0.29199784312	0.0	0.256611841346
S12675	0.396812088245	0.356576617782	0.0	0.246611293974
S12682	0.472668035397	0.247243582452	0.0209823864187	0.259105995732
S12691	0.516039608238	0.219678267891	0.0	0.264282123871
S12704	0.446455154229	0.265340858696	0.0559103724388	0.232293614636
S12706	0.437929424907	0.27882997698	0.0	0.283240598112
S12707	0.420863731385	0.232542814393	0.00406218160265	0.342531272619
S12721	0.453121750137	0.3257475335	0.0	0.221130716364
S12722	0.494847067018	0.235779373028	0.0106129224066	0.258760637547
S12731	0.54785777059	0.115823216967	0.0	0.336319012443
S12734	0.410135142493	0.386202431775	0.0	0.203662425732
S12735	0.458044103296	0.218044526973	0.014691672177	0.309219697554
S12736	0.47565358326	0.121173853564	0.0921679897109	0.311004573466
S12742	0.53834640353	0.259479556372	0.0	0.202174040097
S12754	0.497653238855	0.264310527856	0.0	0.238036233289
S12760	0.496673221093	0.278970688466	0.0	0.224356090441
S12773	0.432178513677	0.175293588305	0.07164997276	0.320877925258
S12775	0.500850661631	0.270516499437	0.0	0.228632838933
S12776	0.656561246519	0.0775968484282	0.00728893359259	0.25855297146
S12779	0.444232864021	0.336722876304	0.0	0.219044259674
S12781	0.436704180525	0.29420044024	0.0504223194717	0.218673059764
S12785	0.462615348452	0.323064363381	0.0	0.214320288166
S12790	0.409225898984	0.344892680122	0.0138860488777	0.231995372016
S12794	0.490110271288	0.254400928155	0.0	0.255488800557
S12796	0.50818263152	0.251739121441	0.0	0.240078247039
S12798	0.367307393806	0.395656956145	0.0	0.237035650049
S128	0.297300875158	0.481194068447	0.0	0.221505056395
S1280	0.435550256899	0.227313489718	0.0698301539368	0.267306099447
S12800	0.586530372253	0.154336226747	0.0216709874455	0.237462413554
S12809	0.464785577059	0.218684787978	0.0	0.316529634963
S12813	0.500853053876	0.217093583813	0.0	0.282053362311
S12814	0.603636150365	0.183512611705	0.0	0.21285123793
S12817	0.414516031614	0.372107879373	0.0	0.213376089013
S12819	0.365621570154	0.397523047816	0.0	0.236855382029
S1282	0.464944115095	0.292294308511	0.00618929227613	0.236572284117
S12821	0.431816960351	0.272525228739	0.0	0.29565781091
S12823	0.537978752599	0.223975796333	0.0	0.238045451068
S12826	0.469080344419	0.289611990186	0.0100069773402	0.231300688056
S12827	0.404412168402	0.214734674327	0.0828379607792	0.298015196491
S1283	0.439624061124	0.219846285533	0.0	0.340529653343
S12830	0.572501634339	0.126829970102	0.0	0.300668395559
S12836	0.420094854503	0.300444013373	0.0506983718733	0.22876276025
S12839	0.396342475153	0.318762466191	0.0629717312323	0.221923327424
S12845	0.534675577753	0.199613192152	0.0	0.265711230095
S12848	0.421044347636	0.31697712507	0.0	0.261978527294
S12849	0.411687365173	0.280847563587	0.0454364105719	0.262028660668
S12854	0.516394994879	0.0989111269603	0.0970468633164	0.287647014845
S12857	0.394792784759	0.382444771806	0.0	0.222762443435
S12863	0.483756053089	0.269683373631	0.0	0.246560573279
S12865	0.415471774834	0.345418084504	0.0	0.239110140662
S12866	0.464368496102	0.245377612908	0.0	0.29025389099
S12868	0.456443951672	0.337936489831	0.0	0.205619558498
S12869	0.493390697183	0.177920790242	0.0	0.328688512575
S12872	0.510554477897	0.202809425663	0.0545512327708	0.232084863669
S12875	0.359949658293	0.33037949954	0.0667602099188	0.242910632249
S12884	0.496830212931	0.0928734609097	0.010118094003	0.400178232157
S12886	0.3832624955	0.100742080691	0.108221656746	0.407773767064
S12888	0.481004196135	0.227963771671	0.0	0.291032032194
S12893	0.494075896647	0.276874166854	0.0	0.229049936499
S12897	0.523843316526	0.198295052858	0.0	0.277861630615
S1290	0.416397498885	0.311814385536	0.0495309192821	0.222257196297
S12901	0.504537586792	0.194505391071	0.0	0.300957022138
S12906	0.45821764243	0.28700107033	0.0	0.254781287239
S1291	0.525025489331	0.122304329234	0.00131313995654	0.351357041478
S12912	0.471248951601	0.217604278741	0.0	0.311146769658
S12922	0.255118760333	0.557575277646	0.0	0.18730596202
S12924	0.479065500988	0.252618383971	0.0	0.268316115041
S12925	0.548744402519	0.189743902255	0.00381970265382	0.257691992572
S12944	0.474440057279	0.282586060544	0.0	0.242973882177
S12950	0.415656569726	0.336261341138	0.0	0.248082089136
S12952	0.4624904144	0.289112084076	0.00602843130677	0.242369070217
S12953	0.436942729609	0.300921008795	0.0	0.262136261596
S1296	0.49327810813	0.208957339604	0.0354750365594	0.262289515707
S12964	0.410037263204	0.272788417956	0.0538478813341	0.263326437506
S12968	0.477198181878	0.27871298376	0.0	0.244088834362
S12969	0.472305685517	0.249552571114	0.0	0.278141743369
S12978	0.392571608395	0.346012507272	0.0	0.261415884333
S12979	0.517365668335	0.229075288707	0.0450369228889	0.20852212007
S12982	0.474960161506	0.209180076356	0.0	0.315859762138
S12984	0.529575243449	0.172354359913	0.0	0.298070396638
S12989	0.49566145132	0.273071837462	0.0	0.231266711218
S12996	0.502600155962	0.308491560219	0.0	0.188908283819
S13010	0.495145935626	0.216143891144	0.0467693410071	0.241940832223
S13018	0.501839624298	0.174112344323	0.00862912639886	0.31541890498
S13022	0.457655814688	0.279870203941	0.00244509047362	0.260028890897
S13025	0.454475088967	0.343707555521	0.0	0.201817355512
S13026	0.444907543247	0.293062970146	0.0	0.262029486607
S13029	0.429135778267	0.228460491206	0.0	0.342403730527
S13035	0.420230001303	0.301621937354	0.0	0.278148061343
S13039	0.409529737024	0.351755319448	0.0284315311095	0.210283412418
S13042	0.512047439325	0.226943567122	0.0	0.261008993553
