	Neutrophils	Lymphocyte	Monocytes	Other
S10001	0.0100048655879	0.711067933096	0.00558967986775	0.273337521448
S10006	0.00980650630627	0.697582627922	0.00528260268511	0.287328263086
S1001	0.00960299742836	0.701038761919	0.00538593302577	0.283972307627
S10010	0.0100836482544	0.705867871455	0.00581575613803	0.278232724152
S10011	0.00970824786444	0.7036023364	0.00573538639428	0.280954029341
S10014	0.0094434660994	0.707270344358	0.00522628866718	0.278059900875
S10026	0.00998985220426	0.711059622034	0.00541386650642	0.273536659255
S10032	0.00943763532567	0.709174723298	0.00581230948705	0.275575331889
S10036	0.00986001001608	0.702777468019	0.00500673916542	0.282355782799
S10042	0.0097511540414	0.713185821563	0.00549654414275	0.271566480253
S10044	0.00990907233371	0.705060727815	0.00534711208506	0.279683087766
S10049	0.00995523403882	0.709803845015	0.00516839161571	0.27507252933
S10057	0.00928914530002	0.695152688697	0.00510885589784	0.290449310105
S10062	0.00981593729152	0.710551521739	0.00568871917682	0.273943821793
S10066	0.0102807141619	0.707069334064	0.00592237873138	0.276727573043
S10067	0.00975716272942	0.710111052085	0.0052277128309	0.274904072355
S1007	0.0097585003575	0.714211913873	0.00541584365358	0.270613742116
S10073	0.00995483557423	0.706441469142	0.00543585523961	0.278167840044
S10077	0.00955631375532	0.700046117306	0.00571890127502	0.284678667663
S10080	0.00982931510011	0.701840737468	0.00585786946845	0.282472077964
S10082	0.00958816034015	0.713000355144	0.00560963497268	0.271801849543
S10087	0.00997582713835	0.717922688656	0.00549285105242	0.266608633153
S10089	0.0101267098577	0.715135545502	0.00522737089314	0.269510373748
S1009	0.00932882522552	0.712416587865	0.00523789347344	0.273016693436
S10090	0.00970699892381	0.710969355467	0.00529922921626	0.274024416393
S10093	0.00933174966303	0.698617949732	0.00518035806409	0.28686994254
S10094	0.00991349086903	0.709166885509	0.00570070275105	0.275218920871
S1010	0.00968381930048	0.708246746813	0.00536615184536	0.276703282041
S10111	0.00977767232889	0.708745279102	0.00540677914693	0.276070269422
S10116	0.00907352267139	0.70878346053	0.00553316665084	0.276609850148
S10119	0.0095326777185	0.717319163196	0.00534604717951	0.267802111906
S10121	0.010033660029	0.712859539229	0.00540343070922	0.271703370033
S10130	0.00990397085336	0.712034707456	0.00552514227208	0.272536179419
S10140	0.0103699902835	0.697501894114	0.00565979888261	0.28646831672
S10142	0.00944000883832	0.704857024745	0.00528232269353	0.280420643724
S10150	0.0103065132993	0.697910724446	0.00579186726507	0.28599089499
S10155	0.00948397276455	0.716004468664	0.00523792888671	0.269273629685
S1016	0.00971260533258	0.701045306137	0.00557720731154	0.283664881218
S10163	0.00988744289417	0.700842119802	0.00588399101598	0.283386446288
S10167	0.00942972778684	0.699016792839	0.00515257343063	0.286400905943
S10168	0.00961890456566	0.708555325674	0.00543444845677	0.276391321304
S10173	0.00946014012268	0.711637561318	0.00560924472144	0.273293053838
S10175	0.0100170392076	0.702933540494	0.00549391312607	0.281555507172
S10179	0.00938531167932	0.705769017418	0.00561182197801	0.279233848925
S10186	0.00868819969956	0.713204384313	0.00473912087277	0.273368295115
S1019	0.00949925186262	0.712270475566	0.00556293675165	0.27266733582
S10190	0.00963682763961	0.72059484798	0.00538494439944	0.264383379981
S10195	0.0100079167621	0.695847603448	0.00539805150693	0.288746428283
S10196	0.00990528671293	0.711070214261	0.00531237071371	0.273712128312
S10200	0.0101604814884	0.70160147746	0.00543281531386	0.282805225737
S10201	0.0107016453049	0.700421840613	0.00580279188539	0.283073722197
S10202	0.00979195596986	0.69892976145	0.00590211814338	0.285376164437
S10205	0.0104627993764	0.706174099963	0.00522691407512	0.278136186585
S10211	0.00950568169058	0.700074282257	0.00485842025293	0.2855616158
S10221	0.00941851441331	0.708201888531	0.00523866920926	0.277140927847
S10222	0.00979408349588	0.717191111354	0.00500153529709	0.268013269853
S10226	0.0099304134975	0.718695463601	0.00529804450124	0.2660760784
S10227	0.0100113538713	0.700776813516	0.00557751082619	0.283634321787
S10228	0.00971963606836	0.703921748387	0.00524213638483	0.28111647916
S10232	0.00887193785517	0.705287134719	0.00507447135185	0.280766456074
S10248	0.00993189677229	0.713504062796	0.00515947879174	0.27140456164
S10249	0.010085388034	0.703104015601	0.00611631089417	0.280694285471
S1025	0.0100702888324	0.71204356952	0.00531912427998	0.272567017368
S10266	0.010199919429	0.699870131766	0.00543455630603	0.284495392499
S10269	0.0102934962841	0.702456683161	0.00568261637853	0.281567204176
S10272	0.01001950816	0.701045440181	0.0051133141079	0.283821737552
S10273	0.0102828570511	0.699924306214	0.00574843158698	0.284044405148
S10274	0.00988171468869	0.707757224156	0.00553730922084	0.276823751935
S1028	0.0103038148064	0.702014851428	0.00549150540534	0.282189828361
S10280	0.00963897392725	0.704684617217	0.00586877639164	0.279807632464
S10283	0.00927932340258	0.716062851914	0.00536130582983	0.269296518854
S1029	0.00969113310826	0.705824223985	0.00522369601976	0.279260946887
S10292	0.00950763220349	0.713923365583	0.00500844403216	0.271560558181
S10294	0.00951390209901	0.708935458359	0.0052133022619	0.27633733728
S10302	0.00971689692571	0.706012528972	0.00526251339979	0.279008060703
S10303	0.0100665499466	0.704166539939	0.00565952675462	0.28010738336
S10323	0.00971094675399	0.711294995317	0.00528388194535	0.273710175984
S10326	0.010023798777	0.708054452812	0.00542815027593	0.276493598135
S10328	0.0100421141088	0.70822440082	0.00543536851341	0.276298116558
S10329	0.00987856276714	0.710637744674	0.00546877533553	0.274014917223
S10336	0.0100220892359	0.696251047761	0.00583001521547	0.287896847788
S10340	0.00998079026194	0.719451837754	0.00535110543779	0.265216266547
S10347	0.00966007359328	0.700032393953	0.00557326871424	0.284734263739
S10353	0.00969635596988	0.707012544989	0.00557086262043	0.27772023642
S10356	0.00957988012892	0.712630742221	0.00571137144376	0.272078006206
S10358	0.0103706585274	0.702631213205	0.00578032215299	0.281217806114
S10365	0.0101126902468	0.70666598844	0.00571894981195	0.277502371501
S1037	0.00892790612809	0.720419343016	0.00494616095725	0.265706589899
S10373	0.0094465169311	0.714480182381	0.00535208965494	0.270721211033
S10374	0.00953195303418	0.710373425675	0.0049478558347	0.275146765456
S10375	0.00990985536503	0.706601793166	0.00584550984416	0.277642841625
S10377	0.00879050299584	0.699887370123	0.00503489872985	0.286287228152
S10378	0.00980724474634	0.719057025254	0.00530646822412	0.265829261776
S10390	0.00931469153541	0.705002920941	0.00535030185869	0.280332085665
S10391	0.00928806741564	0.692373581786	0.00519137575795	0.29314697504
S10393	0.00987724221998	0.702561231819	0.00502309371341	0.282538432248
S10400	0.00963599181365	0.706804958579	0.00581133306077	0.277747716547
S10401	0.00944416206296	0.701189041235	0.00554940811019	0.283817388592
S10406	0.0102066840833	0.695266422105	0.00545351580171	0.28907337801
S10408	0.00979582482417	0.70992407397	0.00534288976616	0.274937211439
S10409	0.00959912948059	0.706105948328	0.00525111398157	0.27904380821
S10418	0.0102617523183	0.686897296971	0.00561639349146	0.297224557219
S10431	0.00988565880414	0.705784898758	0.00535444617365	0.278974996264
S10438	0.00941990189772	0.70431755498	0.00538609940733	0.280876443715
S10439	0.00975843375594	0.697537118083	0.00566340667675	0.287041041484
S10441	0.0103317577854	0.701704845279	0.00605868781863	0.281904709117
S10442	0.00977828356938	0.706437652333	0.00577810083029	0.278005963268
S1046	0.0103497219717	0.703576510211	0.00582436549779	0.28024940232
S10478	0.0108244518581	0.702360200733	0.00600705756857	0.280808289841
S10480	0.00903049540928	0.707069615332	0.00492395654158	0.278975932717
S10484	0.0101015301437	0.695648117631	0.00566549291322	0.288584859313
S10492	0.0092660765282	0.711681647241	0.00525502244137	0.273797253789
S10496	0.0100073501526	0.71413520032	0.00521435597865	0.270643093549
S10510	0.009565893776	0.707059304412	0.00488160102715	0.278493200785
S10513	0.00972887036287	0.715724771178	0.00591188003988	0.268634478419
S10516	0.00987989486615	0.699946980886	0.00571912695884	0.284453997289
S10534	0.0097123764983	0.718303809753	0.00542207795551	0.266561735793
S10535	0.00931584242019	0.709589092954	0.00507156181388	0.276023502812
S10537	0.00984724034835	0.706624311987	0.00577710207926	0.277751345586
S1054	0.00994485349436	0.698503169245	0.00522391389891	0.286328063362
S10543	0.0100443905222	0.703164626174	0.00536217321792	0.281428810086
S10546	0.00949575191574	0.709204343973	0.0051528831367	0.276147020974
S1055	0.0104531699302	0.69777159874	0.00585869202228	0.285916539308
S10551	0.00952628531135	0.707962044944	0.00548609572426	0.27702557402
S10552	0.0103658372597	0.689545701628	0.00579609643675	0.294292364675
S10555	0.00965932056762	0.707835870393	0.00551128942788	0.276993519612
S10559	0.00992652589316	0.7112472984	0.00555557905167	0.273270596655
S1056	0.00962427504888	0.713505063005	0.00544217847741	0.271428483469
S10563	0.010383958747	0.70394917261	0.00558409640996	0.280082772233
S10574	0.00980134692199	0.716997972891	0.00532951225698	0.26787116793
S10576	0.0101770319985	0.697992715479	0.00538828029593	0.286441972227
S10578	0.0100023568026	0.70374454138	0.00558679956997	0.280666302247
S10579	0.0103195545368	0.706134889152	0.00536750949733	0.278178046814
S10582	0.0101454339304	0.704087899091	0.00561372484003	0.280152942138
S1059	0.00993184719504	0.708825568594	0.0056177986502	0.27562478556
S10599	0.0100286973318	0.705406587652	0.00583438106074	0.278730333956
S10611	0.00997181066392	0.713235122998	0.00543776446298	0.271355301875
S10614	0.0102090647708	0.708936129149	0.00581932471876	0.275035481362
S10624	0.0096100638871	0.706664002383	0.00574948124945	0.277976452481
S10632	0.00975178175976	0.703885414981	0.00568064311936	0.28068216014
S10634	0.0098214855974	0.716357569301	0.00512586310761	0.268695081994
S10638	0.00992509705543	0.703341781096	0.00569780539603	0.281035316452
S10644	0.00964950674426	0.712947828355	0.00543206300049	0.271970601901
S10649	0.0103239678335	0.708242732057	0.00523109452914	0.276202205581
S10652	0.0100759331504	0.705369941133	0.00571878373278	0.278835341984
S10654	0.00966318289554	0.712628381517	0.00508020962851	0.272628225959
S10655	0.00969254205846	0.710773330547	0.00556279878664	0.273971328608
S10656	0.0101353217525	0.705704019535	0.00536466190558	0.278795996807
S10657	0.00953956943354	0.706273005915	0.00533308876027	0.278854335891
S10658	0.00993757232439	0.715624843276	0.00545462591187	0.268982958487
S10660	0.00900303699008	0.703651144435	0.00534160863383	0.282004209941
S10661	0.00968915306854	0.714853485923	0.00529705383703	0.270160307171
S10676	0.0101792903687	0.698294045795	0.00567411699519	0.285852546841
S1068	0.00964015438398	0.71078888546	0.00532815165511	0.274242808501
S10681	0.0096136845772	0.702967821805	0.00485398111622	0.282564512502
S10686	0.0101014483091	0.698194938128	0.00538680388649	0.286316809677
S10688	0.00978338391132	0.715202115584	0.00531603183485	0.26969846867
S10690	0.0100354931223	0.695279291223	0.00548711771399	0.289198097941
S10698	0.00944517074257	0.719607708239	0.00554105789994	0.265406063119
S107	0.00970865655514	0.710390026047	0.00531686347873	0.274584453919
S10703	0.0095078819346	0.705515187378	0.00540924653809	0.279567684149
S10726	0.00948295714766	0.707677406002	0.00524827461896	0.277591362231
S10729	0.00943539027321	0.698636187962	0.00583014290656	0.286098278858
S10733	0.00998480737959	0.707664777937	0.00555977769142	0.276790636992
S10734	0.00883696914532	0.704712481147	0.00510221241996	0.281348337288
S10735	0.00968674935121	0.70376298462	0.0053209455823	0.281229320446
S10740	0.00991392594053	0.702225678684	0.00576888623542	0.28209150914
S10745	0.0104417132766	0.700197324609	0.00586349964754	0.283497462467
S10748	0.00943654553672	0.698759310738	0.00524765118951	0.286556492536
S10753	0.0101335083943	0.70691670918	0.00570626182623	0.2772435206
S10756	0.00978507796185	0.702530615801	0.00540007833268	0.282284227904
S10757	0.00972143729862	0.71597001245	0.00526880400083	0.269039746251
S1076	0.00976463173266	0.712097075822	0.00563284746544	0.272505444979
S10764	0.00946919089338	0.702132065281	0.00538211614685	0.283016627679
S10767	0.0094449176569	0.710278810991	0.0052142476485	0.275062023704
S10776	0.0103679492077	0.71289046296	0.00589463800289	0.270846949829
S10778	0.00999857380428	0.708640008344	0.00553417335741	0.275827244494
S10784	0.0103519088335	0.706395542741	0.00591433665302	0.277338211772
S10787	0.00930130463407	0.705539441183	0.00543880915795	0.279720445025
S10800	0.0101480276638	0.706603205895	0.00563364051094	0.277615125931
S10805	0.00997852052674	0.704253009747	0.00558799729376	0.280180472432
S10813	0.00985112147776	0.706420596175	0.00558966591026	0.278138616437
S10814	0.00990121210764	0.694436668244	0.00466111007633	0.291001009572
S10815	0.0101262910464	0.707796635586	0.00527598831195	0.276801085056
S10817	0.00965481824683	0.710255137389	0.00526829954266	0.274821744822
S1083	0.0098256468456	0.713520095093	0.00536805165557	0.271286206405
S10835	0.00962373415179	0.691170561332	0.00574279824241	0.293462906274
S10838	0.0101807923864	0.706206984665	0.0053513690407	0.278260853908
S10844	0.0100801712801	0.706022721738	0.00523825013623	0.278658856846
S10845	0.0102249768231	0.70658843824	0.0057495028595	0.277437082078
S10846	0.00922577284607	0.711586027899	0.00534037281363	0.273847826441
S10853	0.0104980591327	0.685888487956	0.00542250613706	0.298190946774
S10854	0.00952714320445	0.712608753767	0.00538130050341	0.272482802525
S10865	0.00989705228355	0.715147467651	0.0056164598007	0.269339020264
S10866	0.0100220623805	0.705103064541	0.00550881652353	0.279366056555
S10869	0.0108780863666	0.699875395999	0.00590211810641	0.283344399528
S10873	0.0099608820334	0.698850856899	0.00584296913764	0.28534529193
S10876	0.00974600979135	0.715283246047	0.0054225449332	0.269548199228
S10883	0.00986394321371	0.695278537796	0.00556398461812	0.289293534372
S10885	0.00967181460495	0.699350792027	0.00534605519048	0.285631338178
S10893	0.0104092066742	0.69628105399	0.0056131741995	0.287696565136
S10895	0.0101648830732	0.701605690359	0.00586974070854	0.282359685859
S10902	0.00983450737366	0.707463960523	0.00504093532825	0.277660596776
S10903	0.00978164744327	0.692349697902	0.00550868095622	0.292359973699
S1092	0.0103666085963	0.705235126617	0.00555766178702	0.278840602999
S10925	0.00993182879259	0.706561955309	0.00525230644396	0.278253909454
S10927	0.0100775959262	0.710473070934	0.00581611675697	0.273633216383
S10936	0.00992892534486	0.705878443349	0.00534985706448	0.278842774242
S10945	0.0101115828641	0.704837194953	0.00587848811047	0.279172734072
S10947	0.00947831465671	0.696498913956	0.00520607482504	0.288816696562
S10949	0.0098713987721	0.708179797034	0.00504412369316	0.276904680501
S1095	0.00988543549974	0.698872390379	0.0053856241987	0.285856549923
S10961	0.0102185758108	0.698217562309	0.00578515973165	0.285778702149
S10969	0.00979206631835	0.712678770249	0.00532916016991	0.272200003262
S10972	0.0099746078073	0.696149552873	0.00587464634416	0.288001192975
S10973	0.0102007371688	0.703977814486	0.00575288653243	0.280068561813
S10978	0.0106186329498	0.709993397034	0.005461902153	0.273926067864
S10979	0.00990183435377	0.704604340831	0.00547889730715	0.280014927508
S10986	0.00969563107748	0.703860806748	0.00567637027976	0.280767191895
S10989	0.0098642272793	0.710098749316	0.00521757941724	0.274819443987
S10995	0.00995167448459	0.709980597934	0.00543826969681	0.274629457884
S11005	0.00946715567021	0.705877834155	0.00527257601217	0.279382434162
S11008	0.0101174955512	0.711469266105	0.00535559797489	0.273057640369
S11010	0.00941671755871	0.712058578074	0.00456577388016	0.273958930487
S11013	0.00972432863846	0.707885521549	0.00564382676311	0.27674632305
S11016	0.00984396415834	0.707617652574	0.00531519119637	0.277223192071
S11017	0.0100430306304	0.701313868298	0.00596479690329	0.282678304169
S11020	0.0102386889313	0.707718053168	0.00580019975449	0.276243058146
S11027	0.0103440021087	0.704336918166	0.00543636957566	0.27988271015
S11035	0.0100083564714	0.698379174557	0.00505138385584	0.286561085116
S11041	0.00986538042233	0.712987589294	0.00511761347984	0.272029416804
S1106	0.0101187870175	0.705881309737	0.00540166605233	0.278598237193
S11071	0.00896447696714	0.707648907265	0.00531331545271	0.278073300315
S11076	0.0101018682572	0.697413519473	0.00543867162988	0.28704594064
S11078	0.0102251088666	0.707688081575	0.00578065901925	0.276306150539
S11081	0.00987315075796	0.714772186542	0.00569341807558	0.269661244624
S11086	0.0100004763816	0.705874995606	0.00520299380485	0.278921534208
S1109	0.00996700376271	0.700100443756	0.00603329500509	0.283899257476
S11096	0.0103195742155	0.698450504045	0.00585830689045	0.285371614849
S11100	0.00951522007719	0.712141763001	0.00522724086436	0.273115776057
S11107	0.0102204902036	0.7079270701	0.00560975522125	0.276242684475
S11109	0.0102248738313	0.699681908615	0.00551452494439	0.284578692609
S1111	0.00932045008828	0.714621360871	0.00522545268699	0.270832736354
S11119	0.0102215262426	0.705002513487	0.00540609118683	0.279369869083
S11127	0.00993781130813	0.697398829634	0.0052548676718	0.287408491386
S11136	0.0097399615083	0.703792130065	0.00543727626947	0.281030632157
S11147	0.0103990200157	0.703840061116	0.00529729785786	0.28046362101
S11150	0.0101613163414	0.706936287594	0.00509785231604	0.277804543749
S11152	0.00997534118913	0.69948911614	0.00545899304368	0.285076549628
S1116	0.00949319102838	0.71126977661	0.00508996839273	0.274147063969
S11163	0.00977594708487	0.717477541724	0.00511593707695	0.267630574114
S11164	0.0100221259429	0.705900432033	0.00564342087108	0.278434021153
S11166	0.00941320863662	0.695824316111	0.0052050957085	0.289557379544
S11173	0.0101555405075	0.707275480151	0.00542507063402	0.277143908708
S11174	0.0095549381043	0.70632259025	0.00540492774006	0.278717543905
S11182	0.00967932551759	0.715939736075	0.00552746558749	0.26885347282
S11188	0.010322505262	0.702839564009	0.00570626383861	0.28113166689
S11189	0.0100173475376	0.713341054197	0.00560858775242	0.271033010513
S1119	0.00914008884194	0.711280359856	0.00561853066232	0.27396102064
S11195	0.00969886999354	0.719724038918	0.00558913335996	0.264987957728
S11197	0.00911670223446	0.718094503055	0.00493988849735	0.267848906214
S11198	0.0105949645047	0.698210695278	0.0058682568021	0.285326083415
S11211	0.00972651813105	0.70356316277	0.00593823523523	0.280772083864
S11214	0.00994367294333	0.69765485137	0.00538399360053	0.287017482087
S11216	0.0100654745176	0.706637088874	0.00570975269891	0.27758768391
S11224	0.00989065456475	0.705102179229	0.00522671112107	0.279780455085
S11236	0.0102150064047	0.705558270543	0.00565951265536	0.278567210397
S11241	0.00990477666032	0.692803247722	0.00526391330949	0.292028062308
S11243	0.00990964388071	0.712214862678	0.00556831180423	0.272307181637
S11245	0.00980531167533	0.699161267301	0.00557317940771	0.285460241616
S11249	0.00949702212307	0.706047613846	0.00558458076909	0.278870783262
S11274	0.00915875183438	0.700014372646	0.00553685409569	0.285290021424
S11280	0.00956361274275	0.710083320637	0.00546501007506	0.274888056545
S11281	0.00944254879384	0.707749309385	0.00551408746171	0.277294054359
S11285	0.00948303140184	0.708082848269	0.00519686866139	0.277237251668
S11298	0.00935879387833	0.708653475462	0.00513805250248	0.276849678158
S11311	0.00966002930646	0.704421167794	0.00570852618443	0.280210276716
S11312	0.00988270312373	0.704090815139	0.00548371305629	0.280542768681
S11316	0.009707058497	0.713041088665	0.00572274353711	0.271529109301
S1133	0.00973006334028	0.705548101807	0.00527710487298	0.27944472998
S11330	0.0102119584947	0.700639045487	0.00546031253549	0.283688683483
S11332	0.00967679988421	0.71848522317	0.0052391333737	0.266598843572
S11334	0.00963921817152	0.709511853575	0.00547098528939	0.275377942964
S11335	0.0101451243263	0.705338036552	0.00553090912431	0.278985929998
S11345	0.00963835678669	0.708555360395	0.00517122879611	0.276635054022
S11349	0.00968449080573	0.704519803542	0.00565324064538	0.280142465007
S1135	0.00997630543884	0.69947700046	0.00607680552778	0.284469888574
S11352	0.00996004889508	0.706617245276	0.00582055464224	0.277602151186
S11353	0.0102148872992	0.70739560182	0.00552807652967	0.276861434352
S11368	0.0099523362249	0.706197613525	0.00572160549704	0.278128444753
S11369	0.00946781459163	0.7054014483	0.00584194263638	0.279288794472
S11371	0.00937210050754	0.702547893705	0.00499610865113	0.283083897136
S11377	0.00993255514871	0.696238844229	0.00583219507989	0.287996405542
S11378	0.00913212368585	0.700148317945	0.00490470750443	0.285814850865
S11383	0.00973959552503	0.714893591066	0.00545992611218	0.269906887297
S11384	0.00926112370157	0.706169890432	0.0045796321054	0.279989353761
S11392	0.00974249584601	0.707683584765	0.00549097338953	0.277082946
S1140	0.00985753710996	0.698294493797	0.00520458184256	0.28664338725
S11410	0.00972608002814	0.708843096017	0.00547795737609	0.275952866579
S11411	0.0095205288911	0.703176680018	0.00557564941337	0.281727141677
S11414	0.00985903402053	0.704447765621	0.00532192221427	0.280371278145
S11419	0.0101181140605	0.711233447095	0.005366401879	0.273282036966
S11424	0.0091034878626	0.705631505157	0.00519301753212	0.280071989448
S11425	0.00976784405766	0.704245262663	0.00566952205241	0.280317371227
S11433	0.00952945301428	0.704639976396	0.00553557954775	0.280294991042
S11434	0.0100126987669	0.71187914586	0.00549860601162	0.272609549361
S11436	0.00966378178392	0.696843091383	0.00560740718218	0.287885719651
S11437	0.00964263179763	0.708870369752	0.00502937590595	0.276457622545
S11440	0.0106053503362	0.702458852374	0.00562267198486	0.281313125305
S11449	0.00987148211097	0.715781511662	0.00539097752657	0.268956028701
S11459	0.00878717551357	0.703358276492	0.00539887519891	0.282455672795
S11477	0.0103644482582	0.708456500213	0.00565938462598	0.275519666903
S11480	0.0101878997154	0.697750910212	0.00563567622372	0.286425513849
S11486	0.00970371655989	0.715638997883	0.00498474532469	0.269672540233
S11501	0.00987512657338	0.693912475606	0.00498093586269	0.291231461958
S11504	0.00942137276183	0.709289499402	0.00557052220803	0.275718605628
S11507	0.00956924336523	0.71462163846	0.00513331416287	0.270675804011
S11518	0.00885129151832	0.703723612172	0.00581944385603	0.281605652454
S11525	0.00951511032929	0.706224819945	0.00552731934361	0.278732750382
S11531	0.00997708049113	0.705818934676	0.00565843804829	0.278545546785
S11532	0.00931557802813	0.714150727982	0.00500050538652	0.271533188603
S1154	0.00965936168837	0.711068933608	0.00524951588197	0.274022188821
S11542	0.00989382395872	0.701573644344	0.00541561602136	0.283116915675
S11543	0.00997176462269	0.706017156163	0.00574683968372	0.27826423953
S11546	0.00999852514664	0.708720000534	0.00563010019099	0.275651374129
S1155	0.0098153863933	0.70805982548	0.00534381693758	0.276780971189
S1156	0.00863896175971	0.709756216335	0.00451896872048	0.277085853185
S11568	0.0102333545065	0.707420742336	0.00538726718456	0.276958635973
S11576	0.00958666538782	0.71657943808	0.00548205472198	0.26835184181
S11584	0.0104090094912	0.703473755486	0.00569647740129	0.280420757622
S11586	0.0100723350306	0.714064310973	0.005629701048	0.270233652949
S11590	0.00990601393917	0.713690850231	0.00556259430107	0.270840541529
S11592	0.00933309857736	0.700708730808	0.00540870924076	0.284549461374
S11593	0.0101681417283	0.706343143884	0.00563198578917	0.277856728599
S11599	0.00967662395398	0.699783265689	0.00561454341577	0.284925566941
S1160	0.00977762816173	0.705891648244	0.00546079793054	0.278869925664
S11610	0.00987535671628	0.711216084207	0.00532255535261	0.273586003725
S11615	0.00991694443253	0.70711311319	0.00583581092026	0.277134131458
S11629	0.0100798383697	0.703949817573	0.00537419309587	0.280596150962
S11631	0.00868644542899	0.714854850677	0.0054471438133	0.27101156008
S1164	0.0101670794783	0.70417657957	0.0055642932516	0.2800920477
S11642	0.00962579111583	0.689836354954	0.00540459550227	0.295133258428
S11656	0.00923325968191	0.709537453099	0.00521658355723	0.276012703662
S11663	0.00993696353439	0.71226348871	0.00545708192305	0.272342465833
S11667	0.00973789426941	0.706217925865	0.00565393568544	0.27839024418
S11668	0.00995160971442	0.703703185107	0.0054511467778	0.280894058401
S1167	0.010060539175	0.702006199411	0.00528649017609	0.282646771238
S11673	0.00935656442453	0.695870393106	0.00556071869541	0.289212323774
S11682	0.0102852868443	0.703397467687	0.00561225166651	0.280704993802
S11693	0.00951299243216	0.704143516545	0.0055159351594	0.280827555864
S11696	0.00984435693254	0.720237543637	0.00523527192644	0.264682827505
S11699	0.00996865095638	0.711357453301	0.00545480607931	0.273219089663
S117	0.00926993948362	0.704330218206	0.00526874591114	0.2811310964
S1170	0.00965260750881	0.720261630933	0.00528542428607	0.264800337272
S11709	0.00992040506039	0.710720211027	0.00574494678378	0.273614437129
S11713	0.00848569992345	0.710951526968	0.00510876939211	0.275454003716
S11717	0.00931728975456	0.705538510996	0.00520712420185	0.279937075047
S1173	0.0101257570237	0.695376474692	0.00549031177824	0.289007456506
S11731	0.0107616241981	0.697448912705	0.00607048175003	0.285718981347
S11732	0.00979451064301	0.71167224785	0.005415161059	0.273118080448
S11733	0.00954740651411	0.707976751804	0.00575675542267	0.276719086259
S11734	0.0101601949898	0.699417479109	0.00538806405868	0.285034261842
S11735	0.0103780591249	0.697577010723	0.00568829227374	0.286356637878
S11737	0.00951758125373	0.69694388387	0.00548558360294	0.288052951273
S11745	0.00980552354788	0.694810620825	0.00566838684401	0.289715468783
S11760	0.00984111510048	0.703962767969	0.00539374162364	0.280802375306
S11761	0.00798356559208	0.696708644418	0.00543847120507	0.289869318785
S11769	0.010536841835	0.693288131	0.0057800736147	0.29039495355
S11783	0.00958671759275	0.715614995569	0.00527465252017	0.269523634318
S11784	0.00998636548332	0.713335675018	0.0055625562874	0.271115403211
S11786	0.0101129287734	0.710031571054	0.00562902796265	0.27422647221
S11797	0.00983703994298	0.705404384293	0.00581865939505	0.278939916369
S11799	0.00967480001893	0.700326208465	0.00541219076603	0.28458680075
S118	0.00980712726299	0.705526564896	0.00557443319517	0.279091874646
S11800	0.00956910275876	0.706474740444	0.00541381684156	0.278542339956
S11802	0.00957762198242	0.699603417874	0.00573580994672	0.285083150196
S11806	0.0100200028842	0.692441930325	0.00544898498471	0.292089081806
S11807	0.00917600378971	0.698899537553	0.00563844307495	0.286286015582
S11810	0.00937735353349	0.71857645309	0.00519578853254	0.266850404844
S11811	0.010418725141	0.703595332825	0.00578860678817	0.280197335245
S11812	0.00989939003635	0.702402489462	0.00525797326308	0.282440147239
S11820	0.00993993420094	0.701068878361	0.00569179032213	0.283299397116
S11822	0.0103786785684	0.7014926787	0.00546611165662	0.282662531075
S11823	0.00983855355703	0.715697859201	0.00512553818546	0.269338049056
S11826	0.0100466510555	0.703728795102	0.00515522191421	0.281069331929
S1183	0.00882962086564	0.700613541777	0.00544910235554	0.285107735001
S1184	0.0097043713851	0.713186518909	0.00548948619517	0.271619623511
S11842	0.00964937824235	0.704331266587	0.00540950714586	0.280609848025
S11843	0.0100348280927	0.702261478374	0.00565241877864	0.282051274754
S11844	0.00985174375634	0.710282660722	0.00544872153242	0.27441687399
S11850	0.00906317430418	0.704134595343	0.00545463068009	0.281347599673
S11853	0.0100520603733	0.705899926972	0.00521455206383	0.278833460591
S11857	0.00969960638014	0.707182520552	0.0055623286968	0.277555544371
S11858	0.0101848295048	0.705025701358	0.00523085105509	0.279558618082
S11860	0.00978706079134	0.707811076989	0.00547106359293	0.276930798627
S11864	0.00933368174043	0.698189689085	0.00575185555102	0.286724773623
S11870	0.0101035201161	0.707859126466	0.00538328442956	0.276654068988
S11875	0.00986131725514	0.714517457124	0.00527071833363	0.270350507287
S11877	0.00952612508118	0.694619157852	0.00531051401289	0.290544203053
S11878	0.00952076056253	0.707467312379	0.00551590043885	0.277496026619
S11882	0.00950587624604	0.700167368838	0.00544121958683	0.284885535329
S11883	0.0101990850669	0.69530420801	0.00570060631007	0.288796100613
S11884	0.0103880745071	0.706474654292	0.00587883852641	0.277258432675
S11886	0.00997201283107	0.707109087239	0.00537278758831	0.277546112342
S11897	0.0102544128436	0.712292978718	0.00552309944575	0.271929508993
S1190	0.0100145316569	0.702848551654	0.00520168550498	0.281935231184
S11903	0.0103175233001	0.695592445065	0.00562187140289	0.288468160232
S11905	0.00993983242003	0.702473002641	0.00597475552384	0.281612409415
S11907	0.00935094105531	0.711053849031	0.00535338310718	0.274241826807
S11914	0.00981419836415	0.7000403622	0.00580434030335	0.284341099132
S11917	0.00964531870315	0.713443622047	0.00513410677282	0.271776952477
S11928	0.00976737317933	0.690955852063	0.00546274280305	0.293814031954
S11929	0.00968547455539	0.71519769696	0.00534611426072	0.269770714224
S1193	0.0096374331201	0.711450743216	0.00554442311488	0.273367400549
S11930	0.00951114804642	0.708016022126	0.00551925120653	0.276953578621
S11934	0.00986818170907	0.713360666311	0.00498174761533	0.271789404365
S11939	0.0102418809819	0.704056067001	0.00569775465214	0.280004297365
S11944	0.00973906398662	0.709505518811	0.00530355591637	0.275451861286
S11945	0.0093317885734	0.707434850178	0.00479667483631	0.278436686412
S11957	0.0101204660343	0.709608191235	0.00551076638859	0.274760576343
S11958	0.0100329509787	0.691881674504	0.00561068788179	0.292474686636
S1196	0.00982885545011	0.702841533106	0.00562665753236	0.281702953912
S11960	0.0097978818807	0.703109423556	0.00533387487071	0.281758819693
S11965	0.00956941890304	0.708779274603	0.00492985894046	0.276721447554
S11967	0.0101235907593	0.700401191939	0.00543978783698	0.284035429464
S1197	0.0095579759082	0.697775830671	0.00559867014786	0.287067523273
S11973	0.00947281843159	0.716444701636	0.00518085991796	0.268901620014
S11974	0.00996134343334	0.697653380548	0.00568068497431	0.286704591044
S11980	0.0102882583545	0.707735553191	0.00561836520562	0.276357823249
S11985	0.0100430118692	0.696183653678	0.00552731799429	0.288246016459
S11987	0.0101474633331	0.709248196069	0.00571318574236	0.274891154856
S11993	0.00994421375347	0.70237662178	0.00571298226225	0.281966182204
S12001	0.00999131137475	0.705576607178	0.005235780058	0.27919630139
S12004	0.00920275011259	0.71280843685	0.00545101662192	0.272537796416
S12006	0.009811970596	0.718153727165	0.00502177510676	0.267012527133
S12010	0.00948986980426	0.697134035352	0.00582183368258	0.287554261161
S12011	0.00971326883229	0.700900100695	0.00568114508851	0.283705485384
S12012	0.0098392462778	0.694529544642	0.00558526524428	0.290045943836
S12022	0.00993590102833	0.704005833325	0.00551261393369	0.280545651713
S12043	0.0102190539737	0.708229327045	0.00546178036823	0.276089838613
S12052	0.00989405924856	0.70218992186	0.00558870756582	0.282327311326
S12056	0.0100420134722	0.707570106459	0.00536754242271	0.277020337646
S12057	0.0098214342682	0.71190688506	0.0053892925273	0.272882388144
S12058	0.010207525237	0.690759656388	0.00563532719881	0.293397491176
S12061	0.00974631196768	0.708174759181	0.00546413068943	0.276614798161
S12064	0.00959009136727	0.703050439859	0.00533431230207	0.282025156471
S12073	0.0097346764495	0.70175116803	0.00535108137627	0.283163074144
S12076	0.00960802475954	0.703723728141	0.00539899249758	0.281269254602
S12079	0.0098360301755	0.707913922706	0.00489974737115	0.277350299747
S12089	0.00986004852685	0.70021234917	0.00580186397262	0.284125738331
S12098	0.00963257232774	0.705578655676	0.00523237830595	0.279556393691
S1210	0.00999680849391	0.701072678285	0.00537971488249	0.283550798338
S12101	0.00957045554966	0.704551820911	0.00535674330421	0.280520980235
S12105	0.0095222706033	0.719357102327	0.00520577918199	0.265914847888
S12106	0.00953785698701	0.705150341465	0.0057441852808	0.279567616267
S1212	0.0100669386627	0.714203954426	0.00538609093508	0.270343015977
S12120	0.0104997813478	0.703133955047	0.00610648131403	0.280259782291
S12129	0.00985551459293	0.710502331735	0.00553405813584	0.274108095536
S12137	0.0103532040884	0.708747816413	0.00544091985419	0.275458059644
S12140	0.00928150021118	0.704006150087	0.00514551142968	0.281566838273
S12159	0.00978824057335	0.70727670717	0.00541407917401	0.277520973082
S12170	0.0103328028763	0.708006292833	0.00567302614364	0.275987878147
S12178	0.00975808879368	0.70881477795	0.00527820441468	0.276148928842
S12179	0.0100133844552	0.714309614857	0.00519721855292	0.270479782134
S1218	0.00959257385493	0.7096841494	0.00535747991936	0.275365796826
S12182	0.00961620122583	0.71325601756	0.00514802786614	0.271979753348
S12196	0.00964262878909	0.707735789386	0.00534103365277	0.277280548172
S12198	0.0101164546134	0.707543834529	0.00544058326389	0.276899127594
S1220	0.00992855402648	0.702764715849	0.00528844206816	0.282018288056
S12200	0.0101350791275	0.711194062266	0.00536200377359	0.273308854833
S12202	0.00991185736952	0.68685230459	0.0054113794887	0.297824458552
S12206	0.00992462000767	0.692022217166	0.00576433541967	0.292288827407
S12208	0.0094743475254	0.708856908087	0.00550434254656	0.276164401841
S12215	0.00945255025572	0.716797734527	0.00545500717759	0.26829470804
S12221	0.0105359489101	0.714242363605	0.0057934138031	0.269428273682
S12228	0.00996519196318	0.706414899085	0.00578147186777	0.277838437084
S12231	0.0102391671736	0.699446460648	0.00547486551653	0.284839506662
S12240	0.00898639573812	0.706495378157	0.00492838019637	0.279589845909
S12241	0.00940698039601	0.697380833907	0.00578228125702	0.28742990444
S12244	0.00996471297125	0.709221599818	0.00524977297579	0.275563914235
S12245	0.0100441318313	0.710894947623	0.00528375452089	0.273777166025
S12249	0.0095506122149	0.702609770644	0.00549636934676	0.282343247794
S12251	0.00988049128573	0.700515683629	0.00556959039165	0.284034234693
S12261	0.00964264921814	0.698655869072	0.00558776550926	0.2861137162
S12264	0.0097547067406	0.708619981275	0.00517460510591	0.276450706879
S12265	0.00965939092888	0.706274296991	0.00554056927168	0.278525742808
S12271	0.010047364407	0.709442262451	0.00573716879517	0.274773204347
S12276	0.00964181929913	0.7136779992	0.00560432626736	0.271075855234
S12278	0.00988157673316	0.709219676447	0.00523961006537	0.275659136754
S12279	0.0100239122906	0.705370499405	0.00566487479504	0.27894071351
S12282	0.00972570441479	0.703624089011	0.00581795500109	0.280832251573
S12285	0.00975925149236	0.708048809205	0.00559432176217	0.27659761754
S12291	0.00974340561137	0.708260130012	0.00506561009152	0.276930854285
S12294	0.0102287191812	0.704031210928	0.00535765767769	0.280382412213
S12308	0.00996624782645	0.69936248326	0.00574872065413	0.28492254826
S12335	0.00923757108508	0.702062643228	0.00551197278828	0.283187812898
S12344	0.00980698801381	0.700515744614	0.00544404330643	0.284233224066
S12347	0.0101740209424	0.706026647314	0.00571577689306	0.27808355485
S12348	0.00984701806863	0.705784139405	0.00526800556066	0.279100836966
S12354	0.00952347764783	0.711194622091	0.00564984048032	0.273632059781
S1236	0.0101509932234	0.704801693014	0.00547630107485	0.279571012688
S12365	0.00950297710281	0.704062796854	0.00570714503965	0.280727081004
S12366	0.0101900910367	0.711875432768	0.00576750306793	0.272166973127
S12374	0.0101407969691	0.708259653271	0.00552491757431	0.276074632185
S12385	0.010003851867	0.702301108185	0.0057499324966	0.281945107452
S1239	0.00980367857022	0.69633765682	0.00556020208329	0.288298462526
S12391	0.0100456267202	0.704005034092	0.00537058279642	0.280578756392
S12394	0.0100877726629	0.708119173765	0.00578717844339	0.276005875129
S12406	0.0100167099409	0.70430809452	0.00544946739279	0.280225728146
S1241	0.00994144631028	0.691175051868	0.00567457140207	0.29320893042
S12410	0.00941082603428	0.707952542076	0.00537736276154	0.277259269129
S12417	0.00992298607968	0.707116219884	0.00525565681873	0.277705137217
S12419	0.00982112822203	0.704750224019	0.00530610511204	0.280122542647
S12428	0.00989794966594	0.701803594043	0.00579267642877	0.282505779862
S12431	0.0103484922031	0.71606871904	0.00538450873031	0.268198280027
S12432	0.0096880211857	0.716120607739	0.00574530054805	0.268446070527
S12436	0.00993429911266	0.695156048465	0.00552608010278	0.289383572319
S12437	0.0101391845414	0.708752196171	0.00549932247353	0.275609296814
S12439	0.00962582903965	0.699826173687	0.00578858364948	0.284759413624
S12440	0.0097762046552	0.706013116255	0.00537736043723	0.278833318653
S12441	0.0104637442179	0.68272800898	0.00606656992204	0.30074167688
S12447	0.00973233387348	0.708784063948	0.0054055377467	0.276078064432
S12450	0.0103639478649	0.698950090426	0.0053551074523	0.285330854257
S12452	0.00966188805253	0.713374483237	0.00521745366165	0.271746175049
S1246	0.00958415865378	0.707035012264	0.00538877564515	0.277992053437
S12463	0.00975202146214	0.712567576411	0.00521937240226	0.272461029724
S12464	0.008913536546	0.708970606991	0.00522067281675	0.276895183646
S12488	0.0088651682198	0.716934251395	0.00502523070353	0.269175349681
S12489	0.00989785770815	0.702164714825	0.00572710341801	0.282210324049
S12496	0.00902678606616	0.710149377672	0.00523388776592	0.275589948496
S12500	0.0100094895458	0.705664727381	0.00532538446407	0.279000398609
S12501	0.00956372294997	0.700605039998	0.00540871770971	0.284422519343
S1251	0.00948841608697	0.712409453452	0.00514710809277	0.272955022368
S12516	0.00910596463904	0.717660078343	0.00523694464043	0.267997012377
S1252	0.00946070820655	0.701759925619	0.00561159153749	0.283167774637
S12524	0.0101126941998	0.701940884421	0.0052311710076	0.282715250372
S12527	0.00960353669352	0.704233754851	0.00508922291846	0.281073485537
S12535	0.00977799439207	0.703150700323	0.00550488866721	0.281566416618
S12540	0.0101927612608	0.700379208859	0.00549810013364	0.283929929747
S12548	0.0101071987263	0.708268814688	0.00556899475945	0.276054991826
S12556	0.0101559930813	0.709767354494	0.00569144247235	0.274385209953
S12563	0.0100243908518	0.702697024857	0.00587024777663	0.281408336514
S12568	0.00934488459636	0.705090280903	0.00569953500188	0.279865299499
S12569	0.00971588073949	0.717940290213	0.00522669085118	0.267117138196
S12570	0.00992798519852	0.703128192531	0.00592634047456	0.281017481796
S12577	0.0102420534106	0.70153063906	0.00552263339481	0.282704674135
S12582	0.0100652564162	0.702022034706	0.00591064457124	0.282002064306
S12583	0.010200612039	0.706965720911	0.00563032333351	0.277203343716
S12585	0.00976220972565	0.7147930868	0.0056696412967	0.269775062178
S12590	0.0093366833473	0.696577158723	0.00496837199793	0.289117785932
S12596	0.00961387370832	0.701824163639	0.00557739920379	0.282984563449
S12597	0.010094706487	0.707057444428	0.00571034705728	0.277137502028
S12604	0.00982985863818	0.715443520371	0.00528210073446	0.269444520256
S12605	0.00988188225802	0.713313407767	0.00541649336357	0.271388216612
S12608	0.00962224488748	0.704728117844	0.00544888584397	0.280200751424
S12617	0.0100316223601	0.702663089678	0.00544817264967	0.281857115313
S12618	0.00972669822499	0.700703001309	0.00498318919625	0.28458711127
S12624	0.0100922801849	0.700823962485	0.00561978169188	0.283463975638
S12628	0.00970199505625	0.706152819019	0.0056770991106	0.278468086814
S12637	0.0101746796107	0.698885705081	0.00550863238379	0.285430982924
S12655	0.00962313721134	0.717143778679	0.00527966268955	0.26795342142
S12658	0.0101036175035	0.700826959868	0.00546894478066	0.283600477848
S1266	0.00959016720442	0.711021580973	0.0052656098695	0.274122641953
S12665	0.00981445277536	0.708469574501	0.00533163799093	0.276384334733
S12666	0.00952607628015	0.696041308247	0.00554978316507	0.288882832308
S12667	0.00963695936677	0.709235899387	0.0052848539777	0.275842287268
S12675	0.00915787434995	0.715307764176	0.00528367140298	0.270250690071
S12682	0.00982633993505	0.711316297282	0.00541430147926	0.273443061304
S12691	0.0103386412991	0.699569915143	0.00553591627657	0.284555527281
