	Neutrophils	Lymphocyte	Monocytes	Other
S10001	0.0398335168144	0.389442961323	0.0503711537593	0.520352368103
S10006	0.0391246375004	0.389271231435	0.0504451754131	0.521158955652
S1001	0.0384638979982	0.392354593708	0.0512597838226	0.517921724471
S10010	0.0416573501351	0.388846735053	0.0529067121718	0.51658920264
S10011	0.039336658149	0.390955687339	0.0528701116625	0.51683754285
S10014	0.0382776949149	0.389747468106	0.0502973869891	0.52167744999
S10026	0.0398039495556	0.393138819761	0.0507447747602	0.516312455923
S10032	0.0395393068819	0.390278349418	0.0531472104064	0.517035133293
S10036	0.0380202897678	0.388142438903	0.0500593168263	0.523777954503
S10042	0.0390863841558	0.392462829026	0.050369657167	0.518081129652
S10044	0.0399885465204	0.392273434334	0.0493918317864	0.518346187359
S10049	0.0394636316967	0.393829659536	0.04943213545	0.517274573317
S10057	0.0360918310284	0.391213636797	0.0495065200208	0.523188012153
S10062	0.0400685915382	0.392276163083	0.0520605803105	0.515594665069
S10066	0.0414988955011	0.385529767018	0.0524840780185	0.520487259462
S10067	0.0380866531841	0.396121955454	0.0492531089097	0.516538282452
S1007	0.0385219713889	0.388958902771	0.050153011082	0.522366114759
S10073	0.0396149365286	0.398241733955	0.0491759745713	0.512967354945
S10077	0.0384658007287	0.388855115535	0.0510945154787	0.521584568257
S10080	0.0392456415002	0.389009455379	0.0526430829819	0.519101820139
S10082	0.039092782861	0.395220840788	0.0507330368264	0.514953339524
S10087	0.0390712234816	0.396780707191	0.0499854506171	0.51416261871
S10089	0.0395234730082	0.389903621278	0.0499233934499	0.520649512264
S1009	0.0374504094833	0.395934795162	0.0499441049106	0.516670690444
S10090	0.0391027752577	0.393765660887	0.0495808537345	0.517550710121
S10093	0.0380345072335	0.385019636244	0.0517924552804	0.525153401242
S10094	0.0401632167732	0.391843673359	0.0520470875344	0.515946022333
S1010	0.0382051133959	0.393353004256	0.0503496841992	0.518092198149
S10111	0.0387980324064	0.397320424253	0.0501571659181	0.513724377422
S10116	0.0363920034247	0.39832799283	0.0503603323554	0.51491967139
S10119	0.0376900659276	0.392220192816	0.0504629013136	0.519626839943
S10121	0.0393329237619	0.394140963344	0.0499933893079	0.516532723586
S10130	0.0393826573832	0.389597265451	0.0516979543166	0.51932212285
S10140	0.0409128231238	0.390451423517	0.0510033503407	0.517632403019
S10142	0.0367211407983	0.397190377692	0.0492693396225	0.516819141887
S10150	0.0412525652523	0.383215231369	0.0526070444714	0.522925158907
S10155	0.0385857852652	0.39287582656	0.0507441891157	0.517794199059
S1016	0.0386766961758	0.388768886192	0.0512982801035	0.521256137529
S10163	0.0394583101114	0.392220926858	0.0514413502056	0.516879412825
S10167	0.0381845852851	0.388487752248	0.0502573404146	0.523070322052
S10168	0.0380770096559	0.398430411713	0.0499435339245	0.513549044707
S10173	0.0382494154806	0.396598565178	0.0506143645338	0.514537654807
S10175	0.0395015367212	0.388204817855	0.0501107557689	0.522182889655
S10179	0.0378631278895	0.399480734581	0.0498675837119	0.512788553817
S10186	0.0347303768499	0.399456035054	0.0501464669865	0.515667121109
S1019	0.0376272849207	0.392686308384	0.0507632852607	0.518923121435
S10190	0.0389196293265	0.396831549854	0.050023435878	0.514225384942
S10195	0.0403229296507	0.388515653076	0.0511927584456	0.519968658828
S10196	0.0394953994071	0.389561939007	0.050219758222	0.520722903364
S10200	0.0398157967651	0.388004435886	0.0520540497843	0.520125717564
S10201	0.0425088348644	0.381687535245	0.051425169008	0.524378460883
S10202	0.0393582498132	0.388808025806	0.0524259641308	0.51940776025
S10205	0.0400906187908	0.391776549504	0.0495638805876	0.518568951118
S10211	0.0376121196656	0.389545444277	0.0484704134359	0.524372022621
S10221	0.0394145039936	0.391451981702	0.0497492823559	0.519384231948
S10222	0.03929411254	0.390171208706	0.0498140217928	0.520720656962
S10226	0.0399141598728	0.394771754146	0.0491014939434	0.516212592038
S10227	0.039945441717	0.384403369765	0.051613856028	0.52403733249
S10228	0.0387851393153	0.392336526303	0.0496856920048	0.519192642377
S10232	0.0352315687201	0.398516185867	0.0483250158827	0.517927229531
S10248	0.0393304602452	0.394222949046	0.0487896765852	0.517656914123
S10249	0.0408963892314	0.383815770502	0.0528778847217	0.522409955545
S1025	0.0379150936728	0.394556137367	0.0500669378462	0.517461831114
S10266	0.0403435553698	0.389669617711	0.0515298245149	0.518457002404
S10269	0.0394377225104	0.389364934741	0.049735758336	0.521461584413
S10272	0.0399869018114	0.388398248612	0.050097004927	0.52151784465
S10273	0.0403037020546	0.390226350369	0.0512618076541	0.518208139922
S10274	0.0400765107329	0.389320178763	0.0513687132969	0.519234597208
S1028	0.039642992739	0.386380297161	0.0511258035337	0.522850906566
S10280	0.0389766246269	0.395850855335	0.0495776546021	0.515594865436
S10283	0.0376038660063	0.397973191623	0.0506530391687	0.513769903202
S1029	0.0382350254959	0.393861484526	0.0505446130973	0.517358876881
S10292	0.0374342828005	0.393881312684	0.0492272038968	0.519457200619
S10294	0.0372001362565	0.393872304096	0.0501213286558	0.518806230992
S10302	0.0386184837262	0.38938081257	0.0500404422222	0.521960261481
S10303	0.0387572703894	0.392661546868	0.0507082960427	0.5178728867
S10323	0.0390216301977	0.391331652668	0.0502877507924	0.519358966342
S10326	0.0396603933564	0.390144484361	0.0503154905981	0.519879631684
S10328	0.0389064121129	0.396710633898	0.0489733043928	0.515409649596
S10329	0.0386012624013	0.39489852845	0.0496272242622	0.516872984887
S10336	0.0394378926937	0.389987960586	0.0506902921426	0.519883854578
S10340	0.0397427686623	0.395216628495	0.0497378803863	0.515302722456
S10347	0.038342715574	0.391902487566	0.0504372741415	0.519317522719
S10353	0.0389604138507	0.39094733656	0.0502582466544	0.519834002935
S10356	0.0380061794728	0.391476886914	0.0510340104321	0.519482923181
S10358	0.0402876309866	0.389154927578	0.0507172859691	0.519840155466
S10365	0.0399826464015	0.390472245533	0.0521793967437	0.517365711322
S1037	0.0363233773179	0.404447633836	0.0484185048162	0.51081048403
S10373	0.0379920078773	0.394212022275	0.049850055493	0.517945914354
S10374	0.0374197369787	0.388350487703	0.0495230094065	0.524706765911
S10375	0.0397584850445	0.392667356886	0.0509874264493	0.516586731621
S10377	0.0370489551582	0.385272515404	0.0516667684218	0.526011761016
S10378	0.0393617989888	0.397377736915	0.0493923085845	0.513868155512
S10390	0.0378362959049	0.3884778059	0.0508038538602	0.522882044335
S10391	0.0372165133806	0.385547219279	0.0496293473632	0.527606919978
S10393	0.0384577762873	0.391334224988	0.0488741273743	0.521333871351
S10400	0.0394067739084	0.387260800297	0.0527404962066	0.520591929588
S10401	0.038494595424	0.389895006108	0.0506160097993	0.520994388669
S10406	0.0405310163476	0.387212926898	0.051175417056	0.521080639698
S10408	0.0399125687315	0.393385612861	0.0506864197144	0.516015398693
S10409	0.0386505151689	0.392764423602	0.0500153443562	0.518569716872
S10418	0.0397624621341	0.382150533235	0.0504970589455	0.527589945686
S10431	0.0389503537161	0.388964332878	0.051254295074	0.520831018331
S10438	0.0381685270107	0.391752674652	0.0516082450736	0.518470553263
S10439	0.0393395590377	0.387797548726	0.05280248852	0.520060403717
S10441	0.0402222577999	0.388932477471	0.0515857419696	0.519259522759
S10442	0.0396292187239	0.392258213004	0.0524244602826	0.515688107989
S1046	0.0410007696088	0.388445027696	0.0519765123058	0.518577690389
S10478	0.0424680741873	0.382691509017	0.0533569377997	0.521483478996
S10480	0.0362329821819	0.395253744923	0.048898936851	0.519614336044
S10484	0.0397405083469	0.387250273729	0.0515385067871	0.521470711137
S10492	0.0383268000497	0.396058264886	0.0504447655672	0.515170169497
S10496	0.038777768626	0.399319967115	0.0487407666019	0.513161497657
S10510	0.0361744237046	0.391203116241	0.0491644897855	0.523457970268
S10513	0.0396225084013	0.387564449759	0.0516026819524	0.521210359887
S10516	0.0382210481989	0.388287022613	0.0511398357619	0.522352093426
S10534	0.0391811288549	0.395109015638	0.0502618262791	0.515448029228
S10535	0.0373647430004	0.396088833487	0.0500407962006	0.516505627312
S10537	0.0397852580232	0.388434832754	0.0517366982832	0.52004321094
S1054	0.0375460507112	0.393544022827	0.0503701297929	0.518539796669
S10543	0.0392276454821	0.394479343027	0.0499577969075	0.516335214584
S10546	0.0380109318313	0.38982091882	0.0506099259624	0.521558223386
S1055	0.0406471968845	0.383417103937	0.0526478660408	0.523287833138
S10551	0.038085659059	0.390858076587	0.0506333244527	0.520422939901
S10552	0.0398734456528	0.386163007507	0.0508984144988	0.523065132342
S10555	0.0390078497065	0.400141290116	0.0505358748268	0.510314985351
S10559	0.0393435099212	0.38923084959	0.0511899768051	0.520235663684
S1056	0.0389576451645	0.396889513688	0.0500142119967	0.514138629151
S10563	0.0405208593573	0.390159523292	0.0505981118656	0.518721505485
S10574	0.0385955489823	0.397058881853	0.0499610197662	0.514384549399
S10576	0.0403341347362	0.386439315606	0.0506019328738	0.522624616784
S10578	0.0397663273847	0.385170180312	0.0514891945266	0.523574297776
S10579	0.0404309726575	0.390293696433	0.050220170613	0.519055160297
S10582	0.0405141370551	0.393238517275	0.0498818320939	0.516365513576
S1059	0.039481231322	0.391230704691	0.0516147499391	0.517673314048
S10599	0.0406743383316	0.386310491417	0.0531481468618	0.519867023389
S10611	0.0398969270099	0.390152432704	0.0500313742065	0.51991926608
S10614	0.0415081787877	0.387355480377	0.0528487112401	0.518287629595
S10624	0.0378688647162	0.393481192482	0.0495821223224	0.519067820479
S10632	0.0388240291135	0.387819367621	0.051199056209	0.522157547056
S10634	0.0394499766804	0.39521615527	0.0492785065893	0.516055361461
S10638	0.039556360094	0.391703703988	0.051295224077	0.517444711841
S10644	0.0387232419604	0.395013418522	0.0501454304043	0.516117909113
S10649	0.0416057172107	0.389113153377	0.0496867326885	0.519594396724
S10652	0.0397652001316	0.388907537856	0.05072297943	0.520604282582
S10654	0.0390587365999	0.394956433843	0.0492520882172	0.516732741339
S10655	0.0389063811594	0.393690640182	0.0510857063236	0.516317272335
S10656	0.0393853458329	0.395171392055	0.0486347662419	0.51680849587
S10657	0.0379337893828	0.389214909988	0.0513431164916	0.521508184137
S10658	0.0399438396191	0.397405980341	0.0500398983741	0.512610281666
S10660	0.0350534276682	0.393959015581	0.0501696359456	0.520817920805
S10661	0.0386036600409	0.399169394952	0.0497683087933	0.512458636214
S10676	0.0400155918232	0.386622922542	0.0504637831883	0.522897702446
S1068	0.0386595621127	0.396915888454	0.0497477815833	0.51467676785
S10681	0.0380036103551	0.387241244022	0.0504383784262	0.524316767197
S10686	0.0381566460476	0.387140603997	0.0508469999382	0.523855750017
S10688	0.0392104943142	0.39805092879	0.0495009122468	0.513237664649
S10690	0.0381178350322	0.389775179864	0.0507934058298	0.521313579274
S10698	0.0386766446103	0.398943044885	0.0501127442076	0.512267566297
S107	0.0386501826037	0.396839841944	0.0498556093347	0.514654366117
S10703	0.0378372336567	0.395197815082	0.0509386698763	0.516026281385
S10726	0.0386383956183	0.392232600578	0.0506518983389	0.518477105465
S10729	0.0386740489087	0.386553087101	0.0509487013265	0.523824162664
S10733	0.0396161198313	0.390977830764	0.0519490137055	0.517457035699
S10734	0.0366085699952	0.393087488598	0.0508842966674	0.519419644739
S10735	0.0386047413964	0.393713840651	0.0509071616348	0.516774256318
S10740	0.0410803776655	0.38735179321	0.0537533418406	0.517814487284
S10745	0.0409816622868	0.386613954007	0.0516184960958	0.520785887611
S10748	0.0383431182789	0.39214594719	0.0507927189283	0.518718215602
S10753	0.0406944748692	0.390447900845	0.0521112656855	0.5167463586
S10756	0.0392877271288	0.393394866567	0.0500492562979	0.517268150007
S10757	0.037515549041	0.401426023506	0.048484088253	0.5125743392
S1076	0.0395523204291	0.391079152791	0.0511119982329	0.518256528547
S10764	0.0381056207811	0.387622973218	0.0495724492939	0.524698956707
S10767	0.036448756315	0.396138658058	0.0490417592153	0.518370826412
S10776	0.0407767668364	0.39289778128	0.0515797104296	0.514745741454
S10778	0.0410296803708	0.392963792306	0.0502699234705	0.515736603853
S10784	0.0413955213798	0.387950092618	0.0522219856246	0.518432400377
S10787	0.0384074208021	0.394057617128	0.0513818180912	0.516153143978
S10800	0.0392652715072	0.39459345718	0.0502093821452	0.515931889168
S10805	0.0403332912946	0.386875029644	0.0511736696846	0.521618009377
S10813	0.0396045838341	0.392643541794	0.0507832725102	0.516968601862
S10814	0.0378876953296	0.38716040737	0.0483660757463	0.526585821554
S10815	0.0400918995645	0.393957879673	0.0496205523561	0.516329668406
S10817	0.0380721357413	0.391065855248	0.0494028790246	0.521459129986
S1083	0.0386910128105	0.395095637324	0.0500190760138	0.516194273852
S10835	0.0383351607689	0.386897784509	0.0521371388177	0.522629915905
S10838	0.0398444250318	0.391736058391	0.0502617099118	0.518157806666
S10844	0.0385389435398	0.393258831369	0.049690932757	0.518511292334
S10845	0.0402959377571	0.39027391476	0.0508246594582	0.518605488025
S10846	0.0366740088916	0.398916020336	0.0489329984387	0.515476972334
S10853	0.0406838383335	0.382289629312	0.0503195035482	0.526707028806
S10854	0.0379306295868	0.397787588687	0.0505873958744	0.513694385852
S10865	0.0390101395482	0.39566523795	0.050568528709	0.514756093793
S10866	0.0397798656048	0.387970784233	0.0511019726945	0.521147377468
S10869	0.0417291891668	0.387084816316	0.0523928585851	0.518793135932
S10873	0.0396565553701	0.390989788233	0.0513091992019	0.518044457195
S10876	0.0384601332538	0.398153224719	0.0499576891187	0.513428952908
S10883	0.0396245048068	0.385353791945	0.0518323592526	0.523189343996
S10885	0.0392318597226	0.387978554116	0.0519019878779	0.520887598284
S10893	0.040428029854	0.38549690759	0.0516267153956	0.522448347161
S10895	0.0401137837126	0.388912548805	0.0526101371327	0.51836353035
S10902	0.0378941669822	0.393262633196	0.0488658078045	0.519977392017
S10903	0.0390357294372	0.384270436193	0.0518417263093	0.52485210806
S1092	0.0417732406967	0.388801751765	0.051392406864	0.518032600674
S10925	0.0387311346704	0.39017939752	0.0499700764241	0.521119391386
S10927	0.0410181466719	0.389953706196	0.0525354726038	0.516492674528
S10936	0.0387735747004	0.395198822587	0.0501544595644	0.515873143148
S10945	0.0417924164297	0.39144585385	0.0524152850114	0.514346444709
S10947	0.037857710519	0.388805024285	0.0511058304121	0.522231434784
S10949	0.039232507565	0.394170158269	0.0486304188895	0.517966915277
S1095	0.0388597672099	0.390319502142	0.0509552492247	0.519865481424
S10961	0.0401120405344	0.388335585058	0.0515167409185	0.520035633489
S10969	0.0388384515992	0.398591646317	0.0491209386716	0.513448963412
S10972	0.0391750093423	0.389630351917	0.0526415945491	0.518553044192
S10973	0.0408639787013	0.389282870738	0.0506194448546	0.519233705706
S10978	0.0408355299298	0.393782626465	0.050137906364	0.515243937242
S10979	0.0392762984092	0.392744077144	0.0498316348208	0.518147989626
S10986	0.0398174194834	0.388553418226	0.0514805051196	0.520148657171
S10989	0.039228231345	0.392670867232	0.0500931747958	0.518007726627
S10995	0.0401142540059	0.391342556447	0.0509921323718	0.517551057175
S11005	0.0378916239278	0.394155884726	0.0508157810493	0.517136710297
S11008	0.0401970266871	0.391158871433	0.0501580511406	0.51848605074
S11010	0.0365431320154	0.389151207981	0.0488253491851	0.525480310818
S11013	0.039659938946	0.39134908637	0.0524898828088	0.516501091875
S11016	0.0389008009682	0.393584411896	0.0497887368031	0.517726050333
S11017	0.0395657852617	0.386679047782	0.0544329918197	0.519322175137
S11020	0.0402315073553	0.389746941877	0.0522746879453	0.517746862822
S11027	0.0403278762156	0.387846911105	0.0515793375487	0.520245875131
S11035	0.0397407381427	0.387109548547	0.0499833149961	0.523166398314
S11041	0.0395078257709	0.394131221391	0.050021710677	0.516339242161
S1106	0.0395728508795	0.392885752062	0.0502802876023	0.517261109456
S11071	0.0356297998413	0.400365957275	0.0497830375185	0.514221205365
S11076	0.0388177221302	0.391435870664	0.049474805096	0.52027160211
S11078	0.0405324121121	0.389440548966	0.0518181835978	0.518208855324
S11081	0.0386435266929	0.391900487659	0.0508976151295	0.518558370518
S11086	0.0396349843954	0.389080773007	0.0498696207485	0.521414621849
S1109	0.0399603803143	0.384420956306	0.0527641647067	0.522854498673
S11096	0.0410529453032	0.38619609095	0.0524181629581	0.520332800789
S11100	0.0389924800502	0.395588910569	0.0491505647157	0.516268044666
S11107	0.0406344596296	0.389041039395	0.0508845960693	0.519439904907
S11109	0.0410061286153	0.38537060709	0.0510051935071	0.522618070788
S1111	0.0375161771578	0.397218924127	0.048547617057	0.516717281658
S11119	0.0397353639546	0.392016840143	0.0502051842529	0.51804261165
S11127	0.0388032757232	0.391811321753	0.0504392093029	0.518946193221
S11136	0.0377471315888	0.392917864645	0.050425849079	0.518909154687
S11147	0.0405740598647	0.388251828894	0.050149613979	0.521024497262
S11150	0.041603443623	0.389528673053	0.0495673869315	0.519300496393
S11152	0.0397836108967	0.389061851911	0.0508864826242	0.520268054568
S1116	0.0387585808167	0.397378803191	0.0493865093773	0.514476106615
S11163	0.0390941329277	0.398468599521	0.0483648386201	0.514072428931
S11164	0.0408108937631	0.385157207929	0.0526152138283	0.52141668448
S11166	0.0360722959214	0.384081047687	0.0495167056537	0.530329950738
S11173	0.0398741728112	0.390721679254	0.050329690355	0.51907445758
S11174	0.0379306581021	0.392574314486	0.0515301389985	0.517964888414
S11182	0.0391876981329	0.400750665213	0.0505231439261	0.509538492728
S11188	0.0400770403866	0.390341198857	0.0507584072553	0.518823353501
S11189	0.0404440853744	0.397725039997	0.0501760442323	0.511654830397
S1119	0.0365949443821	0.396858606155	0.0501179251807	0.516428524282
S11195	0.0393242164495	0.399437773316	0.0518471948364	0.509390815398
S11197	0.0378117867827	0.395614481834	0.0493551063886	0.517218624995
S11198	0.0424747814059	0.385431719241	0.0525002124808	0.519593286873
S11211	0.038944373924	0.388637365181	0.053424300643	0.518993960252
S11214	0.03799902932	0.390689054691	0.0494119830332	0.521899932956
S11216	0.0403771110179	0.391826051394	0.0521218577256	0.515674979862
S11224	0.0395240340084	0.391707880134	0.0497526214575	0.5190154644
S11236	0.0398220623969	0.391802817432	0.0520111989335	0.516363921238
S11241	0.0384624262335	0.38862675966	0.0497621059344	0.523148708172
S11243	0.0392129042425	0.39363562163	0.0505550008876	0.51659647324
S11245	0.0385651924301	0.389173400405	0.0514096588099	0.520851748355
S11249	0.0383388912561	0.391380033385	0.051172018153	0.519109057206
S11274	0.0368556617819	0.387582103015	0.0507044878563	0.524857747347
S11280	0.0380980509503	0.394293483291	0.051182440641	0.516426025118
S11281	0.0385798787061	0.390634341858	0.0531315998968	0.517654179539
S11285	0.0376472435858	0.390922522942	0.0506983787705	0.520731854702
S11298	0.0381252213995	0.392640084177	0.0511875311241	0.518047163299
S11311	0.0387523028007	0.39290395637	0.0515590622251	0.516784678604
S11312	0.0404539091004	0.389621837439	0.0521796384619	0.517744614999
S11316	0.0390690861682	0.392357283787	0.052148662931	0.516424967114
S1133	0.0387864818198	0.390205508834	0.0490993847485	0.521908624598
S11330	0.0400003074373	0.391292687896	0.0497739218064	0.518933082861
S11332	0.0378746143958	0.401222139107	0.0480129528043	0.512890293693
S11334	0.0379950843138	0.395346431455	0.0503931772534	0.516265306978
S11335	0.0406584349198	0.390652040122	0.0504509344378	0.518238590521
S11345	0.0379416875132	0.391277273494	0.0490682291144	0.521712809878
S11349	0.039024721247	0.391243386024	0.0530340927928	0.516697799936
S1135	0.0391025705332	0.387614632111	0.0515735764483	0.521709220907
S11352	0.0401155818866	0.385362914904	0.0525242004288	0.521997302781
S11353	0.0409519196764	0.388692113286	0.0513588790207	0.518997088017
S11368	0.0394857399361	0.38769104408	0.0516039817017	0.521219234283
S11369	0.0383417178572	0.390636184292	0.05211444617	0.51890765168
S11371	0.0374652724609	0.392721325912	0.0491853682246	0.520628033403
S11377	0.039829825387	0.385591069518	0.0539080526254	0.52067105247
S11378	0.0359316413192	0.388419643954	0.0494052250134	0.526243489713
S11383	0.0377374618485	0.399741471304	0.0496737893112	0.512847277536
S11384	0.0366256469637	0.394998403971	0.0482842829881	0.520091666077
S11392	0.0387412540543	0.392986999267	0.0506514149194	0.517620331759
S1140	0.038898851358	0.383547155553	0.0510951379991	0.526458855089
S11410	0.0394050978207	0.389989286547	0.0501789044649	0.520426711167
S11411	0.0381334013725	0.397750635864	0.0494829282194	0.514633034544
S11414	0.0388361932133	0.392241581461	0.0493907172443	0.519531508082
S11419	0.0397088300542	0.393492917227	0.0507575715998	0.516040681119
S11424	0.038161013056	0.39194742315	0.0514602826131	0.518431281181
S11425	0.0389010734286	0.397412403401	0.049734462328	0.513952060842
S11433	0.0387673385998	0.392560439437	0.0516084076277	0.517063814335
S11434	0.0393098673734	0.395686291584	0.0505636874853	0.514440153557
S11436	0.0396177543612	0.388469394578	0.0528383415401	0.519074509521
S11437	0.0385600801008	0.39530081345	0.0489344558261	0.517204650623
S11440	0.0421305330046	0.386121212335	0.0511566680354	0.520591586625
S11449	0.0395395950017	0.396282247179	0.0494279469676	0.514750210851
S11459	0.0370600730616	0.393111217276	0.0506689531321	0.51915975653
S11477	0.0402326111701	0.389314759538	0.0518044344357	0.518648194856
S11480	0.0400425602989	0.388089254594	0.0514072495384	0.520460935569
S11486	0.0386241243995	0.391567246755	0.0501557288913	0.519652899954
S11501	0.0371584005709	0.38639993883	0.0507370483275	0.525704612272
S11504	0.0366548087896	0.393572060534	0.0503269414673	0.519446189209
S11507	0.0374701729608	0.397714190517	0.0496902514875	0.515125385034
S11518	0.0365473726669	0.39521704691	0.0519699817336	0.516265598689
S11525	0.0366029388083	0.391843812133	0.049743998831	0.521809250228
S11531	0.0395359639228	0.391376923999	0.0511791659101	0.517907946168
S11532	0.0372583557602	0.398851144189	0.0486433562873	0.515247143764
S1154	0.0379113992666	0.392216704424	0.0506752216072	0.519196674703
S11542	0.038872559158	0.387553079446	0.0511248019133	0.522449559482
S11543	0.0399280108525	0.389968090887	0.0502745426555	0.519829355605
S11546	0.0403649048215	0.392085567802	0.0519080953114	0.515641432065
S1155	0.0399608657678	0.388735134281	0.0519433010079	0.519360698943
S1156	0.0343759825292	0.394974064553	0.0479839095507	0.522666043367
S11568	0.0398150335447	0.389926599168	0.0503956513383	0.519862715949
S11576	0.0380482904934	0.397017232072	0.0506132402571	0.514321237178
S11584	0.0412063105809	0.387813380669	0.052346882052	0.518633426699
S11586	0.0401778845686	0.394280135814	0.0509678777594	0.514574101858
S11590	0.0403514755332	0.391880338554	0.0506801807937	0.51708800512
S11592	0.03710927384	0.392400548945	0.0507688161284	0.519721361086
S11593	0.0401955411822	0.393382872268	0.051421152231	0.515000434318
S11599	0.0383646424238	0.388244391155	0.0508445343897	0.522546432032
S1160	0.0373725605598	0.39042275331	0.0501238295815	0.522080856549
S11610	0.0392583173343	0.390865151549	0.0510107891433	0.518865741974
S11615	0.0393421085185	0.39187771637	0.0522956461985	0.516484528913
S11629	0.0395747893485	0.388318831684	0.0501208500998	0.521985528868
S11631	0.0371418405657	0.396531574555	0.0517221308051	0.514604454074
S1164	0.0396813706085	0.39259046856	0.0507284315853	0.516999729246
S11642	0.0381771344558	0.384586318591	0.0515778174121	0.525658729541
S11656	0.0374783273015	0.38961026452	0.0510459778904	0.521865430288
S11663	0.0394254662034	0.393951242258	0.0497020399705	0.516921251568
S11667	0.0401484697088	0.391793481443	0.0513895521513	0.516668496697
S11668	0.0394203341119	0.391789704466	0.0503579465897	0.518432014833
S1167	0.0383318654093	0.392243107802	0.0494909636624	0.519934063126
S11673	0.0372046170275	0.388559389985	0.0510612771845	0.523174715802
S11682	0.0407781538949	0.389898728207	0.0511247583782	0.51819835952
S11693	0.0382387945906	0.393650596785	0.0510284513077	0.517082157317
S11696	0.0392595969214	0.396511536738	0.0499963151973	0.514232551143
S11699	0.040023173114	0.394288643	0.0499108963531	0.515777287533
S117	0.0361626903617	0.382216807867	0.0508803737353	0.530740128036
S1170	0.0390345351196	0.39547221748	0.0500288873818	0.515464360019
S11709	0.0397224314006	0.391845276697	0.0505025016583	0.517929790244
S11713	0.0331340089444	0.400697986637	0.0492284662202	0.516939538199
S11717	0.0374552980379	0.394172033927	0.0497732946364	0.518599373399
S1173	0.0393543459064	0.38651393096	0.0516053970027	0.522526326131
S11731	0.0414697312915	0.384608121381	0.0528414758444	0.521080671483
S11732	0.0394465518052	0.392229638062	0.0502540684616	0.518069741671
S11733	0.0382209652449	0.392467406445	0.052543011659	0.516768616652
S11734	0.0390226683894	0.388151538832	0.0500907863742	0.522735006405
S11735	0.0406242856344	0.391657620531	0.0515139492125	0.516204144622
S11737	0.037123514075	0.388300841271	0.0510392981696	0.523536346485
S11745	0.0396535293263	0.388311188098	0.0520128900891	0.520022392486
S11760	0.0387018374566	0.387416736332	0.0515316432736	0.522349782937
S11761	0.0342718702678	0.402217069879	0.048717717899	0.514793341954
S11769	0.0411261221484	0.384639125335	0.0526583328508	0.521576419666
S11783	0.0387033371989	0.394225460597	0.0494799901348	0.51759121207
S11784	0.0397692301767	0.395109689224	0.0498427127483	0.515278367851
S11786	0.0403981129427	0.393862283239	0.0511856488731	0.514553954945
S11797	0.0392501305088	0.390097550641	0.0518005716156	0.518851747235
S11799	0.0384027579125	0.390737424314	0.0505455548247	0.520314262948
S118	0.0399399490884	0.390057288598	0.0507698958655	0.519232866448
S11800	0.0390345468937	0.392797060224	0.0503585993991	0.517809793483
S11802	0.0381956256218	0.387479890418	0.0516569910983	0.522667492862
S11806	0.0399684876871	0.38556413205	0.0502020790553	0.524265301207
S11807	0.0357116541608	0.394275303359	0.0498964850859	0.520116557394
S11810	0.0376470786985	0.395483840712	0.0502537210351	0.516615359555
S11811	0.0402086983572	0.387458562891	0.0516606930229	0.520672045729
S11812	0.0383308446872	0.38835006475	0.0500252311028	0.52329385946
S11820	0.0399713953461	0.390249850394	0.0513782631281	0.518400491132
S11822	0.0411056871876	0.388391086402	0.0513016950401	0.519201531371
S11823	0.0388476439727	0.39232503562	0.0504167957783	0.518410524629
S11826	0.0393337868975	0.388086635187	0.0495697211364	0.523009856779
S1183	0.03564640487	0.3867192061	0.0514068749673	0.526227514063
S1184	0.0385296180425	0.392783495309	0.0514486777722	0.517238208876
S11842	0.0376749112946	0.397033609098	0.0499539021406	0.515337577467
S11843	0.0408492447707	0.390408008917	0.0524570429773	0.516285703335
S11844	0.0385134610814	0.395193904962	0.0504358866137	0.515856747343
S11850	0.0380857306508	0.39060899364	0.0515245727408	0.519780702968
S11853	0.0391066176948	0.392175268685	0.0504039919106	0.51831412171
S11857	0.0397911048194	0.388971271648	0.0515449265219	0.519692697011
S11858	0.0394590198451	0.385770518272	0.0505025854672	0.524267876415
S11860	0.0396959910446	0.392862359337	0.0504742827544	0.516967366864
S11864	0.0375328311784	0.389249054386	0.0507902882266	0.522427826209
S11870	0.039794860042	0.390992469304	0.0501759606184	0.519036710036
S11875	0.0394488316079	0.39578337052	0.0483876141755	0.516380183697
S11877	0.0367981795681	0.383962650711	0.0506007076384	0.528638462082
S11878	0.0382481870656	0.391552847081	0.0516066039855	0.518592361868
S11882	0.0373495405039	0.39082396031	0.0508252503723	0.521001248814
S11883	0.0386982944474	0.383232333483	0.0513619648325	0.526707407237
S11884	0.0415397243463	0.390361908508	0.0515767986543	0.516521568492
S11886	0.0397129956073	0.385660489439	0.0511762793684	0.523450235585
S11897	0.0406957290966	0.393912395993	0.0508462334711	0.51454564144
S1190	0.0392444555888	0.391861402729	0.0490627036787	0.519831438004
S11903	0.0411917415294	0.384826080066	0.0521551975283	0.521826980876
S11905	0.0399771342722	0.382555398798	0.0520033778424	0.525464089087
S11907	0.0388488164627	0.390848536405	0.0508099934827	0.51949265365
S11914	0.0393994418245	0.38653316765	0.0516346200047	0.522432770521
S11917	0.03916874874	0.393493582225	0.0494564148855	0.517881254149
S11928	0.0382325329434	0.387004826158	0.0514496154267	0.523313025472
S11929	0.0394955835862	0.396250732874	0.0509515812858	0.513302102254
S1193	0.0380974691302	0.390716969556	0.0508398197757	0.520345741538
S11930	0.0370268144025	0.392226647354	0.0512873871045	0.519459151139
S11934	0.038411651039	0.395232566446	0.0487406744377	0.517615108077
S11939	0.04139950167	0.39014137393	0.0509790941036	0.517480030296
S11944	0.0384656709323	0.395491375034	0.0487272000013	0.517315754032
S11945	0.0373339655204	0.391942505369	0.0486205569298	0.522102972181
S11957	0.0401289519281	0.395026851682	0.0494091609248	0.515435035465
S11958	0.0402110191691	0.38648502756	0.0501250349698	0.523178918301
S1196	0.0400985133919	0.385606695768	0.0520074446129	0.522287346227
S11960	0.0381131832498	0.389485265719	0.0498831344473	0.522518416584
S11965	0.0373390578748	0.395289239795	0.0471340177863	0.520237684544
S11967	0.0405801949334	0.390191274037	0.0498484977465	0.519380033283
S1197	0.0387260474941	0.382817387331	0.0520141904891	0.526442374686
S11973	0.0375934754542	0.397585585065	0.0483388992859	0.516482040195
S11974	0.0392713307426	0.385422181024	0.0528776658515	0.522428822382
S11980	0.0405840577013	0.388957638422	0.0515744131379	0.518883890738
S11985	0.0397619185021	0.389684452107	0.0513314231239	0.519222206267
S11987	0.0409197735222	0.387416663849	0.0522909873968	0.519372575232
S11993	0.040008131609	0.392134554263	0.0514352304879	0.51642208364
S12001	0.0394769620287	0.388254216085	0.0498139542775	0.522454867608
S12004	0.0384065691216	0.391720939769	0.051031742343	0.518840748766
S12006	0.0388924655505	0.398529540632	0.0478434511644	0.514734542653
S12010	0.0367657968814	0.389301588289	0.0511512212293	0.522781393601
S12011	0.0396867013566	0.390219164629	0.0527765515958	0.517317582419
S12012	0.0390887324677	0.384643326148	0.052086521781	0.524181419603
S12022	0.0389192615334	0.389087825726	0.0505585458182	0.521434366922
S12043	0.0406752328261	0.394287732673	0.0496458871784	0.515391147322
S12052	0.0383893637648	0.392130643714	0.0500394504	0.519440542122
S12056	0.0395868623276	0.395283971876	0.0499180561378	0.515211109659
S12057	0.0400902984371	0.39139303532	0.0503180199691	0.518198646274
S12058	0.0394585670818	0.382541896062	0.0509408175131	0.527058719343
S12061	0.0385804150232	0.392516756215	0.0499612501598	0.518941578602
S12064	0.0377622136932	0.396387888935	0.0497653298045	0.516084567568
S12073	0.040943439077	0.384983285834	0.0516201216715	0.522453153417
S12076	0.0384666200514	0.393051423754	0.050401354439	0.518080601755
S12079	0.0391253708464	0.388116953478	0.0486703319509	0.524087343724
S12089	0.0391500241855	0.387316666201	0.0519883858161	0.521544923797
S12098	0.0387103300238	0.393894107296	0.0509790107098	0.51641655197
S1210	0.0394868607425	0.394131640443	0.0493887291862	0.516992769628
S12101	0.0381768521749	0.385625824362	0.0506346828425	0.52556264062
S12105	0.0390916258085	0.399490726175	0.0492352773524	0.512182370664
S12106	0.0382394047628	0.387265282967	0.0515098412998	0.52298547097
S1212	0.0392502535479	0.397859674439	0.0488819092851	0.514008162728
S12120	0.0411578803045	0.392111135199	0.0508060976239	0.515924886873
S12129	0.039262014667	0.39372139772	0.0504701138138	0.516546473799
S12137	0.0410084316349	0.389538782417	0.0509368025598	0.518515983389
S12140	0.0367872011276	0.390851288055	0.0503384858307	0.522023024986
S12159	0.0380412669741	0.396823412537	0.0494609476874	0.515674372801
S12170	0.0408215741143	0.390192005846	0.0512302167514	0.517756203288
S12178	0.0384758474254	0.392446437819	0.0494140552808	0.519663659475
S12179	0.0394792562372	0.400710015742	0.0484598660465	0.511350861974
S1218	0.039016866087	0.39332441046	0.0515303860882	0.516128337364
S12182	0.0380490836299	0.392101788019	0.0499064915418	0.51994263681
S12196	0.0391384130859	0.389894316154	0.0514756185015	0.519491652258
S12198	0.0393807968224	0.392306775991	0.050666608516	0.517645818671
S1220	0.039045645225	0.391390262306	0.050107746744	0.519456345725
S12200	0.0393636079434	0.390590139795	0.0500802039542	0.519966048307
S12202	0.0390436275573	0.387951259949	0.0514030025248	0.521602109969
S12206	0.0397342215348	0.388170094872	0.0522074890725	0.519888194521
S12208	0.0380050952898	0.394478146813	0.0520917176156	0.515425040282
S12215	0.0376364745202	0.394110792452	0.0510317755678	0.51722095746
S12221	0.0390996382226	0.399430757062	0.0485561522153	0.5129134525
S12228	0.0395371014914	0.389627106488	0.052526714159	0.518309077862
S12231	0.0405075865184	0.38913492415	0.0500947594753	0.520262729856
S12240	0.0362728018641	0.391389100509	0.0494974089463	0.52284068868
S12241	0.03852633866	0.389902041143	0.0514055914862	0.520166028711
S12244	0.038177267678	0.391247698383	0.0502081092191	0.52036692472
S12245	0.0393662982573	0.390942368114	0.0502088989856	0.519482434643
S12249	0.0386995447362	0.39341548719	0.0515111023169	0.516373865757
S12251	0.0392645873783	0.388345855549	0.0511524559412	0.521237101131
S12261	0.0374129897067	0.385865350265	0.0507064231275	0.526015236901
S12264	0.0382302454981	0.39358366736	0.0501002193674	0.518085867774
S12265	0.0389205189873	0.389172617901	0.0518475644849	0.520059298627
S12271	0.040744815299	0.390209806535	0.0519195859121	0.517125792254
S12276	0.0378315804191	0.397797391169	0.0496141398701	0.514756888541
S12278	0.0386775814206	0.391337652318	0.0498754875212	0.52010927874
S12279	0.0395938846733	0.39139279956	0.0509056938687	0.518107621898
S12282	0.0394687270557	0.388971906616	0.0518166967293	0.519742669599
S12285	0.038562335688	0.391388452703	0.0502438865551	0.519805325054
S12291	0.0396977199052	0.395458655606	0.0488134356767	0.516030188812
S12294	0.0396802434771	0.389182298243	0.0510898507011	0.520047607579
S12308	0.0398556587737	0.389256834027	0.052012397741	0.518875109458
S12335	0.0383737282526	0.38608384357	0.0526366055741	0.522905822603
S12344	0.0384143636056	0.391859723537	0.0494059724252	0.520319940432
S12347	0.039135018077	0.387187164548	0.0511492358499	0.522528581525
S12348	0.0381842579366	0.392873454288	0.0501542648426	0.518788022933
S12354	0.0368153566608	0.402777646383	0.0493349531287	0.511072043828
S1236	0.0403781168343	0.392147772691	0.0506675507487	0.516806559726
S12365	0.0381591843199	0.390134094931	0.051646913658	0.520059807091
S12366	0.0414088564664	0.387485769216	0.0519860043251	0.519119369992
S12374	0.0410661907874	0.393000364872	0.0507785663937	0.515154877947
S12385	0.0404175922125	0.392286651661	0.051557124734	0.515738631393
S1239	0.0390672141767	0.389514909315	0.0518306163129	0.519587260195
S12391	0.0393787154548	0.392388794193	0.0497490012179	0.518483489134
S12394	0.0404953938885	0.387908238723	0.051777714182	0.519818653206
S12406	0.039911881658	0.388712225078	0.0509857764817	0.520390116783
S1241	0.0392881327681	0.383632550793	0.0512467949332	0.525832521506
S12410	0.0378715263882	0.392156846281	0.0495464442491	0.520425183081
S12417	0.0408485007236	0.387135292422	0.0511320124526	0.520884194402
S12419	0.0397374093737	0.388768427108	0.0517882155295	0.519705947989
S12428	0.0389537797669	0.39237314258	0.0510804394162	0.517592638236
S12431	0.0410395181209	0.393195889258	0.0503341632519	0.515430429369
S12432	0.0385080872662	0.39805192039	0.0514149615509	0.512025030792
S12436	0.0393633672734	0.388890553259	0.0510730704374	0.52067300903
S12437	0.0400526303838	0.391798284807	0.0514350382991	0.51671404651
S12439	0.039849887749	0.387881567699	0.052400724743	0.519867819809
S12440	0.0394149144568	0.392878338041	0.0508954793372	0.516811268165
S12441	0.0395772560407	0.383395330725	0.0511095439494	0.525917869285
S12447	0.0398845992378	0.392720235048	0.0513670013114	0.516028164402
S12450	0.0411301660659	0.386125245604	0.0516631128436	0.521081475486
S12452	0.0380688171059	0.393614273757	0.0497443392243	0.518572569912
S1246	0.0384259224598	0.391219960483	0.0497043499973	0.52064976706
S12463	0.0381836728823	0.392898821266	0.049560598027	0.519356907824
S12464	0.03712544415	0.395919070439	0.0490136109444	0.517941874467
S12488	0.0354486606822	0.398523800003	0.0495637511237	0.516463788191
S12489	0.0399713355582	0.389085440253	0.0513404970164	0.519602727172
S12496	0.0368269221417	0.391226579016	0.0510919179667	0.520854580876
S12500	0.0397051925676	0.391813858149	0.0507823575719	0.517698591711
S12501	0.0376680239944	0.393715081214	0.049690071544	0.518926823248
S1251	0.038636567732	0.3918286711	0.0515122081179	0.51802255305
S12516	0.0377341204675	0.393651495337	0.0507887991751	0.51782558502
S1252	0.0390051568274	0.390701497526	0.0516069037229	0.518686441924
S12524	0.0400634172602	0.389606532466	0.0508632839203	0.519466766354
S12527	0.0384363567945	0.389669050489	0.0499965744498	0.521898018266
S12535	0.0414497655613	0.381098126935	0.0535438640818	0.523908243422
S12540	0.0405539374158	0.389664217528	0.0501469225088	0.519634922548
S12548	0.0385688690323	0.389648403002	0.0503939398461	0.521388788119
S12556	0.040163470909	0.387702775823	0.0518087080866	0.520325045182
S12563	0.0401469122465	0.3884929426	0.0518870263862	0.519473118767
S12568	0.0371797180218	0.393867819254	0.051897477464	0.517054985261
S12569	0.0384695962661	0.392800739211	0.0501195998866	0.518610064636
S12570	0.0399011787075	0.389632957435	0.0524986383239	0.517967225534
S12577	0.0404563404045	0.389174354754	0.0507483919973	0.519620912844
S12582	0.0404368686674	0.384915316783	0.0530080174633	0.521639797087
S12583	0.040072055897	0.393070935289	0.0500831034063	0.516773905407
S12585	0.0391579257192	0.394716943483	0.0499409709576	0.516184159841
S12590	0.0373552507203	0.394016683605	0.0490107013865	0.519617364289
S12596	0.03896782323	0.390961924437	0.0518289113869	0.518241340946
S12597	0.0394252060284	0.388573985918	0.0511661115678	0.520834696486
S12604	0.039375975268	0.392926725482	0.0502832404833	0.517414058767
S12605	0.0388996686346	0.393619481093	0.0507021870958	0.516778663177
S12608	0.0382396031144	0.389659752179	0.0513585413817	0.520742103325
S12617	0.038369486474	0.389497503753	0.0503653871801	0.521767622593
S12618	0.0366583418782	0.392073136189	0.0494706400878	0.521797881845
S12624	0.0392657112668	0.391279271126	0.0501432148001	0.519311802807
S12628	0.0384655334524	0.392176440674	0.0503700330707	0.518987992803
S12637	0.0392527275738	0.389249062674	0.0503364516005	0.521161758151
S12655	0.0384619370081	0.396235440261	0.0500304712592	0.515272151471
S12658	0.0408311391073	0.388984916707	0.0517680350873	0.518415909098
S1266	0.0379209747172	0.399212753831	0.0486721884622	0.514194082989
S12665	0.0382929156549	0.399209161883	0.0483356226033	0.514162299859
S12666	0.0387424964325	0.389949698459	0.05026868044	0.521039124668
S12667	0.0385354272387	0.392439009131	0.0498900515027	0.519135512127
S12675	0.0374808995593	0.396455083975	0.0490230187309	0.517040997735
S12682	0.0392251774486	0.389862741067	0.0506461212044	0.52026596028
S12691	0.040169355548	0.38817927775	0.0510342305588	0.520617136143
S12704	0.040238930772	0.39098392697	0.0522991282411	0.516478014017
S12706	0.0379148247546	0.39261507763	0.050656382535	0.51881371508
S12707	0.0395255931355	0.392261679464	0.0501361066639	0.518076620737
S12721	0.0384057963014	0.394635617993	0.0486814464342	0.518277139271
S12722	0.0393573490765	0.387913981007	0.052170385258	0.520558284659
S12731	0.0393730616119	0.380371376945	0.0517640404806	0.528491520963
S12734	0.0366428478953	0.394545209043	0.049957337272	0.51885460579
S12735	0.0384906934868	0.389240621173	0.0520507942699	0.52021789107
S12736	0.0405670653432	0.385372640362	0.0533731235536	0.520687170741
S12742	0.0410150734607	0.390147085963	0.0523276247895	0.516510215787
S12754	0.0392722940199	0.392668632048	0.0495826192281	0.518476454704
S12760	0.0386412907326	0.390091972055	0.0492461906444	0.522020546568
S12773	0.0379559773822	0.386016207328	0.0535890172387	0.522438798051
S12775	0.0396929386367	0.393558904491	0.050511164297	0.516236992575
