	Neutrophils	Lymphocyte	Monocytes	Other
S10001	0.0699458359736	0.701027279693	0.229026884334	0
S10006	0.069581586132	0.706891462053	0.223526951815	0
S1001	0.0684985302136	0.706661627279	0.224839842507	0
S10010	0.0723431194775	0.699098016035	0.228558864487	0
S10011	0.06885894857	0.704249027436	0.226892023994	0
S10014	0.0697602307357	0.704037563528	0.226202205736	0
S10026	0.0696241593766	0.708391283319	0.221984557304	0
S10032	0.069011776736	0.700246985661	0.230741237603	0
S10036	0.0703061980958	0.707608481206	0.222085320699	0
S10042	0.069616657208	0.705300131582	0.22508321121	0
S10044	0.0700755959872	0.708935794614	0.220988609399	0
S10049	0.0690866047498	0.708180230774	0.222733164476	0
S10057	0.0665674036526	0.707457565683	0.225975030665	0
S10062	0.0692585106878	0.703115629845	0.227625859467	0
S10066	0.0728804799497	0.696776312446	0.230343207604	0
S10067	0.0675647977566	0.711811373174	0.22062382907	0
S1007	0.0685126627714	0.705370627956	0.226116709272	0
S10073	0.0682633531386	0.710568154568	0.221168492293	0
S10077	0.0686556625276	0.700265466027	0.231078871445	0
S10080	0.0694239774992	0.701653501959	0.228922520542	0
S10082	0.0689115243306	0.708745731771	0.222342743899	0
S10087	0.0680745824909	0.70765498145	0.224270436059	0
S10089	0.07039163027	0.702991206448	0.226617163282	0
S1009	0.0660551252604	0.712541077805	0.221403796934	0
S10090	0.0699055646319	0.704084891968	0.2260095434	0
S10093	0.0692366970294	0.704505627169	0.226257675801	0
S10094	0.070271984723	0.701644093603	0.228083921674	0
S1010	0.0684022586587	0.702799945254	0.228797796087	0
S10111	0.0682270121492	0.710128995818	0.221643992032	0
S10116	0.0643369659285	0.711483453329	0.224179580742	0
S10119	0.0677648071035	0.710414184228	0.221821008668	0
S10121	0.0695971074098	0.704959382809	0.225443509782	0
S10130	0.0704989669886	0.700945644152	0.228555388859	0
S10140	0.0717628954609	0.701031281231	0.227205823308	0
S10142	0.0667614361528	0.708631441417	0.22460712243	0
S10150	0.0728251324701	0.696517745452	0.230657122078	0
S10155	0.0684301413338	0.707048637381	0.224521221285	0
S1016	0.0696991584806	0.703672201702	0.226628639818	0
S10163	0.0690965013171	0.701934011731	0.228969486952	0
S10167	0.0683611596649	0.708149856994	0.223488983342	0
S10168	0.0676366737998	0.710581897833	0.221781428367	0
S10173	0.0669478377441	0.714656795427	0.218395366829	0
S10175	0.0701016782651	0.70395809319	0.225940228545	0
S10179	0.0666481913338	0.712673348631	0.220678460035	0
S10186	0.0637649659613	0.712924663404	0.223310370635	0
S1019	0.0675176749991	0.706239783985	0.226242541016	0
S10190	0.0679891412141	0.710634307177	0.221376551609	0
S10195	0.0707336623591	0.701066779349	0.228199558291	0
S10196	0.0693575715069	0.705544005324	0.225098423169	0
S10200	0.0707521832268	0.701023743266	0.228224073507	0
S10201	0.0747649231884	0.69323054938	0.232004527431	0
S10202	0.0694199124654	0.70384788171	0.226732205824	0
S10205	0.069983140253	0.708081589996	0.221935269751	0
S10211	0.0681496333375	0.707508359115	0.224342007547	0
S10221	0.0688802825538	0.70874201569	0.222377701756	0
S10222	0.071019077424	0.701909215122	0.227071707454	0
S10226	0.0700878090622	0.704657984373	0.225254206565	0
S10227	0.0709957969883	0.700138006878	0.228866196134	0
S10228	0.0696171678851	0.705619566366	0.224763265749	0
S10232	0.0650277344678	0.715965239803	0.219007025729	0
S10248	0.0696430488909	0.712035657251	0.218321293858	0
S10249	0.0714335411574	0.694434792666	0.234131666177	0
S1025	0.0678431380706	0.708151615273	0.224005246656	0
S10266	0.0709879669948	0.697959437575	0.23105259543	0
S10269	0.0703858333452	0.703493303785	0.22612086287	0
S10272	0.0711097718027	0.704314065532	0.224576162666	0
S10273	0.070396546356	0.703865408071	0.225738045573	0
S10274	0.0701865694238	0.70402369941	0.225789731167	0
S1028	0.0699251262291	0.709140962247	0.220933911524	0
S10280	0.0680964458871	0.705819826731	0.226083727382	0
S10283	0.0659349402812	0.710599421989	0.223465637729	0
S1029	0.0684413246128	0.70675797774	0.224800697647	0
S10292	0.0675314287805	0.710785329533	0.221683241687	0
S10294	0.0675073841016	0.712721093665	0.219771522233	0
S10302	0.0686924580462	0.708374907016	0.222932634937	0
S10303	0.0688899846123	0.705203934095	0.225906081293	0
S10323	0.0695447755031	0.704035313386	0.226419911111	0
S10326	0.0700232338692	0.702864244654	0.227112521477	0
S10328	0.0682951683068	0.70880109727	0.222903734423	0
S10329	0.0682260552086	0.707428418886	0.224345525906	0
S10336	0.0696234897765	0.701598581897	0.228777928327	0
S10340	0.0702647498022	0.706666199395	0.223069050803	0
S10347	0.0682169681136	0.703575078419	0.228207953468	0
S10353	0.0689976142367	0.704523531943	0.226478853821	0
S10356	0.0682631368456	0.70492713467	0.226809728485	0
S10358	0.0704693227119	0.701142456105	0.228388221183	0
S10365	0.0709565685608	0.700769628052	0.228273803387	0
S1037	0.0655253456301	0.715199669875	0.219274984495	0
S10373	0.067819544149	0.708961462695	0.223218993156	0
S10374	0.0683658734928	0.70820106062	0.223433065888	0
S10375	0.0697412296891	0.704942375635	0.225316394676	0
S10377	0.066676252099	0.709106737231	0.22421701067	0
S10378	0.0685195330819	0.710755602375	0.220724864544	0
S10390	0.0681904806536	0.704706911514	0.227102607832	0
S10391	0.0674068729941	0.704460800377	0.228132326629	0
S10393	0.0686806250819	0.712504435665	0.218814939253	0
S10400	0.0699018150046	0.699566352355	0.23053183264	0
S10401	0.0682264077879	0.702416989228	0.229356602984	0
S10406	0.0718258770932	0.697164170464	0.231009952443	0
S10408	0.0697215024189	0.701050632471	0.22922786511	0
S10409	0.0675218892643	0.711997225011	0.220480885725	0
S10418	0.0716079310835	0.698540944502	0.229851124415	0
S10431	0.0694474848802	0.703474235846	0.227078279274	0
S10438	0.0688997000819	0.705010824852	0.226089475066	0
S10439	0.0691738440006	0.703259205138	0.227566950861	0
S10441	0.0712966797945	0.695993205789	0.232710114416	0
S10442	0.0697007548164	0.701891795025	0.228407450159	0
S1046	0.0722318003368	0.699470804317	0.228297395346	0
S10478	0.0735194594761	0.689755075638	0.236725464886	0
S10480	0.0656685779805	0.712373234592	0.221958187427	0
S10484	0.0700401676074	0.697913165442	0.232046666951	0
S10492	0.0664602305715	0.711704476311	0.221835293117	0
S10496	0.0678921757154	0.711664357014	0.22044346727	0
S10510	0.0684364121379	0.706242305348	0.225321282514	0
S10513	0.0695588080078	0.701291898803	0.229149293189	0
S10516	0.0692403923029	0.700400132519	0.230359475178	0
S10534	0.0688609112961	0.706098832474	0.22504025623	0
S10535	0.0672191439236	0.71273813988	0.220042716196	0
S10537	0.069372722579	0.701348273	0.229279004421	0
S1054	0.0678967959709	0.705000400607	0.227102803422	0
S10543	0.0694007763375	0.707403964171	0.223195259492	0
S10546	0.0690723068771	0.70730877981	0.223618913313	0
S1055	0.0726938051658	0.696273494309	0.231032700525	0
S10551	0.0690161756439	0.700820976019	0.230162848337	0
S10552	0.0714351543346	0.696286886864	0.232277958801	0
S10555	0.0677369977347	0.712141572906	0.220121429359	0
S10559	0.0700273853574	0.700471389914	0.229501224729	0
S1056	0.0685002887383	0.709313827011	0.222185884251	0
S10563	0.0707218999646	0.702712281709	0.226565818326	0
S10574	0.0679785875449	0.707385108441	0.224636304014	0
S10576	0.0723903230416	0.702142231605	0.225467445354	0
S10578	0.0708261616369	0.701474053654	0.227699784709	0
S10579	0.0714913003329	0.706364124514	0.222144575153	0
S10582	0.0706721499725	0.704425535594	0.224902314433	0
S1059	0.0696116671734	0.706249448909	0.224138883917	0
S10599	0.07094001711	0.70309437364	0.22596560925	0
S10611	0.0702549661165	0.703423622133	0.22632141175	0
S10614	0.0717694378453	0.697594791602	0.230635770552	0
S10624	0.0683303059218	0.703878206872	0.227791487206	0
S10632	0.0701925371635	0.70319520579	0.226612257047	0
S10634	0.0694588053502	0.708925180492	0.221616014158	0
S10638	0.0698017286145	0.699911146067	0.230287125319	0
S10644	0.0675727875094	0.709449940497	0.222977271994	0
S10649	0.0736345990526	0.701547260155	0.224818140793	0
S10652	0.0707401931582	0.703413123273	0.225846683569	0
S10654	0.0691823016831	0.708202130471	0.222615567846	0
S10655	0.069961874751	0.70508086202	0.224957263229	0
S10656	0.0687473533018	0.712608790538	0.21864385616	0
S10657	0.0691490357058	0.702388168766	0.228462795528	0
S10658	0.0698440170086	0.709850629757	0.220305353235	0
S10660	0.0646870750355	0.710898629253	0.224414295711	0
S10661	0.0680916815378	0.710735285127	0.221173033335	0
S10676	0.0711721826149	0.698089375838	0.230738441547	0
S1068	0.068139325589	0.706747689361	0.22511298505	0
S10681	0.069512797846	0.705946806649	0.224540395505	0
S10686	0.0693982032791	0.701451877745	0.229149918976	0
S10688	0.0686760375185	0.706367049629	0.224956912852	0
S10690	0.0680557662294	0.70208374991	0.229860483861	0
S10698	0.0675645469509	0.708489953733	0.223945499316	0
S107	0.0684009033221	0.710959712242	0.220639384435	0
S10703	0.0674587614026	0.709245217454	0.223296021144	0
S10726	0.0686794320316	0.707444937295	0.223875630673	0
S10729	0.0692763272358	0.700062916462	0.230660756302	0
S10733	0.0697780760866	0.706109742999	0.224112180915	0
S10734	0.0670806583606	0.707666427074	0.225252914565	0
S10735	0.0687942878267	0.70591277204	0.225292940134	0
S10740	0.0710055094755	0.695398038132	0.233596452393	0
S10745	0.0721436072146	0.696277960184	0.231578432602	0
S10748	0.0682029423609	0.704420878674	0.227376178966	0
S10753	0.0699939758222	0.700639671449	0.229366352729	0
S10756	0.0689974781743	0.707086955	0.223915566825	0
S10757	0.065932244502	0.716592892094	0.217474863404	0
S1076	0.0691517170859	0.704254986935	0.226593295979	0
S10764	0.068721290156	0.702116887633	0.229161822211	0
S10767	0.0658260886992	0.712972662947	0.221201248354	0
S10776	0.0711029129005	0.70154183302	0.227355254079	0
S10778	0.0715699710662	0.703732681617	0.224697347317	0
S10784	0.0722996197468	0.697336384432	0.230363995821	0
S10787	0.0685274497016	0.705027684833	0.226444865466	0
S10800	0.068730804894	0.709385315621	0.221883879485	0
S10805	0.0700860415847	0.700265322481	0.229648635934	0
S10813	0.0696082757415	0.703800871903	0.226590852356	0
S10814	0.0698211109027	0.704485917526	0.225692971571	0
S10815	0.0704222119781	0.707085866569	0.222491921453	0
S10817	0.0678422815635	0.7106336712	0.221524047236	0
S1083	0.0685153000586	0.706418391385	0.225066308556	0
S10835	0.0692318182764	0.69830657495	0.232461606774	0
S10838	0.0705024611345	0.706082037074	0.223415501791	0
S10844	0.0691527435701	0.708515518421	0.222331738009	0
S10845	0.0708936546932	0.699684053075	0.229422292232	0
S10846	0.0656988479706	0.714146950113	0.220154201917	0
S10853	0.0720155693028	0.699479721427	0.22850470927	0
S10854	0.0669939210703	0.709906013077	0.223100065853	0
S10865	0.0688364519893	0.701925888731	0.22923765928	0
S10866	0.0693795032369	0.705499576926	0.225120919837	0
S10869	0.072853429049	0.693747402876	0.233399168075	0
S10873	0.0701573709146	0.700873009289	0.228969619796	0
S10876	0.0678400871347	0.708633228171	0.223526684694	0
S10883	0.0702075714093	0.702080489479	0.227711939112	0
S10885	0.0697355596174	0.702681660701	0.227582779681	0
S10893	0.071615707901	0.700566627254	0.227817664845	0
S10895	0.0708037419369	0.698979058381	0.230217199682	0
S10902	0.0682323303169	0.709289906143	0.22247776354	0
S10903	0.0698579472982	0.705415449863	0.224726602839	0
S1092	0.0725936757186	0.699225751148	0.228180573133	0
S10925	0.0689525053767	0.702682594048	0.228364900575	0
S10927	0.071330324759	0.699715217736	0.228954457505	0
S10936	0.0676608674722	0.708712129456	0.223627003072	0
S10945	0.0710442130356	0.700858625829	0.228097161135	0
S10947	0.0693806518324	0.703722355675	0.226896992493	0
S10949	0.0688870785917	0.713385971675	0.217726949733	0
S1095	0.069651059407	0.700346050389	0.230002890204	0
S10961	0.0709604840414	0.701814112905	0.227225403054	0
S10969	0.0684741138346	0.707946764159	0.223579122007	0
S10972	0.069003314638	0.704247289802	0.22674939556	0
S10973	0.071649931851	0.700028510727	0.228321557422	0
S10978	0.0714201591751	0.703517194935	0.22506264589	0
S10979	0.0684941083984	0.706578469755	0.224927421846	0
S10986	0.0707184883314	0.699971700174	0.229309811494	0
S10989	0.0698409346507	0.707257328322	0.222901737027	0
S10995	0.0699186971127	0.705858173123	0.224223129765	0
S11005	0.068013118931	0.707616110835	0.224370770234	0
S11008	0.0707161872707	0.704100540318	0.225183272412	0
S11010	0.067819181704	0.708075660435	0.224105157861	0
S11013	0.069265295347	0.704572873825	0.226161830828	0
S11016	0.0685132553388	0.707294209644	0.224192535017	0
S11017	0.0688667935479	0.698814745839	0.232318460613	0
S11020	0.0700218971845	0.702089125216	0.227888977599	0
S11027	0.0712122256175	0.701063183748	0.227724590635	0
S11035	0.0710775697039	0.705441796512	0.223480633784	0
S11041	0.0703253342068	0.705291407391	0.224383258402	0
S1106	0.0702173530103	0.706134092582	0.223648554408	0
S11071	0.0640997907197	0.717313746226	0.218586463055	0
S11076	0.0692785792381	0.70564709118	0.225074329582	0
S11078	0.0708644328629	0.703718599023	0.225416968114	0
S11081	0.0683583279753	0.705217245754	0.226424426271	0
S11086	0.0705572352233	0.704275334254	0.225167430523	0
S1109	0.0698803425807	0.699693716153	0.230425941267	0
S11096	0.0720598870328	0.698126719435	0.229813393532	0
S11100	0.069095183064	0.706068921845	0.224835895091	0
S11107	0.0713827725945	0.703921701769	0.224695525636	0
S11109	0.0715805103059	0.699828557105	0.228590932589	0
S1111	0.0663516524129	0.713618550243	0.220029797344	0
S11119	0.0703585132487	0.704450927538	0.225190559214	0
S11127	0.0681003849792	0.710774067958	0.221125547063	0
S11136	0.0680380257501	0.707286579635	0.224675394615	0
S11147	0.0716069132011	0.70335026251	0.225042824289	0
S11150	0.0728127977688	0.702378162157	0.224809040074	0
S11152	0.0703247134344	0.700479091844	0.229196194721	0
S1116	0.0673463528846	0.713736391186	0.218917255929	0
S11163	0.0689399108743	0.710155645831	0.220904443295	0
S11164	0.0720813797219	0.697303683258	0.23061493702	0
S11166	0.0672302566176	0.702441460529	0.230328282854	0
S11173	0.0700747621557	0.706623078642	0.223302159202	0
S11174	0.068367126287	0.708171594753	0.22346127896	0
S11182	0.0690021102031	0.710845763002	0.220152126794	0
S11188	0.0707920951372	0.701899449709	0.227308455154	0
S11189	0.0699138739265	0.705827622699	0.224258503375	0
S1119	0.065783372002	0.712058633114	0.222157994884	0
S11195	0.0678792799948	0.708467368084	0.223653351921	0
S11197	0.0684202205749	0.709416698087	0.222163081338	0
S11198	0.0742623496394	0.692904863581	0.232832786779	0
S11211	0.068497554729	0.702039878907	0.229462566364	0
S11214	0.0680458919458	0.709171021421	0.222783086633	0
S11216	0.0701314674161	0.702608774871	0.227259757713	0
S11224	0.0705174278122	0.7041041893	0.225378382888	0
S11236	0.0698073285487	0.704506687762	0.22568598369	0
S11241	0.0691356826071	0.705929598747	0.224934718646	0
S11243	0.0695678172954	0.703460941913	0.226971240791	0
S11245	0.0695175937221	0.701719922224	0.228762484054	0
S11249	0.068205725276	0.704340865811	0.227453408913	0
S11274	0.0673908194353	0.702146411208	0.230462769357	0
S11280	0.0678348433063	0.706442688862	0.225722467832	0
S11281	0.0684937083044	0.703445170411	0.228061121285	0
S11285	0.0685251594013	0.701966801925	0.229508038674	0
S11298	0.0679601127265	0.706347184712	0.225692702561	0
S11311	0.0691747172934	0.707773378257	0.223051904449	0
S11312	0.0701198157871	0.703169819087	0.226710365125	0
S11316	0.0686329039055	0.705857338444	0.22550975765	0
S1133	0.0696900763562	0.705910053628	0.224399870016	0
S11330	0.0706937840718	0.707312800497	0.221993415432	0
S11332	0.0668165964045	0.714139685828	0.219043717767	0
S11334	0.0678965221339	0.706557325411	0.225546152455	0
S11335	0.0714296466559	0.702702576741	0.225867776603	0
S11345	0.0674796561029	0.705182872768	0.227337471129	0
S11349	0.0683657298001	0.705072520759	0.226561749441	0
S1135	0.0693868380068	0.697914448376	0.232698713617	0
S11352	0.0718028161864	0.699361892247	0.228835291567	0
S11353	0.071222975578	0.699725515721	0.229051508701	0
S11368	0.0706026169642	0.701090577373	0.228306805663	0
S11369	0.0678040228134	0.703013246894	0.229182730293	0
S11371	0.0670325993082	0.709195100889	0.223772299802	0
S11377	0.0710570545609	0.695500252608	0.233442692831	0
S11378	0.0666694020708	0.709344375868	0.223986222062	0
S11383	0.0677386727025	0.712552770549	0.219708556748	0
S11384	0.0667847849434	0.714254683152	0.218960531905	0
S11392	0.068233083772	0.705962719901	0.225804196327	0
S1140	0.0700751211678	0.702872170975	0.227052707857	0
S11410	0.069540862893	0.701473568557	0.22898556855	0
S11411	0.0670699367125	0.70900626953	0.223923793757	0
S11414	0.069279905224	0.706730376798	0.223989717978	0
S11419	0.0701365465315	0.702341213561	0.227522239908	0
S11424	0.0674117516713	0.70660382954	0.225984418788	0
S11425	0.0684593554045	0.708957960339	0.222582684256	0
S11433	0.0674315287902	0.703694367786	0.228874103424	0
S11434	0.0688080784689	0.708367892784	0.222824028748	0
S11436	0.0692031337407	0.700781232705	0.230015633554	0
S11437	0.0680424288657	0.712662506347	0.219295064787	0
S11440	0.0737828265794	0.697681829239	0.228535344182	0
S11449	0.0693716219032	0.712090658481	0.218537719616	0
S11459	0.0668146922649	0.707950476655	0.22523483108	0
S11477	0.0705951041297	0.70316273456	0.22624216131	0
S11480	0.0710080055334	0.702078106551	0.226913887916	0
S11486	0.0696829186343	0.706293932789	0.224023148577	0
S11501	0.0692948069445	0.702503369575	0.22820182348	0
S11504	0.0661160883739	0.709397415122	0.224486496504	0
S11507	0.0677875425999	0.712356669522	0.219855787878	0
S11518	0.0641236412318	0.707995205578	0.22788115319	0
S11525	0.066910939729	0.709196619584	0.223892440687	0
S11531	0.0694526164211	0.703970923908	0.226576459671	0
S11532	0.0674781916093	0.708218774665	0.224303033725	0
S1154	0.0680131335086	0.707890012481	0.22409685401	0
S11542	0.0701806803515	0.702467116608	0.22735220304	0
S11543	0.0704391898404	0.701169103004	0.228391707156	0
S11546	0.0707628664767	0.703345639867	0.225891493656	0
S1155	0.0701153053827	0.699307812635	0.230576881983	0
S1156	0.0646611470755	0.718844907224	0.216493945701	0
S11568	0.0710791937757	0.702178280834	0.22674252539	0
S11576	0.0671573900349	0.71142519069	0.221417419275	0
S11584	0.0723895719625	0.698482230918	0.22912819712	0
S11586	0.0697972347412	0.704767398225	0.225435367034	0
S11590	0.0699690697103	0.704488856037	0.225542074252	0
S11592	0.0676353840013	0.706760540316	0.225604075682	0
S11593	0.070262787923	0.705086840952	0.224650371125	0
S11599	0.0695067686033	0.701000316363	0.229492915033	0
S1160	0.0676377936062	0.709114912625	0.223247293769	0
S11610	0.070951894154	0.702676176352	0.226371929493	0
S11615	0.0693605255708	0.704727992498	0.225911481932	0
S11629	0.0693530568258	0.70900993775	0.221637005424	0
S11631	0.0660604383129	0.707326553703	0.226613007984	0
S1164	0.0700338630536	0.703838501367	0.22612763558	0
S11642	0.0690620415819	0.699666829968	0.23127112845	0
S11656	0.0671875945247	0.703303097987	0.229509307488	0
S11663	0.0690995039399	0.708037494279	0.222863001781	0
S11667	0.0690331361688	0.70465137417	0.226315489661	0
S11668	0.0699278270191	0.706131323548	0.223940849433	0
S1167	0.0689004690743	0.704077179078	0.227022351848	0
S11673	0.0678252522454	0.703304905667	0.228869842088	0
S11682	0.0712606693922	0.702458134856	0.226281195751	0
S11693	0.0682382807029	0.706560473264	0.225201246033	0
S11696	0.0695373493149	0.704733948543	0.225728702142	0
S11699	0.0696496882747	0.704799844732	0.225550466993	0
S117	0.0674291596119	0.704355620447	0.228215219941	0
S1170	0.0688543598904	0.709280417738	0.221865222371	0
S11709	0.0709217374021	0.701522919095	0.227555343503	0
S11713	0.0626994501091	0.714373486625	0.222927063266	0
S11717	0.0675785574464	0.70869900283	0.223722439724	0
S1173	0.0701425235198	0.700728818783	0.229128657697	0
S11731	0.0732428131539	0.692917491443	0.233839695403	0
S11732	0.0703551855212	0.706828308445	0.222816506034	0
S11733	0.0671718230958	0.705304979611	0.227523197293	0
S11734	0.0699517672939	0.703706129212	0.226342103494	0
S11735	0.0704462944324	0.702404429874	0.227149275693	0
S11737	0.0674956753283	0.703594463543	0.228909861129	0
S11745	0.0701347484227	0.699326113735	0.230539137842	0
S11760	0.0697889898086	0.701283147636	0.228927862555	0
S11761	0.0636966603061	0.718341217218	0.217962122476	0
S11769	0.0725426811529	0.697586890921	0.229870427927	0
S11783	0.0681849401913	0.711960490487	0.219854569322	0
S11784	0.0700997542196	0.704737145065	0.225163100715	0
S11786	0.0704986607823	0.705185562804	0.224315776413	0
S11797	0.0692384414901	0.701772776034	0.228988782476	0
S11799	0.0692215847795	0.704024613633	0.226753801587	0
S118	0.0700849902491	0.704499840888	0.225415168862	0
S11800	0.0684467784236	0.707743758046	0.22380946353	0
S11802	0.0694569796235	0.703021462793	0.227521557584	0
S11806	0.0721124332848	0.698688102476	0.229199464239	0
S11807	0.0645540211308	0.711429640812	0.224016338057	0
S11810	0.067960681627	0.70857264553	0.223466672843	0
S11811	0.0712580749792	0.701714486965	0.227027438055	0
S11812	0.0689647111503	0.702394463689	0.22864082516	0
S11820	0.0702097134749	0.704741276939	0.225049009587	0
S11822	0.0722722730273	0.700929567341	0.226798159632	0
S11823	0.0693802188475	0.705692239107	0.224927542046	0
S11826	0.0700276121312	0.705570898965	0.224401488904	0
S1183	0.0662433280155	0.709493996709	0.224262675275	0
S1184	0.068485080148	0.705910066927	0.225604852925	0
S11842	0.0670624137401	0.710760550588	0.222177035672	0
S11843	0.0710112857233	0.701837700967	0.22715101331	0
S11844	0.068200518739	0.703665138901	0.22813434236	0
S11850	0.0666720932035	0.70475575362	0.228572153176	0
S11853	0.0694245376308	0.708214845087	0.222360617283	0
S11857	0.0711767314789	0.700858476053	0.227964792468	0
S11858	0.0706171907069	0.700404971689	0.228977837604	0
S11860	0.0697341683128	0.70468096091	0.225584870777	0
S11864	0.0675574970661	0.699854251389	0.232588251545	0
S11870	0.0694765656709	0.706617316212	0.223906118117	0
S11875	0.0701485138606	0.706655455082	0.223196031057	0
S11877	0.0681715192354	0.699143450244	0.23268503052	0
S11878	0.0673393643789	0.708373618327	0.224287017294	0
S11882	0.0680136580873	0.704736327871	0.227250014041	0
S11883	0.0706110790916	0.69872051599	0.230668404918	0
S11884	0.0705637562067	0.696179680222	0.233256563572	0
S11886	0.0707369300112	0.701521930005	0.227741139984	0
S11897	0.0705295274667	0.705327007594	0.224143464939	0
S1190	0.0691926744718	0.704918341353	0.225888984175	0
S11903	0.0724601368871	0.701960185566	0.225579677546	0
S11905	0.0712243904678	0.695036184199	0.233739425333	0
S11907	0.0692976498718	0.705767251712	0.224935098416	0
S11914	0.0710261554226	0.699916270246	0.229057574331	0
S11917	0.0696052241459	0.707127390371	0.223267385483	0
S11928	0.0687866367215	0.702516313357	0.228697049922	0
S11929	0.0694107438971	0.705527336373	0.225061919729	0
S1193	0.0674417777352	0.705399397058	0.227158825207	0
S11930	0.0673801258534	0.706776710552	0.225843163594	0
S11934	0.0683512378169	0.711550850719	0.220097911464	0
S11939	0.0724542026661	0.698592634	0.228953163334	0
S11944	0.0691562419868	0.711052753173	0.21979100484	0
S11945	0.0675056752408	0.711004175573	0.221490149186	0
S11957	0.0708588437904	0.704901527122	0.224239629088	0
S11958	0.0696426171964	0.699688983663	0.23066839914	0
S1196	0.0718937955697	0.698958692008	0.229147512422	0
S11960	0.0692396576789	0.706289723024	0.224470619297	0
S11965	0.0684268148583	0.710350652906	0.221222532235	0
S11967	0.0709643449141	0.702904020105	0.226131634981	0
S1197	0.0699104043924	0.697926193459	0.232163402148	0
S11973	0.0670294372369	0.717757523879	0.215213038884	0
S11974	0.070063579486	0.698343616581	0.231592803933	0
S11980	0.0709870544813	0.701342998899	0.227669946619	0
S11985	0.0699742723601	0.701439426907	0.228586300733	0
S11987	0.0712028314988	0.701698389918	0.227098778583	0
S11993	0.0703133181987	0.704671274403	0.225015407398	0
S12001	0.070572075204	0.700130308402	0.229297616394	0
S12004	0.0681250065586	0.702132542449	0.229742450993	0
S12006	0.0686102805255	0.714119264216	0.217270455259	0
S12010	0.0668989676624	0.705374774284	0.227726258054	0
S12011	0.0696451067332	0.699769960992	0.230584932275	0
S12012	0.0707757608775	0.697414007103	0.231810232019	0
S12022	0.0679819787182	0.702824540642	0.22919348064	0
S12043	0.0699635410974	0.705030481483	0.225005977419	0
S12052	0.0683448587553	0.709309204115	0.22234593713	0
S12056	0.0702753051155	0.705475420355	0.224249274529	0
S12057	0.0705368829051	0.701388925519	0.228074191576	0
S12058	0.0717402806488	0.696423198915	0.231836520436	0
S12061	0.0690042368686	0.70884346002	0.222152303111	0
S12064	0.067414383223	0.710306797813	0.222278818964	0
S12073	0.0710464361793	0.699585248451	0.229368315369	0
S12076	0.068727862214	0.704072229726	0.22719990806	0
S12079	0.0705824505422	0.706334491236	0.223083058222	0
S12089	0.0700775582262	0.698584690461	0.231337751313	0
S12098	0.0695087699061	0.706609491784	0.22388173831	0
S1210	0.0701035896809	0.706296599123	0.223599811196	0
S12101	0.0692557276059	0.702614893663	0.228129378731	0
S12105	0.0680118962937	0.710362052471	0.221626051235	0
S12106	0.0687422470012	0.69972753837	0.231530214629	0
S1212	0.0697097443903	0.707531736624	0.222758518985	0
S12120	0.0714125849887	0.700089564846	0.228497850165	0
S12129	0.0694050738158	0.705367588747	0.225227337437	0
S12137	0.0716381458516	0.700528463806	0.227833390343	0
S12140	0.0675145303572	0.707545319295	0.224940150348	0
S12159	0.0681757503506	0.71213315266	0.219691096989	0
S12170	0.0717998386198	0.701240709909	0.226959451472	0
S12178	0.0680551682321	0.708652998452	0.223291833316	0
S12179	0.0694278857306	0.711721028936	0.218851085334	0
S1218	0.0691246026912	0.706854569721	0.224020827588	0
S12182	0.0683615520754	0.70414470673	0.227493741195	0
S12196	0.0696589915744	0.702846263354	0.227494745072	0
S12198	0.0700151451751	0.707200244156	0.222784610669	0
S1220	0.0690726973631	0.70699284213	0.223934460507	0
S12200	0.0704181555002	0.703799176843	0.225782667657	0
S12202	0.0702844905736	0.700408771078	0.229306738348	0
S12206	0.0699485178645	0.701307603902	0.228743878234	0
S12208	0.0669573726842	0.705962951878	0.227079675438	0
S12215	0.0677195595812	0.706810283421	0.225470156998	0
S12221	0.0681667621399	0.711169345501	0.220663892359	0
S12228	0.069146885907	0.701556273616	0.229296840477	0
S12231	0.0709358266225	0.702270652766	0.226793520612	0
S12240	0.065829066391	0.713572744322	0.220598189287	0
S12241	0.067956283546	0.700235152762	0.231808563692	0
S12244	0.0688762333393	0.701457815405	0.229665951256	0
S12245	0.0699865392863	0.701612402363	0.228401058351	0
S12249	0.068325291025	0.704933657416	0.226741051559	0
S12251	0.0697308468631	0.69815628688	0.232112866257	0
S12261	0.0686255825917	0.703038984014	0.228335433394	0
S12264	0.068065544936	0.706631314046	0.225303141018	0
S12265	0.0698923891134	0.70100643003	0.229101180857	0
S12271	0.0712505623093	0.698848094431	0.229901343259	0
S12276	0.0666834210741	0.711665601211	0.221650977715	0
S12278	0.069484293013	0.700489734262	0.230025972725	0
S12279	0.0694616724284	0.705744475155	0.224793852416	0
S12282	0.0701991619691	0.701120908867	0.228679929164	0
S12285	0.0691044418998	0.703972420161	0.226923137939	0
S12291	0.0702110577293	0.705552057171	0.2242368851	0
S12294	0.070742284544	0.699840050704	0.229417664752	0
S12308	0.0703006061251	0.701531508331	0.228167885543	0
S12335	0.0681282000432	0.699639410914	0.232232389042	0
S12344	0.0678371115306	0.711297194109	0.22086569436	0
S12347	0.0697947779787	0.700562220146	0.229643001875	0
S12348	0.0682061275467	0.708564175345	0.223229697108	0
S12354	0.0661632241677	0.715995130371	0.217841645462	0
S1236	0.0706411701541	0.704884453399	0.224474376447	0
S12365	0.0681738348263	0.705262807013	0.226563358161	0
S12366	0.0719701914377	0.698977257834	0.229052550728	0
S12374	0.0710207010351	0.704088464678	0.224890834287	0
S12385	0.0697278385288	0.702559160838	0.227713000633	0
S1239	0.0700539510786	0.698884290426	0.231061758496	0
S12391	0.070155836436	0.706461469308	0.223382694256	0
S12394	0.0716573146188	0.701890625448	0.226452059934	0
S12406	0.0707034729691	0.703569077464	0.225727449567	0
S1241	0.070985782379	0.700579889063	0.228434328558	0
S12410	0.0682005314363	0.703948876967	0.227850591597	0
S12417	0.072188022475	0.70077857118	0.227033406345	0
S12419	0.0705881967929	0.703724615383	0.225687187825	0
S12428	0.0695301912185	0.703193759079	0.227276049703	0
S12431	0.0707030959209	0.704377856108	0.224919047971	0
S12432	0.0683039618315	0.707833697392	0.223862340776	0
S12436	0.0697969432503	0.705032012982	0.225171043768	0
S12437	0.0709718966216	0.700949080298	0.22807902308	0
S12439	0.0695895958597	0.699597426819	0.230812977321	0
S12440	0.0698212589454	0.705328747703	0.224849993351	0
S12441	0.0706015671923	0.695031960931	0.234366471877	0
S12447	0.07077664212	0.702139744448	0.227083613432	0
S12450	0.0729267634615	0.699444883262	0.227628353277	0
S12452	0.0677976571385	0.707019883211	0.22518245965	0
S1246	0.0687232341917	0.706187333799	0.225089432009	0
S12463	0.0683881108175	0.709125445787	0.222486443396	0
S12464	0.0661010456307	0.71484212123	0.219056833139	0
S12488	0.0649523497156	0.713419998022	0.221627652263	0
S12489	0.0710300880613	0.699899517374	0.229070394565	0
S12496	0.0663939020028	0.709798673938	0.223807424059	0
S12500	0.0703784287636	0.700644638463	0.228976932774	0
S12501	0.0680465554087	0.706858861344	0.225094583247	0
S1251	0.0694923530635	0.70529050815	0.225217138786	0
S12516	0.0667891902259	0.70902276214	0.224188047635	0
S1252	0.0693910516964	0.704401070615	0.226207877688	0
S12524	0.0708086571245	0.70532570708	0.223865635795	0
S12527	0.0699273327473	0.702854943553	0.227217723699	0
S12535	0.0721347014305	0.693726444548	0.234138854022	0
S12540	0.0708310116633	0.70220322495	0.226965763387	0
S12548	0.0690972453343	0.702813727951	0.228089026714	0
S12556	0.0704784900089	0.701632969411	0.22788854058	0
S12563	0.0706565735739	0.699725628573	0.229617797853	0
S12568	0.0653691792661	0.713344743806	0.221286076928	0
S12569	0.0680740007273	0.705984948206	0.225941051066	0
S12570	0.0703584684057	0.699931673034	0.22970985856	0
S12577	0.0707207604201	0.704336835033	0.224942404547	0
S12582	0.0703039816019	0.69485567402	0.234840344378	0
S12583	0.0699227303215	0.704213522332	0.225863747347	0
S12585	0.0693528074245	0.70737485763	0.223272334945	0
S12590	0.0675505350042	0.71005313032	0.222396334676	0
S12596	0.0695093951568	0.700415258141	0.230075346702	0
S12597	0.0701927478483	0.701089952895	0.228717299257	0
S12604	0.0688866037448	0.708241887093	0.222871509162	0
S12605	0.06892185743	0.707106806743	0.223971335827	0
S12608	0.0688329864607	0.699641213072	0.231525800467	0
S12617	0.0680450361244	0.709100773528	0.222854190348	0
S12618	0.0675811978667	0.710549013266	0.221869788867	0
S12624	0.0697798749867	0.704598131742	0.225621993271	0
S12628	0.0688082079541	0.70425453405	0.226937257996	0
S12637	0.0693127762359	0.705730908603	0.224956315161	0
S12655	0.0680588557595	0.708432660571	0.22350848367	0
S12658	0.0711415181786	0.697507947873	0.231350533949	0
S1266	0.0683380255928	0.711266922154	0.220395052253	0
S12665	0.067446236017	0.708096694995	0.224457068988	0
S12666	0.0691175179999	0.705073989785	0.225808492215	0
S12667	0.0686735471312	0.705510149278	0.225816303591	0
S12675	0.0671100666012	0.713739089496	0.219150843902	0
S12682	0.0696026155962	0.700834485148	0.229562899256	0
S12691	0.0707029819968	0.701638806553	0.22765821145	0
S12704	0.0698332309001	0.70230011976	0.22786664934	0
S12706	0.0681191327048	0.710538354676	0.221342512619	0
S12707	0.0687671560017	0.707049112854	0.224183731145	0
S12721	0.0688343804045	0.708933736365	0.22223188323	0
S12722	0.0703931361216	0.701124483929	0.22848237995	0
S12731	0.0713498015357	0.698344351188	0.230305847276	0
S12734	0.0666441607288	0.709653230671	0.2237026086	0
S12735	0.0683448731399	0.705221507224	0.226433619636	0
S12736	0.0706421624446	0.695258156943	0.234099680612	0
S12742	0.0718993209054	0.700795642116	0.227305036978	0
S12754	0.0700998922788	0.704093273178	0.225806834543	0
S12760	0.0698109613423	0.706122406383	0.224066632275	0
S12773	0.0689145900721	0.698930764383	0.232154645545	0
S12775	0.0702191502205	0.70646473871	0.223316111069	0
S12776	0.076520754281	0.688938736442	0.234540509277	0
S12779	0.0688647911392	0.705822275118	0.225312933743	0
S12781	0.0689466539209	0.70382185131	0.227231494769	0
S12785	0.0692628316699	0.707262314537	0.223474853793	0
S12790	0.067369594769	0.707105612311	0.22552479292	0
S12794	0.0702214753915	0.705421189734	0.224357334874	0
S12796	0.0708127756789	0.703118499053	0.226068725268	0
S12798	0.0657180323131	0.714091982193	0.220189985494	0
S128	0.0629954343297	0.722198487851	0.214806077819	0
S1280	0.0695921176963	0.701562027572	0.228845854731	0
S12800	0.0733196226703	0.695017941856	0.231662435474	0
S12809	0.0687406863532	0.704636435281	0.226622878366	0
S12813	0.0706428224673	0.704821566322	0.224535611211	0
S12814	0.0733648521551	0.699980519067	0.226654628778	0
S12817	0.0676980085379	0.71082568689	0.221476304572	0
S12819	0.0662069822987	0.713987163961	0.219805853741	0
S1282	0.0692835558628	0.704510431041	0.226206013096	0
S12821	0.0682872252146	0.707093637022	0.224619137763	0
S12823	0.0720636806075	0.702404966663	0.22553135273	0
S12826	0.070062032684	0.705461818674	0.224476148642	0
S12827	0.068657578954	0.700668515124	0.230673905922	0
S1283	0.0695203609806	0.704860271018	0.225619368001	0
S12830	0.0729576836203	0.699774324484	0.227267991895	0
S12836	0.0690343414313	0.703214929748	0.227750728821	0
S12839	0.0671440083321	0.706002314489	0.226853677179	0
S12845	0.0712870658667	0.702874818133	0.225838116	0
S12848	0.0679320830648	0.709750308321	0.222317608615	0
S12849	0.067751351682	0.704786657278	0.22746199104	0
S12854	0.0726427714296	0.689818559599	0.237538668972	0
S12857	0.0669509955263	0.71153732007	0.221511684404	0
S12863	0.0698219141279	0.703730188939	0.226447896933	0
S12865	0.0670288531473	0.709760844973	0.22321030188	0
S12866	0.0687877296571	0.707470087248	0.223742183095	0
S12868	0.0685714314169	0.709416826484	0.222011742099	0
S12869	0.0690145231676	0.70190402114	0.229081455692	0
S12872	0.0724798415615	0.695010941708	0.23250921673	0
S12875	0.0668986427628	0.708435707541	0.224665649697	0
S12884	0.0696174255988	0.700681616674	0.229700957728	0
S12886	0.0670498417132	0.700554844774	0.232395313513	0
S12888	0.0698154778389	0.702916934132	0.227267588029	0
S12893	0.0698271250334	0.705266978413	0.224905896553	0
S12897	0.0707512511852	0.702951938639	0.226296810175	0
S1290	0.0679077658459	0.704523751189	0.227568482965	0
S12901	0.0703878737118	0.700686152671	0.228925973617	0
S12906	0.069136559113	0.707458395255	0.223405045632	0
S1291	0.071508725162	0.700122560358	0.22836871448	0
S12912	0.0686263523211	0.707029069706	0.224344577973	0
S12922	0.0613338040584	0.721561059286	0.217105136656	0
S12924	0.0700041899525	0.706051028513	0.223944781535	0
S12925	0.0713397433357	0.700929749796	0.227730506869	0
S12944	0.0698826774245	0.708184367237	0.221932955338	0
S12950	0.0682427025706	0.711326681913	0.220430615516	0
S12952	0.0692458302143	0.703115706242	0.227638463544	0
S12953	0.068100273532	0.708526231158	0.22337349531	0
S1296	0.0710653692609	0.70052839081	0.228406239929	0
S12964	0.0676630790383	0.704556365741	0.227780555221	0
S12968	0.0702115767482	0.705715528222	0.22407289503	0
S12969	0.0686252105857	0.709275616946	0.222099172468	0
S12978	0.0667763860019	0.710980933162	0.222242680836	0
S12979	0.0717326743469	0.697996568648	0.230270757005	0
S12982	0.0693883461021	0.703281867353	0.227329786545	0
S12984	0.0721499869307	0.697742268648	0.230107744421	0
S12989	0.0701099559599	0.703503966919	0.226386077121	0
S12996	0.0706369553227	0.706259433553	0.223103611124	0
S13010	0.0714184117168	0.699934433952	0.228647154332	0
S13018	0.0696359658487	0.698657792947	0.231706241205	0
S13022	0.0698129274429	0.703751670664	0.226435401894	0
S13025	0.0686751228517	0.709306418136	0.222018459012	0
S13026	0.0684039043589	0.709914704502	0.221681391139	0
S13029	0.0682659730118	0.70971227387	0.222021753118	0
S13035	0.0680267598664	0.712288422768	0.219684817366	0
S13039	0.0678891914281	0.706917629859	0.225193178713	0
S13042	0.0712531550034	0.705904734908	0.222842110088	0
S13051	0.0693685798064	0.708287706807	0.222343713386	0
S13053	0.0692662650636	0.70817864765	0.222555087287	0
S13057	0.0693304751461	0.707175654996	0.223493869858	0
S1306	0.0679703724317	0.706355219611	0.225674407958	0
S13060	0.071443332658	0.698729675954	0.229826991388	0
S13062	0.0695720873858	0.700183730383	0.230244182231	0
S13070	0.0683036471238	0.704969934254	0.226726418622	0
S13073	0.068365132888	0.706851660951	0.224783206161	0
S1308	0.07024649828	0.702546599659	0.227206902061	0
S13082	0.0690686517745	0.702216849059	0.228714499167	0
S13084	0.0689968995962	0.704726172473	0.226276927931	0
S13094	0.0693060810273	0.70808708061	0.222606838363	0
S13109	0.0676140356461	0.712342542687	0.220043421667	0
S13114	0.0692531863981	0.707983900458	0.222762913144	0
S13131	0.072009695297	0.694944495169	0.233045809534	0
S13132	0.0680751536736	0.704242690232	0.227682156094	0
S13134	0.0686302957846	0.705702610762	0.225667093453	0
S13154	0.0697765842316	0.70043554565	0.229787870118	0
S13161	0.0717122555213	0.702330842626	0.225956901852	0
S13169	0.0703232065117	0.70036778131	0.229309012178	0
S1317	0.0672489450648	0.70217895558	0.230572099355	0
S13170	0.0714890159205	0.699406169735	0.229104814344	0
S13173	0.0695919418799	0.705874635151	0.224533422969	0
S13178	0.0682010642675	0.707831789361	0.223967146372	0
S13192	0.0711338235776	0.703305812888	0.225560363534	0
S13194	0.0701257277159	0.701426106426	0.228448165858	0
S13195	0.0664945816433	0.711378134615	0.222127283742	0
S132	0.0695006547417	0.703104102747	0.227395242511	0
S13203	0.0676826571588	0.706787546966	0.225529795875	0
S13216	0.0690497892138	0.704813169309	0.226137041477	0
S13217	0.0694043027944	0.707028114024	0.223567583182	0
S13219	0.070746584178	0.698975671612	0.23027774421	0
S1322	0.070499732207	0.697599768531	0.231900499262	0
S13227	0.0687505017743	0.707488585298	0.223760912928	0
S13231	0.0660050763412	0.709712817055	0.224282106603	0
S13234	0.0728807321821	0.698338992517	0.228780275301	0
S13243	0.0681126814035	0.70515899042	0.226728328177	0
S13248	0.0696781264009	0.70849215581	0.221829717789	0
S13253	0.0706291706271	0.704169397467	0.225201431906	0
S13272	0.0706681805091	0.702407550725	0.226924268766	0
S13275	0.0708875491356	0.704267557185	0.224844893679	0
S13278	0.071250598022	0.70118100999	0.227568391988	0
S13283	0.0688423736889	0.708640713547	0.222516912764	0
S13289	0.0686234375269	0.71334694092	0.218029621554	0
S1329	0.0688201157516	0.71100380112	0.220176083128	0
S13291	0.0687425184323	0.703541030068	0.2277164515	0
S13293	0.066181093044	0.713772465063	0.220046441893	0
S13296	0.0675291150862	0.709263097414	0.2232077875	0
S13299	0.0711899706547	0.701296130429	0.227513898917	0
S1330	0.0713203447213	0.70083133337	0.227848321908	0
S13300	0.0694897482323	0.707106231709	0.223404020059	0
S13305	0.0691328397592	0.702039177939	0.228827982302	0
S1331	0.0707140999202	0.705589525652	0.223696374428	0
S13310	0.0698215645676	0.702887354596	0.227291080837	0
S13311	0.067460919737	0.702126290526	0.230412789737	0
S13324	0.0697795639575	0.703596766715	0.226623669328	0
S13326	0.0663639120661	0.710489012123	0.223147075811	0
S13329	0.0710948212879	0.70033362597	0.228571552742	0
S13331	0.0703661008821	0.706222644571	0.223411254547	0
S13336	0.0679129199478	0.701778170359	0.230308909693	0
S13339	0.0671371983437	0.707363477399	0.225499324257	0
S13341	0.0708415463948	0.698624969803	0.230533483802	0
S13345	0.0688315581693	0.706763578677	0.224404863153	0
S13346	0.0694449029134	0.704985919156	0.225569177931	0
S13349	0.067664492848	0.708526404304	0.223809102848	0
S1335	0.0709871660464	0.702345018465	0.226667815488	0
S13352	0.0709630423993	0.702465620363	0.226571337238	0
S13354	0.0695729747058	0.699569271853	0.230857753441	0
S13357	0.0688208122222	0.701423122344	0.229756065434	0
S13367	0.0698961818962	0.704850749539	0.225253068564	0
S13369	0.070687353972	0.701550250321	0.227762395707	0
S13370	0.0706026727858	0.705471279215	0.223926048	0
S13374	0.0668638812102	0.709250309623	0.223885809166	0
S13378	0.0691431215566	0.70548394477	0.225372933674	0
S13382	0.0691360520439	0.702646949597	0.228216998359	0
S13389	0.0699972639838	0.700875331053	0.229127404963	0
