	Neutrophils	Lymphocyte	Monocytes	Other
S10001	0.0676399208951	0.21707119813	0.0612941308226	0.653994750152
S10006	0.0694900777883	0.234004853731	0.0555224572191	0.640982611262
S1001	0.0681945971283	0.238919076571	0.0559373251958	0.636949001105
S10010	0.0756667618729	0.233952042777	0.0624172393793	0.627963955971
S10011	0.0690803190286	0.230683646591	0.0618367007726	0.638399333608
S10014	0.069057071861	0.232872643762	0.0566888777098	0.641381406667
S10026	0.0714080835484	0.246061018142	0.0560098940139	0.626521004296
S10032	0.0696475958469	0.233581361102	0.0632514195768	0.633519623474
S10036	0.0674705436343	0.240867171357	0.0519892775851	0.639673007423
S10042	0.0708180826213	0.241936083519	0.0577880461292	0.62945778773
S10044	0.0665172599713	0.240242461505	0.0557054619379	0.637534816585
S10049	0.0671527035121	0.242084301596	0.054200289918	0.636562704974
S10057	0.0656376488549	0.238643584459	0.0550314678599	0.640687298826
S10062	0.0711328852643	0.238214897953	0.0622018020823	0.628450414701
S10066	0.0740455336639	0.225608249908	0.0634799554869	0.636866260941
S10067	0.0665506998675	0.252040483783	0.0555035866638	0.625905229685
S1007	0.0695746329969	0.226313985493	0.0573332351642	0.646778146346
S10073	0.0691257211422	0.229385687432	0.0575678898137	0.643920701612
S10077	0.0671947011016	0.22616805314	0.0631283874324	0.643508858326
S10080	0.067824147141	0.229726773793	0.0626644343422	0.639784644723
S10082	0.0708375771164	0.232159673524	0.0612008981013	0.635801851258
S10087	0.0676504702662	0.23297850536	0.0580063760104	0.641364648363
S10089	0.0688299710176	0.232293146639	0.0569017193701	0.641975162973
S1009	0.0661976481815	0.231726610973	0.0579309151263	0.644144825719
S10090	0.0703504410142	0.217706000434	0.0585323819864	0.653411176566
S10093	0.0706261633046	0.223424571754	0.0570149721109	0.648934292831
S10094	0.0698839128518	0.236200134993	0.0606269157117	0.633289036443
S1010	0.0690029078277	0.226084971608	0.0582721518713	0.646639968693
S10111	0.0657099581759	0.239102174573	0.0559474466715	0.639240420579
S10116	0.0630002498531	0.239704498935	0.0611085522845	0.636186698927
S10119	0.0654619821793	0.237951540844	0.0574189657744	0.639167511202
S10121	0.0679935768472	0.245044898573	0.0585490204147	0.628412504166
S10130	0.0718973956749	0.228032740899	0.0604400911395	0.639629772287
S10140	0.0704059550457	0.23393780111	0.0576894711855	0.637966772659
S10142	0.0626442705104	0.25166685667	0.0559690873903	0.62971978543
S10150	0.0740299013888	0.223684312774	0.0632962562115	0.638989529626
S10155	0.0664202606662	0.238475382139	0.0576030038871	0.637501353307
S1016	0.0699091130607	0.234604734319	0.0583642164006	0.63712193622
S10163	0.0694284320873	0.221341693161	0.0639114926088	0.645318382143
S10167	0.069852775025	0.232032893378	0.0537097488087	0.644404582788
S10168	0.0661235969283	0.248598631809	0.0580376046016	0.627240166661
S10173	0.0681354669306	0.247204665157	0.0602377041983	0.624422163714
S10175	0.0697949408455	0.239883484019	0.0580459902258	0.632275584909
S10179	0.0655354676011	0.241298975856	0.0576209361507	0.635544620393
S10186	0.0592404604431	0.241678787342	0.0522672175739	0.646813534641
S1019	0.0674160282386	0.238293321654	0.0596876568531	0.634602993255
S10190	0.0644030200912	0.24168358923	0.0566351690083	0.637278221671
S10195	0.0728079766171	0.230221242701	0.0573747439183	0.639596036764
S10196	0.0652950187086	0.235278751594	0.056053434078	0.643372795619
S10200	0.0704232181974	0.237702222452	0.0575090898863	0.634365469465
S10201	0.0726868468327	0.221470925904	0.0622694152762	0.643572811987
S10202	0.0697787854848	0.229535191592	0.0640525484884	0.636633474435
S10205	0.0687952048606	0.242143694693	0.0535284645348	0.635532635911
S10211	0.0690608824346	0.235651453397	0.0517974288984	0.64349023527
S10221	0.0715246302047	0.227641068748	0.0554740203718	0.645360280675
S10222	0.0696655578671	0.215045850318	0.0535842256828	0.661704366132
S10226	0.070419052238	0.238509771857	0.0582378074	0.632833368505
S10227	0.0703989291385	0.230521849491	0.0589747144765	0.640104506894
S10228	0.0671287280014	0.234570894597	0.0560731310811	0.64222724632
S10232	0.0644342570652	0.247256358782	0.0557606424391	0.632548741714
S10248	0.0671481405083	0.243817997926	0.0528476173311	0.636186244234
S10249	0.0706916829372	0.218533859642	0.0650017991168	0.645772658304
S1025	0.0660744947126	0.24302976833	0.0557067739585	0.635188962999
S10266	0.0684828898316	0.223841728575	0.0602473959743	0.647427985619
S10269	0.0718409911892	0.238456665112	0.0604610364596	0.629241307239
S10272	0.0725887197994	0.238716562501	0.0545174693057	0.634177248394
S10273	0.0702380832403	0.23529358474	0.0598088105424	0.634659521478
S10274	0.0707579380533	0.234915426351	0.0581004464553	0.63622618914
S1028	0.0695701121878	0.241506762151	0.0564095917616	0.6325135339
S10280	0.0683926895926	0.22751040121	0.064477332796	0.639619576401
S10283	0.0648542722556	0.2457436184	0.0573462046418	0.632055904703
S1029	0.069026333115	0.234852641365	0.0547884945404	0.64133253098
S10292	0.0686268718677	0.237851363232	0.0541838357942	0.639337929106
S10294	0.0649718956154	0.244787579986	0.0533345005515	0.636906023847
S10302	0.0675974551017	0.240610567472	0.0563612182884	0.635430759138
S10303	0.0684352583572	0.239507254597	0.0609489149329	0.631108572113
S10323	0.0702995821921	0.232658002403	0.0584293499107	0.638613065494
S10326	0.0703390088694	0.240047200496	0.0572301385317	0.632383652103
S10328	0.0664122328149	0.243046879821	0.0595565719206	0.630984315443
S10329	0.0655998003066	0.242945845278	0.0587270192765	0.632727335139
S10336	0.0706877091661	0.23979571422	0.0610182010317	0.628498375582
S10340	0.0705304908157	0.234277097989	0.0579392556954	0.6372531555
S10347	0.0685801703048	0.223594588419	0.0620231919595	0.645802049317
S10353	0.0692018497666	0.24506685545	0.0599175470851	0.625813747698
S10356	0.070226979759	0.228628755766	0.0628312764879	0.638312987987
S10358	0.0690844273754	0.234985349733	0.061555298211	0.634374924681
S10365	0.0706111689015	0.2401797735	0.0619818413675	0.627227216231
S1037	0.0633647790165	0.248887348179	0.0551364528721	0.632611419933
S10373	0.065804626593	0.243375777099	0.0569200471354	0.633899549173
S10374	0.072616061123	0.226227917371	0.052949328802	0.648206692704
S10375	0.0698200868835	0.231924808569	0.0620711792774	0.63618392527
S10377	0.0681232959699	0.218026983572	0.0547873738676	0.65906234659
S10378	0.0655818794063	0.246630584024	0.0552496083873	0.632537928183
S10390	0.0703970092193	0.215535382787	0.0594232598479	0.654644348146
S10391	0.0626461957819	0.233649150084	0.0550213869241	0.64868326721
S10393	0.0718663392051	0.248592870105	0.0525469449553	0.626993845734
S10400	0.0694701077839	0.225873016428	0.0631095774009	0.641547298387
S10401	0.0677962931874	0.231876727616	0.0606895150499	0.639637464147
S10406	0.0736517333546	0.227716602751	0.0583187691357	0.640312894759
S10408	0.0712889900949	0.22340548489	0.0590948169443	0.646210708071
S10409	0.0663921489346	0.247256669688	0.0539494298628	0.632401751514
S10418	0.0726815697545	0.217125487768	0.0600046557058	0.650188286772
S10431	0.0713923640608	0.243008131477	0.058771095678	0.626828408784
S10438	0.0689576897128	0.231691734609	0.0581533543657	0.641197221312
S10439	0.0680407945096	0.234449109834	0.0598934282456	0.637616667411
S10441	0.0694339692255	0.230904416455	0.0641607320545	0.635500882265
S10442	0.0706377805679	0.239320740245	0.0621746494399	0.627866829747
S1046	0.0714494368986	0.229708717159	0.0619009864916	0.636940859451
S10478	0.0743571267538	0.215528840894	0.0648927777595	0.645221254593
S10480	0.0642141340655	0.247512789547	0.0543062256104	0.633966850777
S10484	0.0678837766056	0.230015148577	0.0609161396305	0.641184935187
S10492	0.0650582792058	0.229435517239	0.0551138210869	0.650392382469
S10496	0.0681325910059	0.256090713282	0.0545439961599	0.621232699552
S10510	0.0663576335044	0.243668173395	0.0517182725222	0.638255920579
S10513	0.0691663640425	0.234222687879	0.0634211542367	0.633189793842
S10516	0.0691417782645	0.233382217236	0.0616997449636	0.635776259536
S10534	0.0700484675016	0.235338070094	0.0579400184728	0.636673443931
S10535	0.0687983300485	0.24695815419	0.0548463214296	0.629397194332
S10537	0.0692065034096	0.234912009505	0.0618754832932	0.634006003792
S1054	0.0693440490437	0.237952831962	0.0566207513067	0.636082367688
S10543	0.0674538734039	0.244552548727	0.0570140397252	0.630979538144
S10546	0.0705357381368	0.241179064113	0.0531949359279	0.635090261822
S1055	0.0724108904964	0.226496848386	0.0625413238294	0.638550937288
S10551	0.0667824102165	0.233553153269	0.0610332115528	0.638631224962
S10552	0.0710727552044	0.221531309241	0.0618328588941	0.645563076661
S10555	0.0669960032508	0.25691577273	0.0586107184706	0.617477505549
S10559	0.070515098508	0.238063910861	0.0592607867411	0.63216020389
S1056	0.0693692642789	0.239861594385	0.0585883795729	0.632180761763
S10563	0.0717791868109	0.220136006754	0.0606346423738	0.647450164062
S10574	0.0657452692012	0.248344579197	0.057593501774	0.628316649828
S10576	0.0732298900305	0.232960021002	0.0575312752086	0.636278813759
S10578	0.0712963245163	0.231859507751	0.0580579851942	0.638786182538
S10579	0.0688643480995	0.243898966443	0.0560904126676	0.63114627279
S10582	0.0700063690082	0.238156604874	0.0597101117969	0.632126914321
S1059	0.0675548144086	0.233669308205	0.0593538562	0.639422021186
S10599	0.069644982746	0.230296527125	0.0600155418191	0.64004294831
S10611	0.0698491452367	0.238148757047	0.0575781086298	0.634423989086
S10614	0.0729992269014	0.229252984368	0.0620311076667	0.635716681064
S10624	0.0624759257173	0.233010248763	0.0623800820552	0.642133743464
S10632	0.0706009031205	0.227170327691	0.0595081310962	0.642720638092
S10634	0.0729706306004	0.24502127147	0.0561696337104	0.625838464219
S10638	0.0674987387085	0.224268538879	0.0617933958527	0.646439326559
S10644	0.0652654318772	0.246500383454	0.0585446204121	0.629689564257
S10649	0.0747418649639	0.238855310188	0.0560212304875	0.63038159436
S10652	0.0716811987941	0.231577302245	0.0601831694412	0.63655832952
S10654	0.068377400391	0.252770673264	0.0539819278409	0.624869998504
S10655	0.0695958931632	0.245279735713	0.0597948011793	0.625329569945
S10656	0.0691064787163	0.249831729766	0.0550678968208	0.625993894697
S10657	0.067304771304	0.223776270884	0.0572287083227	0.65169024949
S10658	0.0711499978425	0.247632850298	0.0574294411622	0.623787710697
S10660	0.0632040947322	0.241971757033	0.0578046575031	0.637019490732
S10661	0.0673161577046	0.242637536436	0.0568063407283	0.633239965131
S10676	0.0665010435668	0.242159315969	0.0583241294118	0.633015511053
S1068	0.0690528672283	0.233875125427	0.0578481945383	0.639223812807
S10681	0.0692040021538	0.241405285162	0.0509198679963	0.638470844688
S10686	0.0684657833771	0.2392645357	0.0575937410067	0.634675939916
S10688	0.0711984628588	0.237224834014	0.0588178609466	0.63275884218
S10690	0.0711526477439	0.237391315777	0.0589002769503	0.632555759529
S10698	0.0661402654472	0.241576087067	0.0598898473753	0.632393800111
S107	0.0685468763391	0.245541810346	0.0572159497483	0.628695363567
S10703	0.0668392622666	0.248216402232	0.0569389957064	0.628005339795
S10726	0.0706264015374	0.241060821346	0.0564985744944	0.631814202622
S10729	0.0676106711578	0.232115452381	0.0619244029828	0.638349473478
S10733	0.0697405815237	0.247563082591	0.0576500003993	0.625046335485
S10734	0.0672371920288	0.230260717231	0.0540171618988	0.648484928842
S10735	0.0702971786439	0.229873697378	0.0567959275863	0.643033196392
S10740	0.07350470878	0.207101886018	0.0634750698714	0.65591833533
S10745	0.0726338936024	0.234557844278	0.061487948396	0.631320313723
S10748	0.0684959865451	0.224766284886	0.0569209672379	0.649816761331
S10753	0.0713089022405	0.225883649292	0.0603727487373	0.642434699731
S10756	0.0680487440648	0.23943253933	0.0558341027268	0.636684613878
S10757	0.0702289819274	0.241504433413	0.056379842165	0.631886742494
S1076	0.070342894932	0.234807171157	0.0620004032002	0.632849530711
S10764	0.0678007635865	0.226358057123	0.0590284361781	0.646812743112
S10767	0.0609081752449	0.246300227302	0.0550073568312	0.637784240622
S10776	0.0726475177943	0.235784116757	0.0623445620818	0.629223803367
S10778	0.0714390791772	0.229102259133	0.0598768141804	0.63958184751
S10784	0.0728581422883	0.227833720545	0.0643634060489	0.634944731117
S10787	0.0692683627549	0.233452926443	0.0591153900607	0.638163320742
S10800	0.0674849203098	0.23590394691	0.0587363114615	0.637874821319
S10805	0.0689471670852	0.223909174246	0.0590655395719	0.648078119097
S10813	0.0674053400592	0.244952649142	0.0589862448232	0.628655765976
S10814	0.0670646481482	0.230531638935	0.0497875493014	0.652616163615
S10815	0.0685573611525	0.249363936435	0.0559879841233	0.626090718289
S10817	0.0694038006043	0.227798909366	0.055200335804	0.647596954225
S1083	0.0674075447612	0.250347803424	0.0574867004277	0.624757951387
S10835	0.0675089911634	0.226145543987	0.0604967822359	0.645848682614
S10838	0.0695659775033	0.241078176128	0.0548190149749	0.634536831394
S10844	0.0689372098594	0.242652239322	0.0550058890625	0.633404661756
S10845	0.0686032174054	0.2394968064	0.0594284150962	0.632471561099
S10846	0.0657265705804	0.241701824635	0.0565841333546	0.63598747143
S10853	0.0743549993197	0.233647659723	0.0556059204163	0.636391420541
S10854	0.0683888165302	0.245631024339	0.059067944752	0.626912214379
S10865	0.069512605801	0.236452061417	0.0613559752873	0.632679357495
S10866	0.0696262208591	0.240388183709	0.0568102589848	0.633175336447
S10869	0.0749202346858	0.239184230809	0.062623030608	0.623272503897
S10873	0.07172735015	0.235120753202	0.0612146090837	0.631937287564
S10876	0.0665132956447	0.243201950107	0.0575463122586	0.63273844199
S10883	0.0710397570095	0.229073912802	0.058294210015	0.641592120174
S10885	0.0697436379131	0.22629699747	0.0568451347104	0.647114229907
S10893	0.0736485007109	0.239139681436	0.0578836350582	0.629328182795
S10895	0.069740600248	0.231984222824	0.0616837692336	0.636591407694
S10902	0.0653654719583	0.236136782873	0.052427259157	0.646070486012
S10903	0.0710529670427	0.243229786735	0.0577539666404	0.627963279582
S1092	0.0740682692994	0.235097738998	0.0575374924955	0.633296499207
S10925	0.0699147079389	0.236297902778	0.0564387648753	0.637348624408
S10927	0.0710599113029	0.231765145481	0.0619567828392	0.635218160377
S10936	0.0655820166764	0.237595608986	0.0546905266978	0.642131847639
S10945	0.0745915381163	0.233960799269	0.0627110847044	0.62873657791
S10947	0.0673580582109	0.229709042753	0.0545532723938	0.648379626643
S10949	0.0709656024209	0.24348892676	0.0531088966134	0.632436574206
S1095	0.0721068482716	0.219490902286	0.0575462818992	0.650855967543
S10961	0.0726155695958	0.226343718252	0.0600003558623	0.64104035629
S10969	0.067790248273	0.250755864043	0.056110299814	0.62534358787
S10972	0.0685684874561	0.235547792845	0.0619652503682	0.633918469331
S10973	0.0740269564764	0.225185882962	0.0618984873603	0.638888673201
S10978	0.0701692649868	0.247523241602	0.0576676251774	0.624639868234
S10979	0.0706737592879	0.235215396047	0.0586144991703	0.635496345495
S10986	0.071317323066	0.227483380304	0.0611023513836	0.640096945246
S10989	0.0725625165254	0.241938102991	0.0564429573937	0.62905642309
S10995	0.0695622464291	0.245847762378	0.0567910001793	0.627798991013
S11005	0.0665512975245	0.245865027819	0.0543452370919	0.633238437565
S11008	0.0709179653571	0.229717723385	0.0567194996562	0.642644811602
S11010	0.0659421245902	0.24093814267	0.0493894022645	0.643730330475
S11013	0.0688126759679	0.229566628787	0.0606959141742	0.640924781071
S11016	0.0687900235646	0.245135239042	0.0555695208334	0.63050521656
S11017	0.0709008715644	0.231650957506	0.0627028157715	0.634745355158
S11020	0.0719340107614	0.231477089128	0.0614226039412	0.635166296169
S11027	0.0684979205429	0.241830121343	0.0564347930035	0.633237165111
S11035	0.0710126530447	0.232609078097	0.0528794598234	0.643498809035
S11041	0.074911762058	0.247710119151	0.0554570498426	0.621921068949
S1106	0.0705370582001	0.246438065955	0.0562402718108	0.626784604034
S11071	0.063266476761	0.255309739924	0.0565296459628	0.624894137352
S11076	0.0681252162181	0.237809030087	0.0571780765929	0.636887677102
S11078	0.0706724316524	0.236554591891	0.0603201199627	0.632452856494
S11081	0.0665821438538	0.236475694924	0.0610449009258	0.635897260296
S11086	0.0714698798559	0.231288539969	0.0558218073355	0.64141977284
S1109	0.0687997863153	0.230609077801	0.0630012682045	0.637589867679
S11096	0.0709253089248	0.227110433867	0.0618355758072	0.640128681401
S11100	0.0677288356937	0.224733056761	0.0584827556681	0.649055351877
S11107	0.0709062024785	0.224923374598	0.0605536513557	0.643616771568
S11109	0.0737235823955	0.228894424709	0.0589742396995	0.638407753196
S1111	0.0654143965491	0.246536248637	0.0537909656426	0.634258389172
S11119	0.0658374108402	0.238647210159	0.0559461103136	0.639569268687
S11127	0.0694516083617	0.249406048547	0.0533682351595	0.627774107932
S11136	0.0662878495734	0.221331661227	0.0602870271702	0.65209346203
S11147	0.0722696176084	0.23497698684	0.0546644348749	0.638088960677
S11150	0.0738403354613	0.232211330323	0.0559591153284	0.637989218887
S11152	0.0693173685939	0.233340951847	0.0581002729963	0.639241406562
S1116	0.0668591471829	0.239153138029	0.0545816407665	0.639406074022
S11163	0.0693227979996	0.247762032192	0.0553364070855	0.627578762723
S11164	0.0728908041403	0.231529146369	0.0590726281216	0.63650742137
S11166	0.0668988892023	0.216771763545	0.0556684510786	0.660660896174
S11173	0.0703208897728	0.23013522366	0.0570821611385	0.642461725429
S11174	0.0677716219677	0.250335629507	0.0569063404417	0.624986408084
S11182	0.0689192162234	0.234964426414	0.0592893337577	0.636827023605
S11188	0.068770822545	0.241605837953	0.0606186904936	0.629004649008
S11189	0.069423954897	0.244455567126	0.0577266834714	0.628393794506
S1119	0.0614195439269	0.250119759445	0.0599465749967	0.628514121632
S11195	0.0699106239989	0.235270729115	0.0608577711334	0.633960875752
S11197	0.071637704115	0.230435202041	0.0548808771505	0.643046216694
S11198	0.0773348226069	0.226967512254	0.0629656624118	0.632732002727
S11211	0.0709491319473	0.225694817328	0.0641458304803	0.639210220244
S11214	0.0661277404344	0.247765827475	0.0552567354212	0.63084969667
S11216	0.0690232072753	0.234114468434	0.0615776361104	0.63528468818
S11224	0.0685147753522	0.24206265613	0.0562014972276	0.63322107129
S11236	0.0686122251615	0.233367958925	0.0590685013925	0.638951314521
S11241	0.0722106021324	0.234750918358	0.0558077698614	0.637230709648
S11243	0.0688681893104	0.232824181641	0.0598775736476	0.638430055401
S11245	0.0724218061122	0.231147935017	0.0602819064054	0.636148352466
S11249	0.0672442002533	0.23361199751	0.0606148469229	0.638528955314
S11274	0.0635477464836	0.218872133192	0.0621084368687	0.655471683456
S11280	0.0682744422813	0.231212284411	0.0596417071026	0.640871566205
S11281	0.0647131860802	0.237824052779	0.05940678548	0.63805597566
S11285	0.0672642267337	0.225845402717	0.0572078418018	0.649682528748
S11298	0.0675524517716	0.225928171816	0.0543085628403	0.652210813572
S11311	0.0705924328445	0.223966277551	0.0605409470938	0.644900342511
S11312	0.0697875345291	0.232102541525	0.0604983534433	0.637611570502
S11316	0.0677729783782	0.240973559906	0.0618853567205	0.629368104995
S1133	0.0700784413809	0.237193551026	0.0576407336443	0.635087273949
S11330	0.0708749048347	0.250744328692	0.0563421623712	0.622038604102
S11332	0.0642062880653	0.238093771142	0.0561220696533	0.641577871139
S11334	0.0701588336882	0.244331173119	0.0583016574268	0.627208335767
S11335	0.0706139974762	0.233361659603	0.0601222848187	0.635902058102
S11345	0.0691688876009	0.217686910606	0.058546047914	0.65459815388
S11349	0.0683581467528	0.234503699427	0.0600305675072	0.637107586313
S1135	0.0670130732717	0.235450439895	0.0631679121708	0.634368574662
S11352	0.0714710970726	0.224649389649	0.0621204938719	0.641759019407
S11353	0.0716992741864	0.233352069782	0.0603197188614	0.63462893717
S11368	0.069793222285	0.23714285431	0.0594250144719	0.633638908933
S11369	0.0652677927359	0.23057345202	0.0629214591343	0.641237296109
S11371	0.0706952036749	0.237128977242	0.0540377429054	0.638138076178
S11377	0.0743707538126	0.233057477287	0.0618713088697	0.630700460031
S11378	0.063578090831	0.238740502429	0.0506176678589	0.647063738881
S11383	0.0649973779128	0.246589511901	0.056325163691	0.632087946495
S11384	0.0647864762282	0.247223181161	0.0464767655684	0.641513577043
S11392	0.0701369912347	0.23075174627	0.0601170629616	0.638994199534
S1140	0.0719980983734	0.235057438268	0.0551428587437	0.637801604615
S11410	0.0685692851872	0.227271657094	0.0589607356432	0.645198322076
S11411	0.0676445807314	0.238980158666	0.0605407592566	0.632834501346
S11414	0.0688897562237	0.23157576075	0.0568584206274	0.642676062399
S11419	0.0700621941797	0.23462989149	0.0566075093072	0.638700405023
S11424	0.0673258497345	0.234184211389	0.0589971716829	0.639492767194
S11425	0.0694863624061	0.235505852511	0.0623540019427	0.632653783141
S11433	0.0680884962102	0.217612317178	0.0607837248425	0.65351546177
S11434	0.0691026799537	0.232377774602	0.0586112325335	0.639908312911
S11436	0.071124757693	0.227141341327	0.0613792154302	0.64035468555
S11437	0.0710521627596	0.245085660605	0.0521346487352	0.6317275279
S11440	0.0744636701778	0.233848182674	0.0605152358417	0.631172911306
S11449	0.069659251376	0.246092750548	0.0574308033638	0.626817194712
S11459	0.0648565540874	0.233144406248	0.0585539242364	0.643445115428
S11477	0.0695373359513	0.235183172177	0.0590467758679	0.636232716003
S11480	0.0725705741216	0.236225014742	0.060083019637	0.631121391499
S11486	0.0736390773919	0.230669013569	0.0552273486374	0.640464560401
S11501	0.0713333450223	0.242201880467	0.0522546750568	0.634210099453
S11504	0.0662935905426	0.23606561899	0.0584847809179	0.639156009549
S11507	0.0678179521658	0.244541216455	0.0553645970665	0.632276234312
S11518	0.059556689698	0.234241945895	0.0626095502402	0.643591814167
S11525	0.0685191782639	0.239357889104	0.0591306612993	0.632992271332
S11531	0.068727467211	0.235835468361	0.0610119890759	0.634425075352
S11532	0.0657760893181	0.245352578472	0.0549509973564	0.633920334853
S1154	0.0669499572447	0.240478723512	0.0533742465292	0.639197072714
S11542	0.0714535340452	0.221806696332	0.0599934816314	0.646746287992
S11543	0.070403327606	0.239573839693	0.0605574902699	0.629465342431
S11546	0.0705868474201	0.232792060567	0.0598042238166	0.636816868196
S1155	0.0711889855052	0.217614431955	0.0591824361769	0.652014146363
S1156	0.0618563025184	0.250815151836	0.0464640491009	0.640864496545
S11568	0.0728370029493	0.233656491208	0.0574687074619	0.636037798381
S11576	0.0692898819914	0.25017804289	0.0573147207265	0.623217354393
S11584	0.0718341915445	0.231002910342	0.0597071866687	0.637455711445
S11586	0.0730091501141	0.234823866324	0.0612860047444	0.630880978818
S11590	0.0707037538884	0.233271613135	0.0598839536727	0.636140679304
S11592	0.0644787599398	0.232034235931	0.0590006869786	0.64448631715
S11593	0.0693705100445	0.236134227575	0.0588405431424	0.635654719238
S11599	0.068323783748	0.220956287102	0.0596274288525	0.651092500298
S1160	0.0676325528576	0.239705836874	0.056435208295	0.636226401973
S11610	0.0708101409863	0.230785832036	0.0569607265559	0.641443300422
S11615	0.0682787892511	0.240198257008	0.0614077211503	0.630115232591
S11629	0.069368720827	0.246949968859	0.0539117749278	0.629769535386
S11631	0.0700650380258	0.239690480356	0.0574234725028	0.632821009115
S1164	0.0708772188329	0.246552775055	0.0579720605986	0.624597945514
S11642	0.0730832678277	0.220043082816	0.0583008092126	0.648572840143
S11656	0.0662651655006	0.215755159244	0.0586650540661	0.659314621189
S11663	0.0691083959246	0.231323765608	0.0576050106309	0.641962827837
S11667	0.0703410488882	0.223000831086	0.0616442249273	0.645013895098
S11668	0.0717122300601	0.235060851325	0.0586124638997	0.634614454715
S1167	0.0669360971848	0.245178059446	0.0568830924427	0.631002750926
S11673	0.0678345504859	0.223972673509	0.0620974934568	0.646095282548
S11682	0.0730397338327	0.231985125405	0.0594233051872	0.635551835575
S11693	0.0677008763445	0.234205304353	0.0577999546409	0.640293864661
S11696	0.0730533685742	0.244454226203	0.0556270751361	0.626865330087
S11699	0.0690293288859	0.239177792973	0.0580474204388	0.633745457703
S117	0.067051601412	0.229565093705	0.0581014145486	0.645281890335
S1170	0.0709498824162	0.242025306301	0.0579793965976	0.629045414685
S11709	0.0699804485286	0.230332918339	0.0610910901604	0.638595542972
S11713	0.0625425336782	0.250220893215	0.0556367967397	0.631599776367
S11717	0.0679994275892	0.235394687398	0.0569720776707	0.639633807342
S1173	0.0704583285998	0.220998103239	0.0582677233778	0.650275844783
S11731	0.0715508324108	0.232265145428	0.0636625607377	0.632521461424
S11732	0.070370438425	0.240163683407	0.0582096689797	0.631256209188
S11733	0.0677169301982	0.226575386607	0.062122000595	0.6435856826
S11734	0.070511825486	0.24139199395	0.0561875245083	0.631908656056
S11735	0.070645995068	0.236642941793	0.060215968138	0.632495095001
S11737	0.0654985649799	0.231298232054	0.0593087927423	0.643894410224
S11745	0.068766804144	0.230259852998	0.0609056719603	0.640067670898
S11760	0.0722368992681	0.22596279675	0.0592357650567	0.642564538925
S11761	0.0610381628275	0.23858511136	0.0574657743137	0.642910951499
S11769	0.0774792583714	0.228633501246	0.0607490382963	0.633138202086
S11783	0.0695716109357	0.24898882853	0.0555552394229	0.625884321112
S11784	0.069854841655	0.236224536543	0.060339581006	0.633581040796
S11786	0.0696705732472	0.239701619715	0.0589699310974	0.63165787594
S11797	0.0683539833484	0.225896720003	0.0627063841007	0.643042912548
S11799	0.06829201121	0.235279513628	0.0567057059508	0.639722769211
S118	0.0696330186334	0.226945557584	0.0608132114133	0.64260821237
S11800	0.0684310705208	0.245711514814	0.0555111362399	0.630346278425
S11802	0.0702442458738	0.229008069365	0.0604518375338	0.640295847227
S11806	0.0739309550369	0.228268214356	0.0581488646428	0.639651965964
S11807	0.0670042933156	0.21457945999	0.0614553918467	0.656960854848
S11810	0.0681674460725	0.236057131368	0.0569667725932	0.638808649967
S11811	0.069443182964	0.235340157268	0.0598201890416	0.635396470726
S11812	0.0675090098896	0.229866218885	0.0576514559478	0.644973315277
S11820	0.0692184024898	0.240258958297	0.0588959828836	0.63162665633
S11822	0.0726476559948	0.242170982036	0.0579895548625	0.627191807106
S11823	0.0700643498314	0.230285044377	0.0549994677474	0.644651138044
S11826	0.0698586451913	0.246716364196	0.0553646463376	0.628060344275
S1183	0.0674617357127	0.235168863464	0.0583303643133	0.63903903651
S1184	0.0663171512288	0.242425319606	0.0586828375447	0.632574691621
S11842	0.0676292786044	0.243834897507	0.056118563007	0.632417260881
S11843	0.072849241071	0.242957281263	0.0599759059939	0.624217571672
S11844	0.0708003124699	0.243957508179	0.0600510713611	0.62519110799
S11850	0.0701535020281	0.222548567449	0.0617338254598	0.645564105063
S11853	0.0701402754522	0.235606428768	0.055102254385	0.639151041395
S11857	0.0696004482215	0.228151631683	0.0609347006407	0.641313219455
S11858	0.0704546666901	0.227002188635	0.0563993021307	0.646143842545
S11860	0.0693659305285	0.236418111467	0.0583425831364	0.635873374868
S11864	0.0638648357843	0.236443385338	0.0609821570156	0.638709621862
S11870	0.0721702085151	0.235755866353	0.0559926132358	0.636081311897
S11875	0.0694335888722	0.242769874514	0.057840700295	0.629955836319
S11877	0.0652521344807	0.226535118252	0.0583222204074	0.64989052686
S11878	0.0680537120495	0.232859767776	0.0594551246122	0.639631395562
S11882	0.0671865311826	0.236808989383	0.0579880024417	0.638016476993
S11883	0.0708782742844	0.227820050907	0.0604460421169	0.640855632692
S11884	0.0719737542342	0.232828191125	0.0629744586896	0.632223595952
S11886	0.070985667702	0.226085485504	0.0572636442916	0.645665202502
S11897	0.0694790907899	0.235409657225	0.0585507464411	0.636560505544
S1190	0.0692314043944	0.233129083698	0.0536593034189	0.643980208489
S11903	0.0714962789916	0.240808313123	0.05744521776	0.630250190125
S11905	0.0715864812938	0.222729252455	0.0639110724608	0.641773193791
S11907	0.0671030472176	0.236258433828	0.0582139575867	0.638424561368
S11914	0.0699126593062	0.224189441723	0.060337584905	0.645560314066
S11917	0.0697320139019	0.242518221524	0.0537025440462	0.634047220527
S11928	0.068850547447	0.23174733056	0.058341757401	0.641060364593
S11929	0.0658456599355	0.234180585547	0.0589666420727	0.641007112445
S1193	0.0682347715586	0.246083698511	0.0598895844167	0.625791945514
S11930	0.068068600467	0.228397708754	0.0589929331073	0.644540757672
S11934	0.0685736390498	0.253747812776	0.0540072008448	0.62367134733
S11939	0.0729194792166	0.229849828038	0.0608185483266	0.636412144419
S11944	0.0683360283532	0.249085838726	0.0563651089589	0.626213023962
S11945	0.0669199560914	0.240809424525	0.0504162198319	0.641854399552
S11957	0.0719137814947	0.235002573411	0.0586552057239	0.63442843937
S11958	0.0689124231825	0.219515977599	0.0619368543649	0.649634744853
S1196	0.071560995363	0.22739949484	0.0602839248195	0.640755584978
S11960	0.0668353811662	0.237078880109	0.057417892248	0.638667846477
S11965	0.0673241406544	0.250273389997	0.0520423618338	0.630360107515
S11967	0.0700911074353	0.23922924168	0.0601461320168	0.630533518868
S1197	0.0695406109252	0.215655125685	0.0606790000815	0.654125263308
S11973	0.067925231912	0.254460396108	0.0543069171178	0.623307454863
S11974	0.0695051038203	0.240500354851	0.0576581406494	0.632336400679
S11980	0.0720641924505	0.231879845967	0.0591736802336	0.636882281349
S11985	0.0714369546588	0.236695617318	0.0579716835337	0.63389574449
S11987	0.0716925084758	0.227642782198	0.0620414297373	0.638623279589
S11993	0.0690034466514	0.231355142221	0.0601678069182	0.639473604209
S12001	0.0702721183118	0.226684488527	0.0564590291035	0.646584364058
S12004	0.0674729118551	0.223235853371	0.0601814753694	0.649109759405
S12006	0.0706060475758	0.243339590494	0.0541375749685	0.631916786962
S12010	0.0662117918764	0.227709278736	0.0624741734128	0.643604755975
S12011	0.0696671350867	0.227722187575	0.0614113789233	0.641199298415
S12012	0.0729603651429	0.230225540319	0.0600768860145	0.636737208523
S12022	0.0675828633996	0.215850128736	0.0612606949439	0.655306312921
S12043	0.0718357603614	0.236318771928	0.0572713523032	0.634574115407
S12052	0.0667107227153	0.242404413949	0.0575438402896	0.633341023046
S12056	0.0707572524636	0.235221298952	0.0573695764012	0.636651872183
S12057	0.0710768781195	0.232263267397	0.058092718853	0.638567135631
S12058	0.0720890500177	0.220530188515	0.0598190966627	0.647561664805
S12061	0.0661044520122	0.238303799253	0.0572922995292	0.638299449206
S12064	0.0663759369659	0.246224690186	0.0575666790564	0.629832693792
S12073	0.0727270910269	0.218056229727	0.0580543441086	0.651162335137
S12076	0.0707757125272	0.230850469139	0.0590262330015	0.639347585332
S12079	0.0714226122267	0.231888609518	0.0520574670874	0.644631311168
S12089	0.0700660716303	0.230221735139	0.0629761777286	0.636736015502
S12098	0.0708967752328	0.240385658752	0.0547370077239	0.633980558291
S1210	0.0676707279847	0.244942585785	0.0562843019892	0.631102384241
S12101	0.0705412418952	0.219489583046	0.0588720014274	0.651097173631
S12105	0.0682590711032	0.24638860785	0.0565112888768	0.62884103217
S12106	0.0652471069504	0.223384620498	0.0631693461829	0.648198926369
S1212	0.0707036222745	0.235887516279	0.0589010617629	0.634507799683
S12120	0.0702522034584	0.225834736249	0.0638031551711	0.640109905121
S12129	0.0689874448586	0.238212208054	0.059668220334	0.633132126753
S12137	0.073280688822	0.240440883376	0.0584465521329	0.627831875669
S12140	0.0686570532168	0.243923030216	0.0552556665576	0.63216425001
S12159	0.0669666941733	0.254127686213	0.0580096773206	0.620895942293
S12170	0.073357724968	0.23021409956	0.0585647503218	0.637863425151
S12178	0.0677873385302	0.240896976045	0.0556884705687	0.635627214856
S12179	0.0702369575409	0.251720343586	0.0564542513298	0.621588447543
S1218	0.0702393156082	0.225661593521	0.0594296470777	0.644669443793
S12182	0.0660352627388	0.233314545953	0.0577946444156	0.642855546892
S12196	0.0683177040795	0.229835783806	0.0561919971243	0.645654514991
S12198	0.0742623236949	0.248611470867	0.0567294399065	0.620396765532
S1220	0.0703247655948	0.241308846818	0.0544751395436	0.633891248044
S12200	0.0718780448452	0.24563904285	0.0587515723526	0.623731339952
S12202	0.0708483994488	0.233697797942	0.0572776877542	0.638176114855
S12206	0.0699894465273	0.233351823403	0.0607123575421	0.635946372528
S12208	0.0699174293091	0.245399310488	0.0602062287817	0.624477031421
S12215	0.0656890802124	0.24916294121	0.0588396989789	0.626308279599
S12221	0.0687316508305	0.23654768314	0.0590754592748	0.635645206754
S12228	0.0713354596812	0.222196907407	0.0638666475465	0.642600985365
S12231	0.0710030651668	0.2360360646	0.0588540555278	0.634106814706
S12240	0.0659392748813	0.24114299609	0.0529759555983	0.63994177343
S12241	0.0677878770087	0.227874470992	0.0633989994883	0.640938652511
S12244	0.069289274768	0.2295053083	0.0560524549738	0.645152961958
S12245	0.0685495122705	0.235743968529	0.0565222801245	0.639184239076
S12249	0.068779853422	0.236135975777	0.0587252137002	0.636358957101
S12251	0.0711598515818	0.233117060904	0.0598202399017	0.635902847612
S12261	0.067377858404	0.224015320233	0.0605973566399	0.648009464723
S12264	0.066769432919	0.249102421136	0.0551340595944	0.62899408635
S12265	0.0689280432861	0.236852950268	0.0577753643165	0.63644364213
S12271	0.0716466924275	0.232495159057	0.0606766960966	0.635181452419
S12276	0.0649237309481	0.242914749983	0.0607599871522	0.631401531917
S12278	0.0683296424858	0.241030440802	0.0557319174184	0.634907999293
S12279	0.0679692575023	0.236970687609	0.0580329256118	0.637027129277
S12282	0.068590138223	0.226110908799	0.0623512787956	0.642947674182
S12285	0.0675729753544	0.241086302249	0.0607959437413	0.630544778656
S12291	0.0675959815187	0.236851610437	0.0534308461163	0.642121561928
S12294	0.0723932515485	0.235312998031	0.0578129204409	0.63448082998
S12308	0.0709810191645	0.230614664785	0.0594124523809	0.638991863669
S12335	0.0677762053439	0.224800600131	0.0586522601095	0.648770934415
S12344	0.0662367405465	0.238230307057	0.0550844376437	0.640448514753
S12347	0.0675955576141	0.239246065053	0.0590014830516	0.634156894281
S12348	0.0655311190087	0.23690167173	0.0573162601334	0.640250949128
S12354	0.0650202700874	0.231626392972	0.0611126785591	0.642240658382
S1236	0.0697371996558	0.236274365118	0.0577004476693	0.636287987556
S12365	0.066768547025	0.238751483684	0.061351793582	0.633128175709
S12366	0.0732019773475	0.229219453115	0.0634176872515	0.634160882286
S12374	0.0698713054699	0.236276013329	0.0583657052542	0.635486975946
S12385	0.0717641134516	0.228898083286	0.0630805745929	0.636257228669
S1239	0.0711156165627	0.237435849175	0.0565772470264	0.634871287236
S12391	0.0664055766268	0.247365355466	0.0565597986359	0.629669269272
S12394	0.070850208393	0.225921672517	0.0634297183091	0.639798400781
S12406	0.0687677856277	0.244293028031	0.0567932643359	0.630145922005
S1241	0.0714430491369	0.236914581082	0.0578681939708	0.633774175811
S12410	0.0620198019149	0.23599649451	0.0596815501472	0.642302153428
S12417	0.0734439800047	0.232926405874	0.056958734511	0.636670879611
S12419	0.0724771641511	0.237026476612	0.055860760915	0.634635598322
S12428	0.0675223520145	0.240007733105	0.060310721622	0.632159193258
S12431	0.0707630875765	0.236246475779	0.0584826501169	0.634507786527
S12432	0.0665615576643	0.239883680113	0.0609287453869	0.632626016836
S12436	0.0703002764381	0.235578833572	0.0574894320063	0.636631457984
S12437	0.0742475362609	0.226548044448	0.0601824316128	0.639021987678
S12439	0.0720457486582	0.232644176948	0.0634874721629	0.631822602231
S12440	0.0684652578513	0.244323797931	0.0590162477852	0.628194696433
S12441	0.0659278955558	0.224152188349	0.0619506966294	0.647969219466
S12447	0.0731949004142	0.233217702338	0.0595397165963	0.634047680651
S12450	0.0749637142018	0.230056597974	0.0556795895413	0.639300098283
S12452	0.0662273448862	0.239057391352	0.0572493945453	0.637465869217
S1246	0.0664273773396	0.249713711686	0.0579092519456	0.625949659029
S12463	0.0663802062603	0.246929961223	0.0543063854203	0.632383447097
S12464	0.0667850504116	0.231493642666	0.0564583198752	0.645262987047
S12488	0.0640814329202	0.234743805323	0.0555058715912	0.645668890166
S12489	0.0720862455304	0.227410072276	0.0611691974567	0.639334484737
S12496	0.068401214158	0.234509736447	0.0563086454864	0.640780403909
S12500	0.0694640637939	0.23208291193	0.0567794651784	0.641673559097
S12501	0.0679034597239	0.244332552012	0.0582828851365	0.629481103127
S1251	0.0674366443261	0.233587295282	0.0560391134005	0.642936946992
S12516	0.0655961835184	0.222053300374	0.0566269760888	0.655723540019
S1252	0.0695768485545	0.23923407115	0.0597046881723	0.631484392124
S12524	0.0709258302072	0.23650738044	0.0543471029289	0.638219686424
S12527	0.0721643757711	0.236860554527	0.0544518109118	0.63652325879
S12535	0.0751137124969	0.209627038919	0.0611229665859	0.654136281999
S12540	0.0681788279375	0.229700730504	0.0597641639505	0.642356277607
S12548	0.0664070697653	0.235860566834	0.0596414139014	0.638090949499
S12556	0.0722089009262	0.232643839931	0.0619841314781	0.633163127665
S12563	0.0708027850436	0.233135759359	0.06386190288	0.632199552717
S12568	0.0699377272186	0.230765379222	0.0601447784584	0.639152115101
S12569	0.0684218307806	0.234630540526	0.0556518393082	0.641295789385
S12570	0.0696467145582	0.227250424919	0.0622010378787	0.640901822644
S12577	0.068322602033	0.235224551253	0.0559969433136	0.640455903401
S12582	0.0701967411449	0.227625955931	0.0630829716087	0.639094331315
S12583	0.0671750057465	0.243894114864	0.0585728427496	0.630358036639
S12585	0.068398825889	0.23803175837	0.0613653242527	0.632204091488
S12590	0.0665885796651	0.235945610246	0.0519489633478	0.645516846741
S12596	0.0696841188849	0.232943717524	0.0599255005402	0.637446663051
S12597	0.0696057649086	0.237066436109	0.0611643826226	0.63216341636
S12604	0.0678907525143	0.226529267432	0.0579994293302	0.647580550724
S12605	0.0684367981813	0.236831525417	0.0588585603394	0.635873116062
S12608	0.0708751460866	0.231427423114	0.0585871014476	0.639110329352
S12617	0.0663698688355	0.247786043754	0.055006868132	0.630837219278
S12618	0.0651627625816	0.244618717271	0.050818151336	0.639400368812
S12624	0.0709398203278	0.233731400377	0.0600478403824	0.635280938913
S12628	0.0704054195625	0.239861815749	0.0621955578761	0.627537206812
S12637	0.0679018380953	0.242229896489	0.0577318377544	0.632136427661
S12655	0.0702275736659	0.239344867507	0.0572984374872	0.633129121339
S12658	0.0740157605018	0.227055458907	0.0611236504405	0.637805130151
S1266	0.0672410221311	0.250592125158	0.0562472287373	0.625919623974
S12665	0.0672663208248	0.235896223907	0.0581017379468	0.638735717322
S12666	0.0695076968901	0.234186086516	0.0561277236468	0.640178492947
S12667	0.0685495523675	0.238623839616	0.0567683530785	0.636058254938
S12675	0.0655892768113	0.228813517997	0.0576059823894	0.647991222802
S12682	0.0680647006351	0.231548066825	0.0581382465568	0.642248985983
S12691	0.0716584615311	0.238103423359	0.0585137245706	0.631724390539
S12704	0.0700358190768	0.227021032976	0.0605259581166	0.642417189831
S12706	0.0709695724743	0.241640348587	0.0549585586419	0.632431520297
S12707	0.0681352856083	0.24633102807	0.0544627196708	0.631070966651
S12721	0.0665202525138	0.252493539842	0.0564838577512	0.624502349893
S12722	0.0704273956779	0.235533565387	0.0603898183792	0.633649220556
S12731	0.0726529513834	0.232441243833	0.0595386534597	0.635367151324
S12734	0.0644367827524	0.247625710584	0.0567422283446	0.631195278319
S12735	0.066811212039	0.236881145449	0.058663142572	0.63764449994
S12736	0.0734381633933	0.216851237927	0.063200770987	0.646509827693
S12742	0.0708218990579	0.242753268823	0.0637965807551	0.622628251364
S12754	0.0679734799327	0.234295290294	0.0599667067205	0.637764523053
S12760	0.0713846775414	0.229605044137	0.054327139585	0.644683138737
S12773	0.0730503811175	0.225605194257	0.0626436215476	0.638700803077
S12775	0.0684699227657	0.233628800529	0.0566112682071	0.641290008499
