	Neutrophils	Lymphocyte	Monocytes	Other
S10001	0.0513295712214	0.71896700198	0.229703426799	0
S10006	0.0518386282395	0.73223332203	0.21592804973	0
S1001	0.0542379846873	0.719058191977	0.226703823336	0
S10010	0.0565496085731	0.704566068446	0.23888432298	0
S10011	0.0530752510638	0.726077586786	0.220847162151	0
S10014	0.0493480418939	0.725978331599	0.224673626507	0
S10026	0.0534992078326	0.716126104965	0.230374687203	0
S10032	0.0524569717203	0.711063899803	0.236479128477	0
S10036	0.0525172643413	0.729723058175	0.217759677483	0
S10042	0.0526499774577	0.72511750716	0.222232515382	0
S10044	0.0563395070589	0.718425643267	0.225234849674	0
S10049	0.0526407517798	0.71849849133	0.228860756891	0
S10057	0.0480118192153	0.742532066734	0.20945611405	0
S10062	0.0536634387569	0.717557081621	0.228779479622	0
S10066	0.0609620974043	0.69606820633	0.242969696266	0
S10067	0.0511389991181	0.720265236313	0.228595764569	0
S1007	0.0541636527819	0.728441296297	0.217395050921	0
S10073	0.0526479097094	0.72596945049	0.2213826398	0
S10077	0.0483710112004	0.714140640582	0.237488348218	0
S10080	0.0529517107157	0.717060594588	0.229987694696	0
S10082	0.0538320042174	0.715067499046	0.231100496737	0
S10087	0.0512011489791	0.708310922436	0.240487928585	0
S10089	0.0548821368921	0.712509101699	0.232608761409	0
S1009	0.0504042967418	0.733374364296	0.216221338962	0
S10090	0.0526170947156	0.732563358291	0.214819546994	0
S10093	0.0531295996457	0.728869680264	0.21800072009	0
S10094	0.0539446553967	0.717018331787	0.229037012816	0
S1010	0.0495057607648	0.731182362745	0.21931187649	0
S10111	0.05106822181	0.726335263578	0.222596514612	0
S10116	0.0463384574076	0.739321603828	0.214339938765	0
S10119	0.0515068370195	0.7254960723	0.22299709068	0
S10121	0.0543981172491	0.719052285983	0.226549596768	0
S10130	0.0536691663071	0.707930162583	0.23840067111	0
S10140	0.0578298840805	0.703211162812	0.238958953107	0
S10142	0.0514095109792	0.716979255341	0.23161123368	0
S10150	0.0559766065708	0.714850603635	0.229172789794	0
S10155	0.0525448757788	0.727373713876	0.220081410345	0
S1016	0.0536297549155	0.721957148184	0.224413096901	0
S10163	0.0507221524932	0.719041707889	0.230236139617	0
S10167	0.0492069396278	0.73698972808	0.213803332292	0
S10168	0.0542458428151	0.724908165217	0.220845991968	0
S10173	0.0496891682832	0.737389869222	0.212920962495	0
S10175	0.0533712068537	0.722659520161	0.223969272985	0
S10179	0.0512979063407	0.72802366808	0.220678425579	0
S10186	0.0452918278596	0.730386515641	0.224321656499	0
S1019	0.0501032841412	0.714567243789	0.23532947207	0
S10190	0.0539283669602	0.727977464163	0.218094168876	0
S10195	0.0532221841967	0.722445155733	0.224332660071	0
S10196	0.0546811104771	0.71990071258	0.225418176943	0
S10200	0.0532763993829	0.711732908397	0.23499069222	0
S10201	0.0596908413257	0.698632058181	0.241677100494	0
S10202	0.0518841422241	0.712662711933	0.235453145843	0
S10205	0.050845718836	0.730462385151	0.218691896013	0
S10211	0.0506315422015	0.730952369704	0.218416088095	0
S10221	0.0537379732916	0.728164969664	0.218097057044	0
S10222	0.0517508575481	0.720530173414	0.227718969038	0
S10226	0.0532743480795	0.721821263062	0.224904388858	0
S10227	0.0527036555443	0.715086064965	0.232210279491	0
S10228	0.0513545591684	0.718715254777	0.229930186055	0
S10232	0.0476022237606	0.755298433546	0.197099342694	0
S10248	0.0547225531276	0.732580374953	0.21269707192	0
S10249	0.0543989659395	0.721515033605	0.224086000455	0
S1025	0.0500806378354	0.718908467812	0.231010894352	0
S10266	0.0517694948286	0.727989214037	0.220241291134	0
S10269	0.0535779793571	0.714332166364	0.232089854279	0
S10272	0.0557261425797	0.719948657968	0.224325199452	0
S10273	0.0537502416668	0.716001852006	0.230247906327	0
S10274	0.0518767833432	0.721901767174	0.226221449482	0
S1028	0.0527242145015	0.723204864505	0.224070920993	0
S10280	0.0529898827035	0.726522208144	0.220487909153	0
S10283	0.0489228024007	0.720676293357	0.230400904243	0
S1029	0.0496782645134	0.725984713223	0.224337022264	0
S10292	0.0495203721863	0.721067042411	0.229412585403	0
S10294	0.0514533093641	0.719190232764	0.229356457872	0
S10302	0.0533779079167	0.729108183143	0.21751390894	0
S10303	0.0532351645807	0.724171351088	0.222593484332	0
S10323	0.0514975430264	0.718495536691	0.230006920283	0
S10326	0.052366657839	0.710360156593	0.237273185568	0
S10328	0.0535836886554	0.716028995197	0.230387316148	0
S10329	0.0534782746396	0.717779214234	0.228742511126	0
S10336	0.0532527871098	0.710592856527	0.236154356363	0
S10340	0.0538876547341	0.725383881304	0.220728463962	0
S10347	0.0507450767831	0.72665899158	0.222595931637	0
S10353	0.0493367436016	0.732832483119	0.217830773279	0
S10356	0.050541002407	0.728192394961	0.221266602632	0
S10358	0.0539888004028	0.715450748987	0.23056045061	0
S10365	0.0539204572806	0.714030585082	0.232048957637	0
S1037	0.0484353639295	0.73820123047	0.213363405601	0
S10373	0.0509024491263	0.724177694221	0.224919856653	0
S10374	0.051416535149	0.742616105796	0.205967359055	0
S10375	0.0546927658337	0.713472704268	0.231834529899	0
S10377	0.0510252709717	0.740310478144	0.208664250885	0
S10378	0.0526209801818	0.71707920337	0.230299816449	0
S10390	0.0500600689815	0.745219851529	0.204720079489	0
S10391	0.0484161365508	0.736830756946	0.214753106503	0
S10393	0.0545487189818	0.722687606831	0.222763674188	0
S10400	0.0506705859285	0.713894696248	0.235434717824	0
S10401	0.0482022080371	0.720318771509	0.231479020454	0
S10406	0.0557658065348	0.7164996067	0.227734586766	0
S10408	0.0514806769778	0.723106157404	0.225413165618	0
S10409	0.0530280721588	0.734179423158	0.212792504684	0
S10418	0.0523487150182	0.725733342175	0.221917942806	0
S10431	0.0553259897883	0.719503305578	0.225170704633	0
S10438	0.0513702395991	0.725870862009	0.222758898392	0
S10439	0.051537798467	0.721966777763	0.22649542377	0
S10441	0.0558823357892	0.704020992489	0.240096671722	0
S10442	0.0515702158313	0.717407925376	0.231021858792	0
S1046	0.0540922768374	0.710324606621	0.235583116541	0
S10478	0.0575025100803	0.698232051147	0.244265438773	0
S10480	0.0493382843574	0.73070638914	0.219955326503	0
S10484	0.052913417056	0.716436030385	0.230650552559	0
S10492	0.0497417919097	0.739700626569	0.210557581521	0
S10496	0.0525711730842	0.720386894995	0.22704193192	0
S10510	0.0496092654331	0.737811896493	0.212578838074	0
S10513	0.0545378558339	0.712753652859	0.232708491307	0
S10516	0.0487365729441	0.71604382684	0.235219600216	0
S10534	0.0526852718752	0.706014590114	0.241300138011	0
S10535	0.0536400704743	0.714899423223	0.231460506303	0
S10537	0.0525286451772	0.717297549183	0.230173805639	0
S1054	0.0524438207451	0.716983134456	0.230573044799	0
S10543	0.0537129577213	0.721076617075	0.225210425204	0
S10546	0.05150864073	0.732838268777	0.215653090493	0
S1055	0.0572558567328	0.710688192586	0.232055950681	0
S10551	0.0515093780038	0.723454527918	0.225036094079	0
S10552	0.0537487097818	0.707129752274	0.239121537944	0
S10555	0.0514786645516	0.733632831585	0.214888503864	0
S10559	0.0522702946921	0.704964515899	0.242765189409	0
S1056	0.0505364509412	0.732329929714	0.217133619345	0
S10563	0.053830710936	0.71704361966	0.229125669404	0
S10574	0.0485536130626	0.719430975806	0.232015411131	0
S10576	0.055179271565	0.720597524076	0.224223204359	0
S10578	0.0536631968994	0.71369843507	0.23263836803	0
S10579	0.0543594358901	0.725661790515	0.219978773594	0
S10582	0.0553916963607	0.716346387682	0.228261915957	0
S1059	0.0545195920056	0.715129179635	0.23035122836	0
S10599	0.0550092303895	0.715573351184	0.229417418426	0
S10611	0.052967232548	0.710922817948	0.236109949504	0
S10614	0.0556708021899	0.709731157488	0.234598040322	0
S10624	0.0470611034568	0.729362319791	0.223576576752	0
S10632	0.0526051391122	0.719722848125	0.227672012762	0
S10634	0.0505832204357	0.713938088617	0.235478690948	0
S10638	0.0523911081936	0.715808841003	0.231800050804	0
S10644	0.0492072988937	0.731344685965	0.219448015141	0
S10649	0.0599877531008	0.707596520791	0.232415726108	0
S10652	0.0572596445296	0.707960282815	0.234780072655	0
S10654	0.0545455028955	0.715974259846	0.229480237259	0
S10655	0.0538362034345	0.709813446041	0.236350350524	0
S10656	0.0567180610096	0.720665380436	0.222616558555	0
S10657	0.0524887420407	0.72031626503	0.227194992929	0
S10658	0.0529210112053	0.712545309402	0.234533679393	0
S10660	0.0482436723554	0.727426465468	0.224329862177	0
S10661	0.0512971895296	0.729191096395	0.219511714075	0
S10676	0.0528429312644	0.710181919381	0.236975149355	0
S1068	0.0518039281097	0.722846425697	0.225349646193	0
S10681	0.0538052110267	0.728784857588	0.217409931386	0
S10686	0.0523464641502	0.721471518529	0.226182017321	0
S10688	0.0531312666516	0.728409188388	0.218459544961	0
S10690	0.0484564328316	0.727187503742	0.224356063426	0
S10698	0.0523126508195	0.722783685303	0.224903663877	0
S107	0.0518971933535	0.731938352805	0.216164453842	0
S10703	0.0517071381422	0.716677943999	0.231614917859	0
S10726	0.0498258392296	0.727864851991	0.222309308779	0
S10729	0.0508671233236	0.708908604353	0.240224272324	0
S10733	0.0516432591954	0.713351479742	0.235005261062	0
S10734	0.0503713244702	0.730508014559	0.219120660971	0
S10735	0.0521212900632	0.725090600231	0.222788109706	0
S10740	0.0555079909727	0.720421762227	0.224070246801	0
S10745	0.0544150450161	0.708541211437	0.237043743547	0
S10748	0.0497410351754	0.724518101474	0.22574086335	0
S10753	0.0547786689611	0.719997988628	0.225223342411	0
S10756	0.0533873443427	0.723926622117	0.22268603354	0
S10757	0.0495304616035	0.738286518227	0.21218302017	0
S1076	0.050119202784	0.713193592216	0.236687205	0
S10764	0.0514026265594	0.72835947424	0.2202378992	0
S10767	0.0503761049335	0.724367439216	0.22525645585	0
S10776	0.0534911145996	0.707090035303	0.239418850098	0
S10778	0.0554319318084	0.722621859308	0.221946208884	0
S10784	0.0574393508172	0.702010035962	0.240550613221	0
S10787	0.0528680935157	0.720022183963	0.227109722521	0
S10800	0.0503490727192	0.732926410116	0.216724517164	0
S10805	0.0523415209625	0.716769641241	0.230888837797	0
S10813	0.0534902758624	0.705748895306	0.240760828832	0
S10814	0.0529896252176	0.729386792826	0.217623581956	0
S10815	0.0527123532043	0.731300285018	0.215987361778	0
S10817	0.0495147359877	0.738973406171	0.211511857841	0
S1083	0.0512427560624	0.715972244817	0.232784999121	0
S10835	0.0539308410877	0.707588173855	0.238480985057	0
S10838	0.0547506590921	0.726032345913	0.219216994995	0
S10844	0.0531522082682	0.723369563394	0.223478228338	0
S10845	0.0525827359522	0.707555745687	0.239861518361	0
S10846	0.0490813849801	0.732595680518	0.218322934502	0
S10853	0.0590575437376	0.712347787553	0.228594668709	0
S10854	0.0500496314911	0.724539758299	0.22541061021	0
S10865	0.051472727645	0.711561769522	0.236965502833	0
S10866	0.0532612316276	0.714127840282	0.232610928091	0
S10869	0.0578033449229	0.698932842806	0.243263812271	0
S10873	0.0532782837071	0.720196966051	0.226524750242	0
S10876	0.0515078393012	0.715047439021	0.233444721677	0
S10883	0.054120391414	0.72311012775	0.222769480836	0
S10885	0.0526875664269	0.732072049666	0.215240383907	0
S10893	0.0544849296164	0.721551755636	0.223963314747	0
S10895	0.0545687216511	0.706981394613	0.238449883736	0
S10902	0.0522464764462	0.730005687405	0.217747836149	0
S10903	0.05627188698	0.713940168064	0.229787944956	0
S1092	0.0559826459075	0.704840592323	0.23917676177	0
S10925	0.0527770391156	0.720961290092	0.226261670793	0
S10927	0.0566617417995	0.70504928416	0.238288974041	0
S10936	0.0506428303983	0.726740020061	0.22261714954	0
S10945	0.0555450203502	0.722311501653	0.222143477996	0
S10947	0.0512512720252	0.725835087232	0.222913640743	0
S10949	0.0534502664314	0.728865674032	0.217684059536	0
S1095	0.0514364933222	0.718076907197	0.23048659948	0
S10961	0.0541644505181	0.714120550736	0.231714998746	0
S10969	0.053638250547	0.718881905815	0.227479843638	0
S10972	0.0514883662439	0.718917825239	0.229593808517	0
S10973	0.0549122134017	0.721130395878	0.22395739072	0
S10978	0.0538597828039	0.717512063198	0.228628153998	0
S10979	0.0511511900255	0.728638694905	0.220210115069	0
S10986	0.0535585757817	0.714074970849	0.232366453369	0
S10989	0.0526458798584	0.72068069648	0.226673423661	0
S10995	0.0550545938019	0.722426952372	0.222518453826	0
S11005	0.0513500975352	0.722042742337	0.226607160128	0
S11008	0.0535773989305	0.718897719524	0.227524881546	0
S11010	0.0523064736343	0.732361082524	0.215332443841	0
S11013	0.0512906168649	0.72262415805	0.226085225085	0
S11016	0.0526508089848	0.724150028718	0.223199162297	0
S11017	0.0506716700843	0.714051222724	0.235277107191	0
S11020	0.0521928514222	0.730005747041	0.217801401537	0
S11027	0.0537719710428	0.70850464907	0.237723379888	0
S11035	0.0552879174748	0.726625591328	0.218086491197	0
S11041	0.0544092938162	0.721876352852	0.223714353331	0
S1106	0.0522833469659	0.727364229377	0.220352423657	0
S11071	0.0462830244002	0.734357838869	0.219359136731	0
S11076	0.0547377312398	0.71931483904	0.225947429721	0
S11078	0.0527648854277	0.726377856884	0.220857257688	0
S11081	0.0531650359913	0.705330771447	0.241504192561	0
S11086	0.0539893682621	0.7226119482	0.223398683538	0
S1109	0.0517187481761	0.712593142833	0.235688108991	0
S11096	0.0586067995329	0.707461731967	0.2339314685	0
S11100	0.05237565421	0.728588674677	0.219035671113	0
S11107	0.054270835221	0.725859814185	0.219869350594	0
S11109	0.0551894984267	0.716602689804	0.228207811769	0
S1111	0.050341115819	0.72421194881	0.225446935371	0
S11119	0.0529089844741	0.72316813503	0.223922880496	0
S11127	0.0530557313865	0.727670366886	0.219273901728	0
S11136	0.0505353897995	0.730230439412	0.219234170789	0
S11147	0.0561484075055	0.717294405729	0.226557186765	0
S11150	0.0554491608425	0.731003278527	0.21354756063	0
S11152	0.0525589662022	0.722411849936	0.225029183862	0
S1116	0.0540299534428	0.732050108403	0.213919938155	0
S11163	0.0523581722857	0.719805089808	0.227836737907	0
S11164	0.0561530484336	0.714414675283	0.229432276283	0
S11166	0.0474467090424	0.73198815598	0.220565134978	0
S11173	0.0527468656977	0.734764324786	0.212488809517	0
S11174	0.0507419273996	0.735502085791	0.213755986809	0
S11182	0.0556109672634	0.727506656919	0.216882375818	0
S11188	0.0573940993614	0.707066796141	0.235539104498	0
S11189	0.0544323174793	0.726170578179	0.219397104341	0
S1119	0.0475427940716	0.728811755755	0.223645450173	0
S11195	0.0485648226932	0.741085279721	0.210349897585	0
S11197	0.0519759333405	0.729915785358	0.218108281302	0
S11198	0.0565613565137	0.696176524108	0.247262119378	0
S11211	0.0511018391269	0.718277614657	0.230620546216	0
S11214	0.0517819360363	0.719866673604	0.22835139036	0
S11216	0.052628554915	0.723006247733	0.224365197352	0
S11224	0.0530048095458	0.712689848543	0.234305341911	0
S11236	0.0558716428217	0.71761943818	0.226508918998	0
S11241	0.0517009581633	0.722614667003	0.225684374833	0
S11243	0.0535649639187	0.723220616322	0.223214419759	0
S11245	0.0494771077677	0.725196301603	0.225326590629	0
S11249	0.0523068457106	0.724388550924	0.223304603365	0
S11274	0.0481411728966	0.723851932922	0.228006894182	0
S11280	0.0497733113843	0.731448845259	0.218777843357	0
S11281	0.0510620585953	0.717996382224	0.230941559181	0
S11285	0.0495610425517	0.722007081225	0.228431876223	0
S11298	0.0476014831892	0.72559730412	0.226801212691	0
S11311	0.053866845947	0.712345447897	0.233787706156	0
S11312	0.0516285388801	0.720204161433	0.228167299687	0
S11316	0.0516111975243	0.711373598563	0.237015203912	0
S1133	0.0526823821757	0.715302411986	0.232015205838	0
S11330	0.0540903423524	0.707403950249	0.238505707398	0
S11332	0.0504482727421	0.739682358971	0.209869368287	0
S11334	0.0514202050055	0.729361229009	0.219218565985	0
S11335	0.0530362333237	0.718335547862	0.228628218814	0
S11345	0.0491278510034	0.737001306882	0.213870842114	0
S11349	0.0535550375174	0.710147593834	0.236297368649	0
S1135	0.0480895631285	0.718395641497	0.233514795374	0
S11352	0.0556245813077	0.709721831431	0.234653587262	0
S11353	0.0556159312942	0.713094647774	0.231289420932	0
S11368	0.0555029915908	0.709731501257	0.234765507152	0
S11369	0.0499681267366	0.723874046241	0.226157827022	0
S11371	0.0474103527055	0.724075911056	0.228513736239	0
S11377	0.0542352567952	0.707024012003	0.238740731201	0
S11378	0.0518976615425	0.716636114222	0.231466224235	0
S11383	0.0520508517704	0.720147701009	0.22780144722	0
S11384	0.0481029256824	0.732256638483	0.219640435835	0
S11392	0.0519306842291	0.716102725166	0.231966590605	0
S1140	0.0521295404606	0.720658481092	0.227211978447	0
S11410	0.052599800194	0.722856560838	0.224543638968	0
S11411	0.0510293868364	0.733870683403	0.21509992976	0
S11414	0.0511710776881	0.729757831336	0.219071090976	0
S11419	0.0543767404857	0.719054824887	0.226568434627	0
S11424	0.05055835704	0.721693951296	0.227747691664	0
S11425	0.0508711685461	0.729353497207	0.219775334247	0
S11433	0.0496999719908	0.720523093594	0.229776934415	0
S11434	0.0526895198364	0.717465491833	0.22984498833	0
S11436	0.0542241681573	0.712863778365	0.232912053478	0
S11437	0.0531538326907	0.728570713561	0.218275453748	0
S11440	0.062206883429	0.701919890727	0.235873225844	0
S11449	0.0536138757238	0.719189138067	0.227196986209	0
S11459	0.0464657061629	0.7327057578	0.220828536038	0
S11477	0.0531018781821	0.718376530302	0.228521591516	0
S11480	0.0547483862803	0.710007280036	0.235244333684	0
S11486	0.0551946160349	0.713611271449	0.231194112516	0
S11501	0.0518465265448	0.726736438949	0.221417034506	0
S11504	0.0488081990009	0.720582988205	0.230608812794	0
S11507	0.0514223388524	0.737100569238	0.211477091909	0
S11518	0.0477596541441	0.714646766967	0.237593578889	0
S11525	0.0511839981951	0.724572146261	0.224243855543	0
S11531	0.0540767877418	0.719421817309	0.22650139495	0
S11532	0.0495574743589	0.732775413229	0.217667112412	0
S1154	0.0528054353355	0.705902229443	0.241292335221	0
S11542	0.0501972538743	0.726801529305	0.223001216821	0
S11543	0.0541598419779	0.713531610003	0.232308548019	0
S11546	0.0530102762693	0.716220975302	0.230768748429	0
S1155	0.0506826917238	0.716751150751	0.232566157525	0
S1156	0.0457114810125	0.748057551433	0.206230967554	0
S11568	0.0548411195087	0.707747059815	0.237411820677	0
S11576	0.0507603203904	0.722384507954	0.226855171655	0
S11584	0.0557754469333	0.710160048247	0.234064504819	0
S11586	0.050431620089	0.724770473889	0.224797906022	0
S11590	0.0549447543824	0.714733629317	0.230321616301	0
S11592	0.0510715237004	0.738667921016	0.210260555284	0
S11593	0.0519099388466	0.720228365463	0.227861695691	0
S11599	0.0504614084748	0.723562380538	0.225976210987	0
S1160	0.0492022234998	0.721371784334	0.229425992166	0
S11610	0.0532642138792	0.722674030708	0.224061755412	0
S11615	0.0534060277658	0.712671866864	0.23392210537	0
S11629	0.0558340574363	0.715196665506	0.228969277058	0
S11631	0.0500878060102	0.71226675274	0.23764544125	0
S1164	0.0550432255514	0.710858431165	0.234098343284	0
S11642	0.0506695819907	0.718527885418	0.230802532591	0
S11656	0.0476453235917	0.739135809576	0.213218866833	0
S11663	0.0514109014364	0.726800609935	0.221788488628	0
S11667	0.0509773902246	0.727269360884	0.221753248891	0
S11668	0.0534276777457	0.715322831564	0.231249490691	0
S1167	0.0530581970668	0.721416909082	0.225524893851	0
S11673	0.0493939526358	0.718175562562	0.232430484803	0
S11682	0.0533116044304	0.71689931386	0.229789081709	0
S11693	0.0498620488098	0.72983998437	0.22029796682	0
S11696	0.0503848163243	0.716003095273	0.233612088402	0
S11699	0.0544305123539	0.712417117112	0.233152370534	0
S117	0.0495810250759	0.724380103202	0.226038871722	0
S1170	0.0520601188047	0.724274532095	0.2236653491	0
S11709	0.0553591619627	0.714211899201	0.230428938836	0
S11713	0.0436747615492	0.724503314116	0.231821924335	0
S11717	0.0509866460699	0.726566274513	0.222447079417	0
S1173	0.0505966989269	0.721210662454	0.228192638619	0
S11731	0.0577761849933	0.698521342931	0.243702472076	0
S11732	0.0533835023682	0.711105664417	0.235510833215	0
S11733	0.0487831142346	0.727889328366	0.223327557399	0
S11734	0.0553317053634	0.711439927951	0.233228366686	0
S11735	0.0538335714671	0.70984849762	0.236317930913	0
S11737	0.0479304797817	0.726458384071	0.225611136147	0
S11745	0.0540421615521	0.716138456925	0.229819381523	0
S11760	0.0502725486981	0.73220267965	0.217524771652	0
S11761	0.0460166271708	0.751549769979	0.20243360285	0
S11769	0.0588825461063	0.703000683497	0.238116770396	0
S11783	0.0527843601469	0.715957180235	0.231258459619	0
S11784	0.0521057405724	0.71218728189	0.235706977538	0
S11786	0.0562576858061	0.721567321739	0.222174992455	0
S11797	0.0537368398469	0.717331225501	0.228931934652	0
S11799	0.0492117965149	0.714037881862	0.236750321623	0
S118	0.0538985752802	0.716386317559	0.229715107161	0
S11800	0.0526169379424	0.712793400013	0.234589662045	0
S11802	0.0534910578747	0.715957195322	0.230551746803	0
S11806	0.0554732160396	0.715049633397	0.229477150564	0
S11807	0.045586635378	0.752730042598	0.201683322024	0
S11810	0.055587049123	0.714036625963	0.230376324914	0
S11811	0.0561554820635	0.716420946743	0.227423571194	0
S11812	0.0500369441284	0.723927788708	0.226035267163	0
S11820	0.0546734444835	0.714084413576	0.231242141941	0
S11822	0.058485403961	0.709548058108	0.231966537931	0
S11823	0.0544598695145	0.737503648217	0.208036482269	0
S11826	0.0557601831169	0.725643641956	0.218596174927	0
S1183	0.0475979321502	0.72644020475	0.2259618631	0
S1184	0.0542324616071	0.717727205218	0.228040333175	0
S11842	0.0509036450263	0.726322456023	0.222773898951	0
S11843	0.0546173912844	0.713607437532	0.231775171183	0
S11844	0.0507943634377	0.719920516212	0.22928512035	0
S11850	0.0458040132104	0.729142080822	0.225053905968	0
S11853	0.0548557090123	0.729817115226	0.215327175762	0
S11857	0.0549499919484	0.717241355835	0.227808652216	0
S11858	0.0538224422247	0.718114323848	0.228063233927	0
S11860	0.0536876265496	0.725499269274	0.220813104177	0
S11864	0.0496808170867	0.720363791699	0.229955391214	0
S11870	0.0554195202732	0.708691485568	0.235888994159	0
S11875	0.0531294496206	0.725975376529	0.22089517385	0
S11877	0.0491827318638	0.726083750908	0.224733517228	0
S11878	0.050550607843	0.740933962609	0.208515429548	0
S11882	0.0503287916827	0.71446378437	0.235207423947	0
S11883	0.053251910045	0.718324425103	0.228423664852	0
S11884	0.0528602881764	0.713714994697	0.233424717127	0
S11886	0.0538710751111	0.724547684528	0.221581240361	0
S11897	0.0542051869549	0.725175209459	0.220619603586	0
S1190	0.0559688644128	0.694133379288	0.249897756299	0
S11903	0.0570649984329	0.712138205411	0.230796796156	0
S11905	0.0536199729049	0.711917725372	0.234462301723	0
S11907	0.0480515181978	0.736477808135	0.215470673667	0
S11914	0.0559755330643	0.721849345047	0.222175121889	0
S11917	0.0512180382474	0.731579274192	0.217202687561	0
S11928	0.0503697916264	0.718637268668	0.230992939706	0
S11929	0.0521568797722	0.720445858529	0.227397261699	0
S1193	0.0503507736206	0.703306385501	0.246342840879	0
S11930	0.0492065331682	0.727150089967	0.223643376864	0
S11934	0.0525099546137	0.724777429057	0.222712616329	0
S11939	0.0525332492993	0.706267941379	0.241198809322	0
S11944	0.0530330149196	0.72277158477	0.224195400311	0
S11945	0.0512215737005	0.734735221109	0.21404320519	0
S11957	0.0555898335203	0.725084119815	0.219326046665	0
S11958	0.0499330783341	0.71615727912	0.233909642546	0
S1196	0.0557375970425	0.705803930517	0.23845847244	0
S11960	0.0522270274364	0.725100422379	0.222672550185	0
S11965	0.0548294332915	0.720050037917	0.225120528791	0
S11967	0.0546490008209	0.722576072938	0.222774926241	0
S1197	0.050143688756	0.726714566434	0.22314174481	0
S11973	0.0560152607151	0.719488257508	0.224496481777	0
S11974	0.050800740172	0.706652443408	0.24254681642	0
S11980	0.0547334697161	0.709174282236	0.236092248048	0
S11985	0.0532928722882	0.714596662624	0.232110465088	0
S11987	0.054283149905	0.723140501421	0.222576348674	0
S11993	0.0537871072081	0.720724128203	0.225488764589	0
S12001	0.0544159354487	0.715250963244	0.230333101307	0
S12004	0.0499816908589	0.726355021108	0.223663288033	0
S12006	0.0543554917088	0.728772239175	0.216872269117	0
S12010	0.0498341036	0.72683510718	0.22333078922	0
S12011	0.052138371976	0.726796746769	0.221064881255	0
S12012	0.0499481295047	0.71923713086	0.230814739635	0
S12022	0.0492942436459	0.727067022167	0.223638734187	0
S12043	0.0514509921042	0.72066230679	0.227886701106	0
S12052	0.0535838874546	0.730278812175	0.21613730037	0
S12056	0.0533859941104	0.726100930607	0.220513075282	0
S12057	0.0553156062233	0.710756362603	0.233928031174	0
S12058	0.0534486408703	0.724624821573	0.221926537556	0
S12061	0.0544814964151	0.715343479118	0.230175024467	0
S12064	0.0509271141779	0.720374141604	0.228698744218	0
S12073	0.0497033723846	0.731223434314	0.219073193301	0
S12076	0.0508393679974	0.724687178665	0.224473453337	0
S12079	0.0536782317103	0.725230709781	0.221091058509	0
S12089	0.0502066600427	0.719399456281	0.230393883676	0
S12098	0.0534756558653	0.725140484892	0.221383859243	0
S1210	0.054458342931	0.712464512234	0.233077144835	0
S12101	0.0507151951452	0.731893326079	0.217391478776	0
S12105	0.0512101892097	0.728165636172	0.220624174619	0
S12106	0.0508453604355	0.714607930988	0.234546708577	0
S1212	0.054359202835	0.727261430234	0.218379366931	0
S12120	0.0560765124094	0.713390521421	0.23053296617	0
S12129	0.051080154125	0.715230289666	0.233689556209	0
S12137	0.055715766935	0.712603000713	0.231681232352	0
S12140	0.049486529026	0.711835342554	0.23867812842	0
S12159	0.0527268954236	0.720375049736	0.22689805484	0
S12170	0.055177419802	0.707734473442	0.237088106756	0
S12178	0.0514882497107	0.723240847408	0.225270902882	0
S12179	0.0544899270117	0.724682346008	0.220827726981	0
S1218	0.0508550344172	0.733428294011	0.215716671572	0
S12182	0.0513948183281	0.732577507248	0.216027674423	0
S12196	0.0543932816709	0.719742886741	0.225863831588	0
S12198	0.0532298916274	0.713952323382	0.232817784991	0
S1220	0.0510704417612	0.713167133705	0.235762424533	0
S12200	0.0536878449173	0.716873100103	0.22943905498	0
S12202	0.0515662460025	0.717958519983	0.230475234014	0
S12206	0.0532785898643	0.711847098578	0.234874311558	0
S12208	0.0484443188829	0.720867005309	0.230688675808	0
S12215	0.0506597021046	0.71936087902	0.229979418876	0
S12221	0.0521502695013	0.734769865031	0.213079865468	0
S12228	0.0501039785991	0.732776366292	0.217119655109	0
S12231	0.0544152453863	0.711337960773	0.234246793841	0
S12240	0.047764114797	0.742599741973	0.20963614323	0
S12241	0.0507381023262	0.715170424489	0.234091473184	0
S12244	0.0531852592901	0.711779633511	0.235035107199	0
S12245	0.0542422896943	0.717086100045	0.228671610261	0
S12249	0.0513846139627	0.720443221187	0.228172164851	0
S12251	0.0498528647762	0.704447957759	0.245699177465	0
S12261	0.0484850826573	0.72311552645	0.228399390893	0
S12264	0.0537064850914	0.711652258983	0.234641255926	0
S12265	0.0522488968076	0.714058305428	0.233692797764	0
S12271	0.0562101632082	0.695584030632	0.24820580616	0
S12276	0.051589201511	0.728584715443	0.219826083046	0
S12278	0.0518117713944	0.704359907089	0.243828321517	0
S12279	0.0556910604897	0.711513515575	0.232795423935	0
S12282	0.0522035599327	0.714026049485	0.233770390583	0
S12285	0.0496146956319	0.729010491838	0.22137481253	0
S12291	0.0536550521859	0.728841919804	0.21750302801	0
S12294	0.0546551736992	0.714117924956	0.231226901345	0
S12308	0.0540002576471	0.714398453201	0.231601289152	0
S12335	0.0511443837068	0.714155073237	0.234700543057	0
S12344	0.051991454858	0.727002499325	0.221006045817	0
S12347	0.0519792786468	0.714150658948	0.233870062405	0
S12348	0.0513159278985	0.729269315668	0.219414756433	0
S12354	0.0503634687374	0.747072369753	0.20256416151	0
S1236	0.0540227349781	0.731032951789	0.214944313232	0
S12365	0.050477572424	0.715428019998	0.234094407578	0
S12366	0.054677984726	0.707416220657	0.237905794617	0
S12374	0.0539693706356	0.717166909022	0.228863720342	0
S12385	0.0508275066208	0.723087215823	0.226085277556	0
S1239	0.055452748574	0.71758433721	0.226962914216	0
S12391	0.0543501590237	0.720125457158	0.225524383818	0
S12394	0.0547407115313	0.719396799473	0.225862488996	0
S12406	0.0550478440239	0.712438527298	0.232513628678	0
S1241	0.0536879712041	0.721537028198	0.224775000598	0
S12410	0.0496110148995	0.719683277298	0.230705707803	0
S12417	0.0547825181863	0.715218317601	0.229999164213	0
S12419	0.0558878668244	0.71574406123	0.228368071945	0
S12428	0.0539875140576	0.71513162122	0.230880864722	0
S12431	0.0542733258706	0.716060812602	0.229665861527	0
S12432	0.0541339668731	0.715648872866	0.230217160261	0
S12436	0.0519986219194	0.720929238179	0.227072139901	0
S12437	0.0528949338016	0.724688307098	0.2224167591	0
S12439	0.053030013335	0.716805405383	0.230164581282	0
S12440	0.0545347791109	0.722868396755	0.222596824134	0
S12441	0.0507002943168	0.704069341138	0.245230364545	0
S12447	0.0559865079794	0.724605490935	0.219408001086	0
S12450	0.0563294180234	0.716667463767	0.22700311821	0
S12452	0.0495968104543	0.720760797933	0.229642391613	0
S1246	0.0528686839481	0.712282581693	0.234848734359	0
S12463	0.0537200466197	0.719969364447	0.226310588934	0
S12464	0.0494130275757	0.73562843769	0.214958534734	0
S12488	0.0437085962558	0.734668563856	0.221622839888	0
S12489	0.0561419726263	0.711398698683	0.23245932869	0
S12496	0.0490412673968	0.731775213708	0.219183518895	0
S12500	0.0526254326301	0.710344033418	0.237030533952	0
S12501	0.0529224425128	0.713878364208	0.233199193279	0
S1251	0.0547089141041	0.713270544885	0.232020541011	0
S12516	0.0477988779345	0.728510541878	0.223690580187	0
S1252	0.0520898430516	0.722249076485	0.225661080463	0
S12524	0.0533416253718	0.723477410518	0.22318096411	0
S12527	0.0505073173198	0.716994505071	0.232498177609	0
S12535	0.0547645193559	0.721580156732	0.223655323912	0
S12540	0.0561397486526	0.704677809809	0.239182441538	0
S12548	0.0517841682733	0.713710132403	0.234505699324	0
S12556	0.0556845759473	0.710032349946	0.234283074107	0
S12563	0.0542833020895	0.704479463184	0.241237234726	0
S12568	0.0466136547883	0.741105807318	0.212280537894	0
S12569	0.0498369022305	0.722476589418	0.227686508351	0
S12570	0.0536538899535	0.719067683947	0.227278426099	0
S12577	0.0535754181126	0.722094454312	0.224330127576	0
S12582	0.0560848092154	0.697431455023	0.246483735762	0
S12583	0.0536134342429	0.722422837643	0.223963728114	0
S12585	0.0507340892744	0.728688474606	0.22057743612	0
S12590	0.0511388242954	0.741537124013	0.207324051691	0
S12596	0.0515696490917	0.718408783289	0.230021567619	0
S12597	0.0539572680338	0.705842687837	0.240200044129	0
S12604	0.0512555133086	0.724166938863	0.224577547828	0
S12605	0.0530735197164	0.725890421863	0.221036058421	0
S12608	0.0512119584672	0.72084953491	0.227938506623	0
S12617	0.0539962425819	0.728530887783	0.217472869635	0
S12618	0.0506922223957	0.715947536859	0.233360240745	0
S12624	0.0540225349561	0.706842665876	0.239134799168	0
S12628	0.05134344761	0.71915235263	0.22950419976	0
S12637	0.0518845972563	0.711349166825	0.236766235919	0
S12655	0.0519549078974	0.723393649559	0.224651442543	0
S12658	0.0542959227462	0.723807764211	0.221896313043	0
S1266	0.0502903731445	0.726794972102	0.222914654754	0
S12665	0.0524860070141	0.734870336993	0.212643655993	0
S12666	0.051604423963	0.716150470514	0.232245105523	0
S12667	0.0516694306222	0.715861923137	0.232468646241	0
S12675	0.0507525185761	0.727452535807	0.221794945617	0
S12682	0.0509319741671	0.715593518766	0.233474507067	0
S12691	0.0551658978779	0.712090612421	0.232743489701	0
S12704	0.0510482731398	0.724422100479	0.224529626382	0
S12706	0.0524680395756	0.724311207977	0.223220752447	0
S12707	0.0521269531986	0.71776360947	0.230109437331	0
S12721	0.0536132613113	0.734818958098	0.211567780591	0
S12722	0.0533327863154	0.716421296251	0.230245917433	0
S12731	0.0541283639507	0.719217358317	0.226654277732	0
S12734	0.0479701169049	0.719053290276	0.232976592819	0
S12735	0.0517997323323	0.71811267659	0.230087591078	0
S12736	0.0546140579883	0.712615814013	0.232770127999	0
S12742	0.0586105425557	0.701008059066	0.240381398378	0
S12754	0.0533873363187	0.71490000152	0.231712662162	0
S12760	0.053460687152	0.72611464159	0.220424671258	0
S12773	0.0492945054051	0.712470815313	0.238234679282	0
S12775	0.0528927300167	0.725194923723	0.22191234626	0
S12776	0.0660593313432	0.681464968147	0.25247570051	0
S12779	0.0515719590408	0.705442866797	0.242985174162	0
S12781	0.0527860526554	0.719863973703	0.227349973642	0
S12785	0.0527738899851	0.706561976834	0.240664133181	0
S12790	0.0500227707939	0.721001035216	0.22897619399	0
S12794	0.0523736954147	0.73416867716	0.213457627425	0
S12796	0.0525510534092	0.720190387956	0.227258558635	0
S12798	0.0469835671987	0.73714024661	0.215876186191	0
S128	0.0486788397465	0.733287278884	0.218033881369	0
S1280	0.0519914849803	0.732530818938	0.215477696082	0
S12800	0.0521894941505	0.71660856439	0.23120194146	0
S12809	0.0512798677384	0.722477665495	0.226242466766	0
S12813	0.0562446507879	0.721229863704	0.222525485508	0
S12814	0.0562791209045	0.718086150831	0.225634728265	0
S12817	0.0495012509078	0.734620373622	0.215878375471	0
S12819	0.0494032721118	0.726258335635	0.224338392253	0
S1282	0.0545610375568	0.704867508348	0.240571454096	0
S12821	0.0515506054535	0.717344636161	0.231104758385	0
S12823	0.0564544996215	0.717549865466	0.225995634912	0
S12826	0.0564970149423	0.729226665813	0.214276319245	0
S12827	0.0502444041387	0.726671915109	0.223083680752	0
S1283	0.052923706905	0.722643220443	0.224433072652	0
S12830	0.0608087296337	0.693941686764	0.245249583603	0
S12836	0.0539068317472	0.716512391552	0.229580776701	0
S12839	0.0509488109643	0.72313158285	0.225919606186	0
S12845	0.0559255399983	0.722871014447	0.221203445555	0
S12848	0.0504984271451	0.728748254872	0.220753317983	0
S12849	0.0492582362968	0.727702918375	0.223038845328	0
S12854	0.0570347792618	0.709430077816	0.233535142922	0
S12857	0.0482601717386	0.731264731536	0.220475096726	0
S12863	0.0521866745192	0.718486068944	0.229327256537	0
S12865	0.052065275369	0.732465641409	0.215469083222	0
S12866	0.0512079941165	0.729507779028	0.219284226855	0
S12868	0.0551790582546	0.722070872729	0.222750069017	0
S12869	0.0490105204496	0.722712432797	0.228277046753	0
S12872	0.05621932232	0.716655705081	0.227124972599	0
S12875	0.0505225206504	0.724808330593	0.224669148757	0
S12884	0.050262940474	0.728855587918	0.220881471608	0
S12886	0.0485212155855	0.719054153507	0.232424630907	0
S12888	0.0523814003373	0.715346977045	0.232271622618	0
S12893	0.0529802921695	0.717881367637	0.229138340193	0
S12897	0.0501948245071	0.72617492275	0.223630252743	0
S1290	0.0499011799707	0.715585811307	0.234513008722	0
S12901	0.0532789486608	0.711562486194	0.235158565145	0
S12906	0.0532667095163	0.730843901732	0.215889388752	0
S1291	0.0546471373959	0.721052265504	0.2243005971	0
S12912	0.0507323774533	0.725593134086	0.22367448846	0
S12922	0.0433729741657	0.749709106656	0.206917919179	0
S12924	0.0517425518542	0.721834417318	0.226423030828	0
S12925	0.0553120693005	0.721311541043	0.223376389656	0
S12944	0.0553969600592	0.72027053796	0.22433250198	0
S12950	0.0512112802441	0.724201172072	0.224587547684	0
S12952	0.0532818599758	0.715083697864	0.23163444216	0
S12953	0.0490159469773	0.722579223958	0.228404829064	0
S1296	0.0562886574147	0.711681441708	0.232029900878	0
S12964	0.0528504287418	0.707526532325	0.239623038933	0
S12968	0.055224390999	0.719262022732	0.225513586269	0
S12969	0.0493756784369	0.738165520156	0.212458801407	0
S12978	0.04758466879	0.730389241857	0.222026089353	0
S12979	0.0558042826354	0.713323252715	0.230872464649	0
S12982	0.0536490961256	0.730985693303	0.215365210571	0
S12984	0.0528695809892	0.710258852616	0.236871566395	0
S12989	0.0521241064583	0.726360151618	0.221515741924	0
S12996	0.0541506387451	0.72813007615	0.217719285105	0
S13010	0.0580950093733	0.70642674249	0.235478248137	0
S13018	0.0497060531512	0.722031998694	0.228261948155	0
S13022	0.0529634027544	0.71907175943	0.227964837816	0
S13025	0.0521927357554	0.717446119679	0.230361144565	0
S13026	0.0516608564359	0.729540771798	0.218798371766	0
S13029	0.0531762184762	0.723083931819	0.223739849705	0
S13035	0.0545960140371	0.719787941981	0.225616043982	0
S13039	0.0491707800563	0.731212148438	0.219617071506	0
S13042	0.0556722590311	0.715092320453	0.229235420516	0
S13051	0.0533641470094	0.722362078393	0.224273774597	0
S13053	0.0533232772713	0.728853216241	0.217823506488	0
S13057	0.0516387982778	0.716373259329	0.231987942393	0
S1306	0.0493731289304	0.723205552119	0.22742131895	0
S13060	0.0539527153108	0.7234975999	0.222549684789	0
S13062	0.0492316122713	0.726943905232	0.223824482496	0
S13070	0.0509278543007	0.729986189216	0.219085956484	0
S13073	0.0486177506685	0.726732714004	0.224649535327	0
S1308	0.0537004152716	0.706432757527	0.239866827202	0
S13082	0.0495253044701	0.712811306615	0.237663388914	0
S13084	0.0543482416725	0.713022009685	0.232629748643	0
S13094	0.0549896922334	0.720411095681	0.224599212085	0
S13109	0.0540226898046	0.719036218133	0.226941092063	0
S13114	0.0513883540221	0.725183815936	0.223427830042	0
S13131	0.0538649769888	0.728488202361	0.21764682065	0
S13132	0.0496604876239	0.731739577172	0.218599935204	0
S13134	0.0498177119951	0.731323108533	0.218859179471	0
S13154	0.0546369932052	0.701199159534	0.24416384726	0
S13161	0.0558087736014	0.707179006533	0.237012219866	0
S13169	0.0531659365116	0.718777371256	0.228056692232	0
S1317	0.0484587795042	0.733354224583	0.218186995912	0
S13170	0.058248963928	0.702891138949	0.238859897123	0
S13173	0.0518524758609	0.729721411194	0.218426112945	0
S13178	0.050805094732	0.732178545274	0.217016359994	0
S13192	0.0542536932114	0.72001098546	0.225735321328	0
S13194	0.0535676797599	0.701621461642	0.244810858598	0
S13195	0.0485232310924	0.72585899503	0.225617773877	0
S132	0.0519766716739	0.715075630186	0.23294769814	0
S13203	0.0490969276485	0.735399928029	0.215503144322	0
S13216	0.0527787760258	0.724191158729	0.223030065245	0
S13217	0.0540571819648	0.723234757769	0.222708060266	0
S13219	0.0555013587471	0.7116697014	0.232828939853	0
S1322	0.0545020220323	0.705779798072	0.239718179895	0
S13227	0.0526251532724	0.722606539713	0.224768307015	0
S13231	0.048282068417	0.720808549839	0.230909381744	0
S13234	0.0550419834513	0.716768812787	0.228189203762	0
S13243	0.0514762013446	0.717244803906	0.23127899475	0
S13248	0.0537850936981	0.725661170125	0.220553736177	0
S13253	0.0529364376835	0.723452247823	0.223611314493	0
S13272	0.0570462558014	0.71388427995	0.229069464248	0
S13275	0.0556091600647	0.71744293728	0.226947902655	0
S13278	0.0558036259129	0.713233564196	0.230962809891	0
S13283	0.0521934944559	0.726994215192	0.220812290352	0
S13289	0.0516333272608	0.729619834214	0.218746838526	0
S1329	0.0503769843068	0.740874589698	0.208748425995	0
S13291	0.0497749058722	0.730719377128	0.219505717	0
S13293	0.0485754738392	0.738909385847	0.212515140313	0
S13296	0.0499493044886	0.726516238135	0.223534457376	0
S13299	0.0533082333322	0.722927068645	0.223764698023	0
S1330	0.0547402817447	0.715096088261	0.230163629994	0
S13300	0.0538285872991	0.724056411337	0.222115001364	0
S13305	0.0500835916276	0.723804350528	0.226112057844	0
S1331	0.0552162045705	0.721734144969	0.223049650461	0
S13310	0.0538195306696	0.725274887266	0.220905582064	0
S13311	0.0517457578604	0.71859199325	0.229662248889	0
S13324	0.0545639735305	0.719895014676	0.225541011794	0
S13326	0.0499062124612	0.739149077411	0.210944710128	0
S13329	0.0522364392591	0.723714414151	0.224049146589	0
S13331	0.0521448638504	0.72539882566	0.22245631049	0
S13336	0.0494513359237	0.722158163509	0.228390500567	0
S13339	0.0500281088924	0.723824639185	0.226147251922	0
S13341	0.0513274642486	0.717432756498	0.231239779254	0
S13345	0.0523033127567	0.724050903049	0.223645784194	0
S13346	0.0531337467428	0.711002448137	0.23586380512	0
S13349	0.0490887929008	0.730385534151	0.220525672948	0
S1335	0.0518987760529	0.719007498564	0.229093725383	0
S13352	0.0560595757532	0.709618278444	0.234322145803	0
S13354	0.0516951960376	0.719540624775	0.228764179188	0
S13357	0.0529713822847	0.712937555808	0.234091061908	0
S13367	0.0537138119223	0.728214306647	0.218071881431	0
S13369	0.0520042355255	0.720154716712	0.227841047762	0
S13370	0.0528452498557	0.726746168193	0.220408581952	0
S13374	0.0488221714619	0.746464666765	0.204713161773	0
S13378	0.0527408583688	0.725084134555	0.222175007077	0
S13382	0.0501679590694	0.746438436497	0.203393604434	0
S13389	0.0512791120737	0.711695663968	0.237025223958	0
