	Neutrophils	Lymphocyte	Monocytes	Other
S10001	0.0711572761944	0.703541817087	0.225300906718	0
S10006	0.0706572459101	0.707390992961	0.221951761129	0
S1001	0.0703395170692	0.70603152617	0.223628956761	0
S10010	0.0729994339151	0.700500034102	0.226500531983	0
S10011	0.0703423584126	0.704396991714	0.225260649873	0
S10014	0.0708343236163	0.705820420332	0.223345256051	0
S10026	0.0713006262843	0.705909453697	0.222789920019	0
S10032	0.0708694906442	0.701925072093	0.227205437263	0
S10036	0.0708359640534	0.708946891775	0.220217144171	0
S10042	0.0712512104949	0.704509400356	0.224239389149	0
S10044	0.0718348800969	0.705716071673	0.22244904823	0
S10049	0.0711331251379	0.706300348177	0.222566526685	0
S10057	0.0682365248318	0.709896592307	0.221866882861	0
S10062	0.0708990637737	0.703598588001	0.225502348226	0
S10066	0.0734625520404	0.699386486585	0.227150961375	0
S10067	0.0699965252751	0.708616195062	0.221387279663	0
S1007	0.070138812385	0.706665499489	0.223195688126	0
S10073	0.0705728852474	0.706684311752	0.222742803	0
S10077	0.0705032846947	0.70293050586	0.226566209445	0
S10080	0.0709494922723	0.702693080296	0.226357427432	0
S10082	0.0706258175065	0.706508072787	0.222866109706	0
S10087	0.0706935211958	0.70523835908	0.224068119724	0
S10089	0.0712772977865	0.705117682423	0.223605019791	0
S1009	0.0686508253853	0.708588198067	0.222760976548	0
S10090	0.0710055336517	0.707271351275	0.221723115074	0
S10093	0.0695957479604	0.707504951143	0.222899300897	0
S10094	0.0718542362099	0.702213855785	0.225931908005	0
S1010	0.0702154859525	0.704182375811	0.225602138236	0
S10111	0.0704985419559	0.706389515907	0.223111942137	0
S10116	0.0677606212742	0.708118570846	0.22412080788	0
S10119	0.0697584123478	0.708481739926	0.221759847727	0
S10121	0.0711337309484	0.705435951545	0.223430317506	0
S10130	0.0713308313395	0.70403934817	0.22462982049	0
S10140	0.072921972942	0.700974279778	0.22610374728	0
S10142	0.0694929245748	0.707501094993	0.223005980432	0
S10150	0.0726548267313	0.701171792451	0.226173380818	0
S10155	0.0704462592852	0.706353943602	0.223199797112	0
S1016	0.0706672284811	0.706541687397	0.222791084122	0
S10163	0.0706062059897	0.702759941816	0.226633852195	0
S10167	0.0700240056652	0.707233781258	0.222742213077	0
S10168	0.0699255867351	0.708268002752	0.221806410513	0
S10173	0.069157537404	0.709962669133	0.220879793463	0
S10175	0.0716579920816	0.704170124493	0.224171883426	0
S10179	0.0697424628545	0.707296377592	0.222961159554	0
S10186	0.067712545234	0.709755426387	0.222532028379	0
S1019	0.0699449211044	0.706372588828	0.223682490067	0
S10190	0.0699646274467	0.707968805415	0.222066567139	0
S10195	0.0717478582682	0.703481213508	0.224770928224	0
S10196	0.0713952522534	0.704427448125	0.224177299621	0
S10200	0.0718327403989	0.702847393242	0.225319866359	0
S10201	0.0741819591728	0.700003854565	0.225814186262	0
S10202	0.07065451315	0.704830392861	0.224515093989	0
S10205	0.0716476246619	0.704906223405	0.223446151933	0
S10211	0.0693321823117	0.708667848814	0.221999968874	0
S10221	0.0708082353866	0.705514808055	0.223676956558	0
S10222	0.0716088589919	0.705284398856	0.223106742152	0
S10226	0.0717736031889	0.704330941161	0.22389545565	0
S10227	0.071853549308	0.702960919918	0.225185530774	0
S10228	0.0712991866502	0.704635788631	0.224065024719	0
S10232	0.0674333041966	0.71320338092	0.219363314884	0
S10248	0.070819446853	0.709661424761	0.219519128386	0
S10249	0.0722849037406	0.698360737984	0.229354358276	0
S1025	0.0701578268965	0.706290203772	0.223551969332	0
S10266	0.0715531683896	0.701986835761	0.226459995849	0
S10269	0.071474291363	0.704885622026	0.223640086611	0
S10272	0.0715587006032	0.706644112076	0.221797187321	0
S10273	0.071734115756	0.704363807573	0.223902076671	0
S10274	0.0712348357348	0.70515542808	0.223609736185	0
S1028	0.0712590103904	0.706954897001	0.221786092609	0
S10280	0.0710453157572	0.702383781195	0.226570903048	0
S10283	0.0693559037046	0.706692507783	0.223951588513	0
S1029	0.0704125020406	0.705317055616	0.224270442344	0
S10292	0.0695600579553	0.709459770785	0.22098017126	0
S10294	0.0699042675121	0.708580590122	0.221515142366	0
S10302	0.0702239921042	0.707365344351	0.222410663545	0
S10303	0.0705252392946	0.705128789953	0.224345970753	0
S10323	0.0708650268047	0.704419502619	0.224715470576	0
S10326	0.0716249364885	0.70368507324	0.224689990272	0
S10328	0.0707088199005	0.70566387939	0.223627300709	0
S10329	0.0705610390297	0.705844766281	0.223594194689	0
S10336	0.0710209325403	0.704038835566	0.224940231893	0
S10340	0.0714741578158	0.706278810696	0.222247031488	0
S10347	0.0692901922953	0.706949239809	0.223760567896	0
S10353	0.0707385066	0.705266484068	0.223995009332	0
S10356	0.0695689905764	0.706449589965	0.223981419458	0
S10358	0.0719452427369	0.702055623487	0.225999133776	0
S10365	0.0717360358912	0.704187438319	0.22407652579	0
S1037	0.0686117530486	0.710464879882	0.220923367069	0
S10373	0.0700913285168	0.707134346992	0.222774324491	0
S10374	0.0694924808704	0.709922094418	0.220585424711	0
S10375	0.0710986464784	0.704345976929	0.224555376592	0
S10377	0.0680801702373	0.709940678912	0.221979150851	0
S10378	0.0708668841852	0.706293231782	0.222839884033	0
S10390	0.0688212175442	0.708311202165	0.222867580291	0
S10391	0.0693660350331	0.707053654036	0.223580310931	0
S10393	0.0698843460945	0.710405452481	0.219710201425	0
S10400	0.0710148684278	0.702682764734	0.226302366838	0
S10401	0.0701529897383	0.70376070176	0.226086308502	0
S10406	0.0722072774069	0.702775991422	0.225016731171	0
S10408	0.0710190792043	0.702774140409	0.226206780387	0
S10409	0.0695511837103	0.708593542032	0.221855274257	0
S10418	0.0714478428395	0.705044139526	0.223508017635	0
S10431	0.0703463253698	0.706340994954	0.223312679676	0
S10438	0.0702306912337	0.706089906017	0.22367940275	0
S10439	0.0710045456545	0.702568939114	0.226426515231	0
S10441	0.0724001485046	0.699509239407	0.228090612089	0
S10442	0.0709223140277	0.70372213499	0.225355550982	0
S1046	0.0728059040359	0.701992357028	0.225201738936	0
S10478	0.0735375142825	0.69720029646	0.229262189257	0
S10480	0.0681713422564	0.710796812696	0.221031845047	0
S10484	0.0711981931042	0.701886003833	0.226915803062	0
S10492	0.0692684703587	0.70651881486	0.224212714781	0
S10496	0.070472770609	0.707514084972	0.222013144419	0
S10510	0.0697101847806	0.708014740133	0.222275075086	0
S10513	0.0711306808445	0.70309582997	0.225773489186	0
S10516	0.0707543893539	0.703823112136	0.22542249851	0
S10534	0.0707062904026	0.705677424447	0.22361628515	0
S10535	0.0694005525567	0.710123209143	0.220476238301	0
S10537	0.0711824256905	0.701491282821	0.227326291488	0
S1054	0.0694410275609	0.707035781881	0.223523190558	0
S10543	0.071060329463	0.706138093234	0.222801577303	0
S10546	0.0701686181078	0.707908683763	0.221922698129	0
S1055	0.072441215219	0.701548719169	0.226010065612	0
S10551	0.0701333817153	0.70469837565	0.225168242635	0
S10552	0.0718496766772	0.702421484059	0.225728839264	0
S10555	0.0701502280379	0.707374729628	0.222475042334	0
S10559	0.0712667817972	0.702683228025	0.226049990178	0
S1056	0.0704279598396	0.706961747749	0.222610292411	0
S10563	0.0716027193758	0.70305770683	0.225339573794	0
S10574	0.0704112890754	0.70587046898	0.223718241944	0
S10576	0.0723426353447	0.705557766072	0.222099598583	0
S10578	0.0716455770164	0.703909815878	0.224444607105	0
S10579	0.0723401123032	0.705701839729	0.221958047968	0
S10582	0.0722197848656	0.703961110949	0.223819104185	0
S1059	0.0714435756828	0.703808306715	0.224748117602	0
S10599	0.0719943223837	0.702855066235	0.225150611382	0
S10611	0.0717296619376	0.70380984633	0.224460491732	0
S10614	0.0727912557706	0.700284385216	0.226924359014	0
S10624	0.0704608123302	0.704688725773	0.224850461897	0
S10632	0.0707475141469	0.706435100815	0.222817385039	0
S10634	0.070968289083	0.707529130161	0.221502580756	0
S10638	0.0710160413932	0.70210593496	0.226878023647	0
S10644	0.0697537234119	0.707429482009	0.222816794579	0
S10649	0.0739347848564	0.703094568748	0.222970646396	0
S10652	0.0718828071184	0.703950986534	0.224166206348	0
S10654	0.0705883377665	0.707183802713	0.22222785952	0
S10655	0.0713086653494	0.705657747045	0.223033587606	0
S10656	0.0711785603119	0.706639780699	0.222181658989	0
S10657	0.0700041091673	0.705922027465	0.224073863368	0
S10658	0.0717059226437	0.706323881397	0.221970195959	0
S10660	0.0675849091728	0.709958031007	0.22245705982	0
S10661	0.0702297577984	0.708151296175	0.221618946027	0
S10676	0.0724119550042	0.700989758718	0.226598286278	0
S1068	0.0704068469319	0.705088283402	0.224504869666	0
S10681	0.0701944511767	0.708554620769	0.221250928054	0
S10686	0.0702601383576	0.706133801388	0.223606060254	0
S10688	0.0708947016897	0.704752796766	0.224352501545	0
S10690	0.069623970585	0.705395474793	0.224980554622	0
S10698	0.0698528371948	0.707217667499	0.222929495306	0
S107	0.0702855809364	0.708040720217	0.221673698847	0
S10703	0.0700625916293	0.707452939113	0.222484469258	0
S10726	0.0703286647943	0.707037792065	0.222633543141	0
S10729	0.0704651720225	0.704026257237	0.22550857074	0
S10733	0.0715658703633	0.704352777163	0.224081352473	0
S10734	0.0688344746008	0.707863174247	0.223302351152	0
S10735	0.0705114357198	0.705826833669	0.223661730611	0
S10740	0.0715781174227	0.69934187081	0.229080011768	0
S10745	0.0728354451585	0.700231886495	0.226932668347	0
S10748	0.0699649801396	0.705636095703	0.224398924158	0
S10753	0.0716223113902	0.70065822063	0.22771946798	0
S10756	0.0709377504338	0.705682563493	0.223379686074	0
S10757	0.068813634849	0.710640585647	0.220545779504	0
S1076	0.0708671858288	0.703350331754	0.225782482417	0
S10764	0.0701082427348	0.704886087434	0.225005669832	0
S10767	0.068702336051	0.709630257881	0.221667406068	0
S10776	0.0725518731323	0.701751282168	0.225696844699	0
S10778	0.072253613527	0.703460558761	0.224285827712	0
S10784	0.0733013310362	0.699287945131	0.227410723833	0
S10787	0.0701085589338	0.706301874458	0.223589566608	0
S10800	0.0707342610324	0.707010187608	0.22225555136	0
S10805	0.0713867643461	0.702219014201	0.226394221452	0
S10813	0.0714508429236	0.703887517006	0.22466164007	0
S10814	0.0701798824161	0.708443385248	0.221376732336	0
S10815	0.071929948967	0.705854592156	0.222215458877	0
S10817	0.0694636951639	0.709108985138	0.221427319698	0
S1083	0.0706647212049	0.705279617061	0.224055661734	0
S10835	0.0707986834596	0.702159677531	0.227041639009	0
S10838	0.0719061743484	0.705555005938	0.222538819713	0
S10844	0.0705543096617	0.707952860738	0.2214928296	0
S10845	0.0722655436696	0.701871023891	0.225863432439	0
S10846	0.0687871333966	0.709830837025	0.221382029579	0
S10853	0.0720863017217	0.703807672239	0.224106026039	0
S10854	0.0695035518818	0.707558057147	0.222938390971	0
S10865	0.0707853524395	0.703331904831	0.225882742729	0
S10866	0.0712365322741	0.704502675468	0.224260792258	0
S10869	0.0732048159022	0.698300706958	0.228494477139	0
S10873	0.0714077549074	0.703115886634	0.225476358459	0
S10876	0.0703840878424	0.705799016505	0.223816895652	0
S10883	0.0711313180801	0.704694238776	0.224174443144	0
S10885	0.0706232360583	0.705060400052	0.22431636389	0
S10893	0.072083764082	0.703161468164	0.224754767754	0
S10895	0.0721896877964	0.701647763132	0.226162549072	0
S10902	0.0700184827818	0.708792258959	0.221189258259	0
S10903	0.07059505529	0.706280253973	0.223124690737	0
S1092	0.0733372489022	0.701593492648	0.22506925845	0
S10925	0.0705885304698	0.704798639909	0.224612829621	0
S10927	0.0723634180669	0.700799789508	0.226836792425	0
S10936	0.0704016466245	0.705641641852	0.223956711523	0
S10945	0.0723021851688	0.700743212093	0.226954602738	0
S10947	0.0701059897493	0.707394542597	0.222499467653	0
S10949	0.0703640136227	0.709430358052	0.220205628326	0
S1095	0.0704654474727	0.704836708431	0.224697844096	0
S10961	0.0719955183825	0.703322975189	0.224681506428	0
S10969	0.0706396084692	0.70596097546	0.223399416071	0
S10972	0.0706618530897	0.704598747352	0.224739399558	0
S10973	0.0726009086748	0.701096742092	0.226302349233	0
S10978	0.0727033913524	0.703033996117	0.224262612531	0
S10979	0.0704999494224	0.705689947325	0.223810103252	0
S10986	0.0712184860965	0.703879245788	0.224902268115	0
S10989	0.0710925210999	0.706837857513	0.222069621387	0
S10995	0.0715955408981	0.703952240885	0.224452218217	0
S11005	0.0697341201274	0.707160124747	0.223105755126	0
S11008	0.0717467962697	0.704754677667	0.223498526064	0
S11010	0.0691505093779	0.710289850626	0.220559639996	0
S11013	0.071139619233	0.703859465863	0.225000914904	0
S11016	0.0702791870232	0.706134905403	0.223585907574	0
S11017	0.0707627124367	0.700814037549	0.228423250014	0
S11020	0.0711203375701	0.703257808651	0.225621853779	0
S11027	0.0720581054573	0.702632115387	0.225309779156	0
S11035	0.0718847209467	0.705980986881	0.222134292172	0
S11041	0.071326713018	0.706506217379	0.222167069603	0
S1106	0.0716721511816	0.705186400429	0.223141448389	0
S11071	0.0677032734237	0.71131352156	0.220983205017	0
S11076	0.0709396129858	0.706133644518	0.222926742496	0
S11078	0.0719601067625	0.703915095824	0.224124797414	0
S11081	0.0705421379207	0.704161197081	0.225296664998	0
S11086	0.0715425447204	0.70548520015	0.22297225513	0
S1109	0.0717170807178	0.700106613623	0.22817630566	0
S11096	0.0729139172177	0.700369592723	0.226716490059	0
S11100	0.0703008316441	0.706998572182	0.222700596174	0
S11107	0.0721571617035	0.703940760091	0.223902078205	0
S11109	0.0721350131657	0.70292545581	0.224939531025	0
S1111	0.0692872423194	0.709640491425	0.221072266256	0
S11119	0.0715117858571	0.705731198298	0.222757015845	0
S11127	0.0696304924519	0.70853202845	0.221837479098	0
S11136	0.0695345293745	0.708372390893	0.222093079732	0
S11147	0.0721487991268	0.704580727232	0.223270473642	0
S11150	0.0730549140498	0.703768985415	0.223176100535	0
S11152	0.0714722022071	0.703766091634	0.224761706159	0
S1116	0.069944467164	0.707681349301	0.222374183535	0
S11163	0.0710557004613	0.707152948273	0.221791351265	0
S11164	0.072310204168	0.701386038366	0.226303757466	0
S11166	0.0682917744435	0.70852721711	0.223181008447	0
S11173	0.0717414212482	0.704911890538	0.223346688213	0
S11174	0.0697515341157	0.708902550995	0.221345914889	0
S11182	0.0712039313173	0.706595516953	0.22220055173	0
S11188	0.0721712678328	0.702859100473	0.224969631694	0
S11189	0.0717924004239	0.704102356763	0.224105242813	0
S1119	0.0685504465931	0.709499515167	0.22195003824	0
S11195	0.0702443676413	0.703790199943	0.225965432415	0
S11197	0.0696963065706	0.709221468798	0.221082224632	0
S11198	0.0740653762847	0.697898774028	0.228035849688	0
S11211	0.0699937981938	0.703979029901	0.226027171906	0
S11214	0.069695064027	0.708555860821	0.221749075152	0
S11216	0.0714916090512	0.702373570032	0.226134820916	0
S11224	0.0717655785514	0.705019570441	0.223214851008	0
S11236	0.0713722453381	0.704409679299	0.224218075363	0
S11241	0.0702293085941	0.707580551575	0.222190139831	0
S11243	0.0705564354444	0.705281189393	0.224162375163	0
S11245	0.0703354836284	0.705476419256	0.224188097116	0
S11249	0.0699950360334	0.705750470282	0.224254493684	0
S11274	0.0688233399951	0.70652402672	0.224652633285	0
S11280	0.0699166693613	0.705429684861	0.224653645778	0
S11281	0.070503402863	0.704404763647	0.22509183349	0
S11285	0.0694489054871	0.706664364325	0.223886730188	0
S11298	0.0695127356765	0.706789749368	0.223697514956	0
S11311	0.0709865488477	0.706702818221	0.222310632931	0
S11312	0.0712342335476	0.702890288797	0.225875477655	0
S11316	0.0707380944254	0.70512143693	0.224140468645	0
S1133	0.0705965760129	0.707645516913	0.221757907074	0
S11330	0.0717952858287	0.705987291379	0.222217422792	0
S11332	0.0695799883998	0.708672794772	0.221747216828	0
S11334	0.0700905378069	0.705346067834	0.224563394359	0
S11335	0.0723665894546	0.703398112115	0.224235298431	0
S11345	0.068932538019	0.707409261764	0.223658200217	0
S11349	0.0703629365209	0.704166780064	0.225470283415	0
S1135	0.0710341518042	0.701097624903	0.227868223293	0
S11352	0.0720979563627	0.702850386464	0.225051657174	0
S11353	0.0721516585577	0.701876305892	0.22597203555	0
S11368	0.0715565529216	0.703742576967	0.224700870111	0
S11369	0.0699718715583	0.703988285646	0.226039842796	0
S11371	0.0691201796594	0.708880482356	0.221999337984	0
S11377	0.0715507980624	0.701206300605	0.227242901333	0
S11378	0.0686820336298	0.709760005398	0.221557960972	0
S11383	0.0701107158334	0.708286212997	0.221603071169	0
S11384	0.0689770986995	0.71089277084	0.220130130461	0
S11392	0.0700479737084	0.706430205095	0.223521821197	0
S1140	0.0706928661976	0.706291070978	0.223016062824	0
S11410	0.070987287168	0.70310253625	0.225910176582	0
S11411	0.0698987067982	0.705768304588	0.224332988614	0
S11414	0.0704112759237	0.707431229913	0.222157494163	0
S11419	0.0716809097976	0.703031365206	0.225287724996	0
S11424	0.0691473901254	0.707931949655	0.22292066022	0
S11425	0.0705078101262	0.706826213822	0.222665976051	0
S11433	0.0696027323691	0.703259245385	0.227138022246	0
S11434	0.0709705143331	0.705107214112	0.223922271555	0
S11436	0.0705430014416	0.702828418899	0.226628579659	0
S11437	0.07000875497	0.709473355461	0.220517889569	0
S11440	0.0740248482272	0.700661970854	0.225313180919	0
S11449	0.0713142814017	0.708064231068	0.22062148753	0
S11459	0.0689619852056	0.708420528267	0.222617486527	0
S11477	0.0719116273946	0.704526035059	0.223562337546	0
S11480	0.0719492555856	0.7040519229	0.223998821515	0
S11486	0.0708253680659	0.707133390071	0.222041241863	0
S11501	0.0695872547308	0.707337417605	0.223075327664	0
S11504	0.0687522765078	0.708865595141	0.222382128351	0
S11507	0.0697460570467	0.71009098642	0.220162956533	0
S11518	0.0683619261752	0.704081649708	0.227556424117	0
S11525	0.0692092260466	0.708419860396	0.222370913557	0
S11531	0.0707545054352	0.705027777731	0.224217716834	0
S11532	0.069519249445	0.708241851083	0.222238899472	0
S1154	0.069761973421	0.707387692137	0.222850334442	0
S11542	0.0707532363052	0.705800320311	0.223446443383	0
S11543	0.0717229728847	0.702753153849	0.225523873266	0
S11546	0.072044534471	0.702824881572	0.225130583957	0
S1155	0.071061550646	0.701966054182	0.226972395172	0
S1156	0.0671780717601	0.714802664479	0.218019263761	0
S11568	0.0719932346472	0.704416620128	0.223590145225	0
S11576	0.0697428296685	0.707630890204	0.222626280128	0
S11584	0.0730580239521	0.700990425267	0.225951550781	0
S11586	0.0712591424066	0.703186955897	0.225553901697	0
S11590	0.0717194093436	0.702916760664	0.225363829993	0
S11592	0.0690180483358	0.708955919499	0.222026032165	0
S11593	0.0718478565631	0.703490321034	0.224661822403	0
S11599	0.0703116943818	0.704504698954	0.225183606665	0
S1160	0.0696671202109	0.708684799332	0.221648080457	0
S11610	0.0711353997957	0.706172301611	0.222692298594	0
S11615	0.0711240992611	0.70413969695	0.224736203789	0
S11629	0.0709094114832	0.705938762169	0.223151826348	0
S11631	0.069324416048	0.705970255064	0.224705328888	0
S1164	0.0716217426459	0.703838469322	0.224539788033	0
S11642	0.0699757296278	0.705021481554	0.225002788819	0
S11656	0.068994936687	0.706772515209	0.224232548104	0
S11663	0.0707072919987	0.70561745601	0.223675251991	0
S11667	0.0710185569206	0.702728242735	0.226253200345	0
S11668	0.0713240801772	0.705560521981	0.223115397842	0
S1167	0.0705230412768	0.705781665194	0.223695293529	0
S11673	0.0691998522553	0.706651788998	0.224148358746	0
S11682	0.0724979130387	0.702043419199	0.225458667762	0
S11693	0.0700356570498	0.706748726377	0.223215616573	0
S11696	0.0709855429587	0.705505874973	0.223508582068	0
S11699	0.0717415888006	0.703567619756	0.224690791443	0
S117	0.0682662508256	0.709015966533	0.222717782641	0
S1170	0.0710158383577	0.706643241981	0.222340919661	0
S11709	0.0715848780516	0.704210984353	0.224204137595	0
S11713	0.0670291355735	0.71102872799	0.221942136436	0
S11717	0.0691306208004	0.709062018301	0.221807360899	0
S1173	0.0713606580979	0.703588302409	0.225051039493	0
S11731	0.0735825364219	0.69793072455	0.228486739028	0
S11732	0.0715113194624	0.70635197785	0.222136702688	0
S11733	0.0692409129984	0.704963791054	0.225795295947	0
S11734	0.0714207453689	0.704591818926	0.223987435705	0
S11735	0.0719405806472	0.702334226822	0.225725192531	0
S11737	0.0689342595916	0.706934188147	0.224131552261	0
S11745	0.0712706023714	0.70286471999	0.225864677639	0
S11760	0.070168271963	0.70614101384	0.223690714197	0
S11761	0.0672929499919	0.713821243845	0.218885806163	0
S11769	0.0724754045893	0.702399283033	0.225125312377	0
S11783	0.0703805259302	0.708080962418	0.221538511652	0
S11784	0.0715528772342	0.705146239593	0.223300883173	0
S11786	0.0718601606429	0.704508031836	0.223631807521	0
S11797	0.0704366179475	0.704740119784	0.224823262268	0
S11799	0.0707961067609	0.705089529172	0.224114364067	0
S118	0.0715305169015	0.703910526121	0.224558956977	0
S11800	0.0706828085769	0.705612596791	0.223704594632	0
S11802	0.0707660829876	0.704986981611	0.224246935401	0
S11806	0.0719293432558	0.704189250602	0.223881406142	0
S11807	0.0674768803263	0.709417033294	0.223106086379	0
S11810	0.0698561335456	0.707768635106	0.222375231348	0
S11811	0.0725207707769	0.701851510529	0.225627718694	0
S11812	0.0705106374641	0.705076367211	0.224412995325	0
S11820	0.071856317522	0.704017797476	0.224125885002	0
S11822	0.0727687927003	0.703242444422	0.223988762878	0
S11823	0.0702312201811	0.707882923508	0.221885856311	0
S11826	0.0712245203376	0.706037769802	0.22273770986	0
S1183	0.0682179316299	0.71034437806	0.22143769031	0
S1184	0.0705910436931	0.704775267776	0.224633688531	0
S11842	0.0691368850242	0.708588824559	0.222274290416	0
S11843	0.0721503834154	0.702832651072	0.225016965513	0
S11844	0.0703115634651	0.704654766822	0.225033669713	0
S11850	0.0687024574527	0.705757388009	0.225540154539	0
S11853	0.0706565769987	0.708030066613	0.221313356389	0
S11857	0.0717435842931	0.704478372815	0.223778042892	0
S11858	0.0713119783305	0.704423649911	0.224264371758	0
S11860	0.0709725614347	0.705235267343	0.223792171222	0
S11864	0.0697922478508	0.703141469624	0.227066282525	0
S11870	0.071034916677	0.706184245237	0.222780838086	0
S11875	0.0716460986523	0.706130023914	0.222223877434	0
S11877	0.0685866341327	0.708017711497	0.223395654371	0
S11878	0.0695241309444	0.705427978356	0.225047890699	0
S11882	0.0696299912307	0.707590617598	0.222779391171	0
S11883	0.0710714993284	0.704419791153	0.224508709519	0
S11884	0.0723754694668	0.698534442655	0.229090087878	0
S11886	0.07142548201	0.704231775077	0.224342742913	0
S11897	0.0719311670246	0.704227906761	0.223840926214	0
S1190	0.0712444135913	0.704551147417	0.224204438992	0
S11903	0.0728937818091	0.703758063161	0.22334815503	0
S11905	0.0717141106532	0.701359567517	0.22692632183	0
S11907	0.0704469101398	0.70622869309	0.22332439677	0
S11914	0.0710661750668	0.705557371101	0.223376453832	0
S11917	0.0710090050502	0.706201187019	0.222789807931	0
S11928	0.0700037744476	0.705268379976	0.224727845576	0
S11929	0.0708634143071	0.706123482644	0.223013103049	0
S1193	0.0699720363136	0.705178828201	0.224849135486	0
S11930	0.0694354063026	0.706974916493	0.223589677205	0
S11934	0.0703188074796	0.7086327094	0.22104848312	0
S11939	0.072913049292	0.701667426324	0.225419524384	0
S11944	0.0707614191613	0.708426847697	0.220811733142	0
S11945	0.0689975316337	0.710049931386	0.22095253698	0
S11957	0.0719233330625	0.704659742687	0.223416924251	0
S11958	0.0708235438744	0.701965929676	0.227210526449	0
S1196	0.0723715769265	0.702417146572	0.225211276502	0
S11960	0.0706400488315	0.707070017407	0.222289933761	0
S11965	0.0695154393811	0.710864572396	0.219619988223	0
S11967	0.0716443580545	0.704305334428	0.224050307517	0
S1197	0.0705458181799	0.703458376937	0.225995804883	0
S11973	0.0694792938538	0.710493345921	0.220027360225	0
S11974	0.0712797470391	0.702015204264	0.226705048696	0
S11980	0.0723102643893	0.702528573791	0.225161161819	0
S11985	0.0716322403393	0.702509152664	0.225858606996	0
S11987	0.0718933717675	0.703429032941	0.224677595291	0
S11993	0.0717196546568	0.70395211528	0.224328230063	0
S12001	0.0715039479153	0.703756250262	0.224739801823	0
S12004	0.0698124932896	0.704055286508	0.226132220203	0
S12006	0.0705598806371	0.709871171576	0.219568947787	0
S12010	0.0686745201063	0.707208272461	0.224117207433	0
S12011	0.0708771059089	0.702011451059	0.227111443032	0
S12012	0.0707414273489	0.704026607561	0.22523196509	0
S12022	0.0696595869898	0.70460838037	0.22573203264	0
S12043	0.0720222555342	0.703071773347	0.224905971119	0
S12052	0.0703192087962	0.707925246959	0.221755544245	0
S12056	0.0715174274861	0.705726483373	0.222756089141	0
S12057	0.071546535648	0.704126675367	0.224326788985	0
S12058	0.0716235292659	0.703426407608	0.224950063126	0
S12061	0.0708539086233	0.707070883736	0.222075207641	0
S12064	0.0695091017071	0.708114560992	0.222376337301	0
S12073	0.0714966338305	0.702139820322	0.226363545848	0
S12076	0.0699788273952	0.706735939531	0.223285233074	0
S12079	0.071071529126	0.707104538313	0.221823932561	0
S12089	0.0708643034277	0.703505380414	0.225630316159	0
S12098	0.0708618869439	0.70576681644	0.223371296616	0
S1210	0.0717646727076	0.704934344457	0.223300982835	0
S12101	0.0701019825752	0.705913688242	0.223984329183	0
S12105	0.07025188129	0.706858101307	0.222890017403	0
S12106	0.0694564595551	0.704646146674	0.225897393771	0
S1212	0.0712637550364	0.705894703211	0.222841541752	0
S12120	0.0725777331261	0.700994419049	0.226427847825	0
S12129	0.0710733318302	0.705089926513	0.223836741657	0
S12137	0.0724736044818	0.702184115767	0.225342279752	0
S12140	0.0693949544514	0.707910030484	0.222695015065	0
S12159	0.0700323574799	0.708824080809	0.221143561711	0
S12170	0.0725860248742	0.702844098201	0.224569876925	0
S12178	0.0701078790524	0.707794135821	0.222097985126	0
S12179	0.0713636343474	0.707263124524	0.221373241128	0
S1218	0.0701176794989	0.706823154285	0.223059166216	0
S12182	0.0698088377826	0.706625781236	0.223565380982	0
S12196	0.0709279381438	0.704209421396	0.22486264046	0
S12198	0.0710870240356	0.706895367588	0.222017608377	0
S1220	0.0707655580897	0.706260135338	0.222974306572	0
S12200	0.0715153368545	0.705282342207	0.223202320938	0
S12202	0.071107873428	0.703783805328	0.225108321244	0
S12206	0.0712768152419	0.70247682033	0.226246364428	0
S12208	0.0695962212115	0.704906183433	0.225497595356	0
S12215	0.0701097934263	0.706099249782	0.223790956792	0
S12221	0.0708284308969	0.706489313826	0.222682255277	0
S12228	0.0704842469329	0.702517224419	0.226998528648	0
S12231	0.0718826011504	0.704380017739	0.22373738111	0
S12240	0.067985516743	0.711144979301	0.220869503956	0
S12241	0.0697522371146	0.70313709798	0.227110664906	0
S12244	0.0705229144999	0.704753718131	0.224723367369	0
S12245	0.070886382999	0.704752357044	0.224361259957	0
S12249	0.0703690650146	0.704274363217	0.225356571768	0
S12251	0.0710940590072	0.70221737236	0.226688568632	0
S12261	0.0699192126231	0.706415702244	0.223665085133	0
S12264	0.0703320960397	0.705921298263	0.223746605697	0
S12265	0.070986706462	0.704598849874	0.224414443664	0
S12271	0.0723561444182	0.701010653899	0.226633201683	0
S12276	0.0695509622294	0.707493555191	0.222955482579	0
S12278	0.0712239744839	0.702558215353	0.226217810163	0
S12279	0.0710108681542	0.704291088093	0.224698043752	0
S12282	0.0713676835837	0.704007022582	0.224625293834	0
S12285	0.0707099382757	0.704763857086	0.224526204638	0
S12291	0.0714369796831	0.705410677434	0.223152342883	0
S12294	0.0715130152777	0.703027245637	0.225459739085	0
S12308	0.0716304152554	0.703459292883	0.224910291862	0
S12335	0.0700134677871	0.702231876908	0.227754655305	0
S12344	0.0698941294946	0.70766875863	0.222437111876	0
S12347	0.0714221573385	0.702913768926	0.225664073735	0
S12348	0.070247194171	0.707187280317	0.222565525512	0
S12354	0.0685822395695	0.711284917451	0.22013284298	0
S1236	0.071877490814	0.70444268876	0.223679820426	0
S12365	0.0698554459459	0.706389331756	0.223755222298	0
S12366	0.0726977460834	0.701432652095	0.225869601821	0
S12374	0.0724608395986	0.703476773569	0.224062386832	0
S12385	0.0714038352995	0.702230417406	0.226365747295	0
S1239	0.0713864588368	0.701660480743	0.226953060421	0
S12391	0.0715768206524	0.705602060952	0.222821118396	0
S12394	0.0719923567372	0.703757234959	0.224250408303	0
S12406	0.0718026161586	0.704612302698	0.223585081143	0
S1241	0.0715899524884	0.704097840596	0.224312206916	0
S12410	0.0697774534288	0.705702516703	0.224520029869	0
S12417	0.0726667130886	0.70338052172	0.223952765191	0
S12419	0.0718243564305	0.702970364796	0.225205278774	0
S12428	0.0707537509093	0.705334812165	0.223911436926	0
S12431	0.0720911075655	0.70378925888	0.224119633555	0
S12432	0.0707078479777	0.705185936428	0.224106215594	0
S12436	0.0710549450463	0.705576648564	0.22336840639	0
S12437	0.0718670239668	0.702388783282	0.225744192752	0
S12439	0.0706195672611	0.702845523344	0.226534909395	0
S12440	0.0708032008545	0.70681323037	0.222383568775	0
S12441	0.0719731287479	0.699691014106	0.228335857146	0
S12447	0.0712406126395	0.704721774093	0.224037613267	0
S12450	0.0729590285293	0.70283012574	0.224210845731	0
S12452	0.0702532543737	0.705975885063	0.223770860563	0
S1246	0.0705131761729	0.705653373047	0.22383345078	0
S12463	0.0702170971807	0.708235483672	0.221547419148	0
S12464	0.0688976439357	0.709961340615	0.221141015449	0
S12488	0.0681404533327	0.710684277327	0.221175269341	0
S12489	0.0717210336879	0.703208061429	0.225070904883	0
S12496	0.0683992123305	0.709698318378	0.221902469292	0
S12500	0.071774152882	0.703062730845	0.225163116273	0
S12501	0.0699693312217	0.706653124556	0.223377544223	0
S1251	0.0706787060685	0.70625701466	0.223064279271	0
S12516	0.0697125523544	0.704806562582	0.225480885064	0
S1252	0.0708192122392	0.705313117013	0.223867670748	0
S12524	0.0718468588081	0.705106250036	0.223046891156	0
S12527	0.0707712236477	0.705639182231	0.223589594122	0
S12535	0.0722379178424	0.69974440486	0.228017677298	0
S12540	0.072259717963	0.70278623342	0.224954048617	0
S12548	0.0711941280396	0.70330355354	0.225502318421	0
S12556	0.0718918276197	0.702398270638	0.225709901742	0
S12563	0.0720746622909	0.701486663094	0.226438674615	0
S12568	0.0681778486505	0.709795790383	0.222026360967	0
S12569	0.0702947140373	0.705830892694	0.223874393269	0
S12570	0.0719066163848	0.701552586535	0.22654079708	0
S12577	0.0719411838214	0.704228409997	0.223830406181	0
S12582	0.0715037110955	0.699508206642	0.228988082262	0
S12583	0.0714896975507	0.703940728601	0.224569573848	0
S12585	0.0706548610385	0.707452425248	0.221892713713	0
S12590	0.0691890804887	0.710628138793	0.220182780718	0
S12596	0.0708519502995	0.70330769777	0.225840351931	0
S12597	0.0717831795228	0.702931304159	0.225285516318	0
S12604	0.0703190781168	0.70692130831	0.222759613573	0
S12605	0.0702273784416	0.707798202006	0.221974419552	0
S12608	0.0701378288054	0.704209241791	0.225652929404	0
S12617	0.0703179832406	0.706321812678	0.223360204081	0
S12618	0.0697066262443	0.708460795537	0.221832578219	0
S12624	0.0711060651593	0.70505808952	0.223835845321	0
S12628	0.0702169321295	0.705868153084	0.223914914786	0
S12637	0.0708827610312	0.705958937031	0.223158301937	0
S12655	0.0701811898317	0.706742028011	0.223076782158	0
S12658	0.0721605550192	0.700248198257	0.227591246724	0
S1266	0.0705014341759	0.707864573629	0.221633992195	0
S12665	0.0698754201111	0.706654602588	0.223469977301	0
S12666	0.0712937275238	0.704169864627	0.224536407849	0
S12667	0.0708164206068	0.705087046364	0.224096533029	0
S12675	0.0695543868643	0.709308155291	0.221137457845	0
S12682	0.0711287568865	0.703471362152	0.225399880961	0
S12691	0.0717340324067	0.704057612013	0.22420835558	0
S12704	0.0711043684746	0.702252673642	0.226642957884	0
S12706	0.0695971241192	0.70993214704	0.220470728841	0
S12707	0.070946184704	0.704767825578	0.224285989718	0
S12721	0.0706641919021	0.707094959828	0.22224084827	0
S12722	0.0712435923387	0.704033023729	0.224723383932	0
S12731	0.0712510335285	0.704577523132	0.224171443339	0
S12734	0.0691894075858	0.708398900633	0.222411691781	0
S12735	0.0701768707557	0.706165151431	0.223657977814	0
S12736	0.0715498042858	0.699472333583	0.228977862131	0
S12742	0.0727901282549	0.702190779874	0.225019091871	0
S12754	0.0710993082675	0.705601202361	0.223299489371	0
S12760	0.070651773259	0.707739871518	0.221608355223	0
S12773	0.0700739850301	0.703191701062	0.226734313908	0
S12775	0.0715733418615	0.706405189225	0.222021468913	0
S12776	0.0760049825194	0.694747087813	0.229247929668	0
S12779	0.0707791660249	0.705587355002	0.223633478973	0
S12781	0.0707241709473	0.70369407878	0.225581750273	0
S12785	0.0714213291628	0.70499626895	0.223582401888	0
S12790	0.0698312494687	0.706450796655	0.223717953876	0
S12794	0.0712184740567	0.705764155238	0.223017370705	0
S12796	0.0716137104929	0.705078588722	0.223307700785	0
S12798	0.069042837452	0.710282924177	0.220674238371	0
S128	0.0676159164984	0.712801051834	0.219583031667	0
S1280	0.0708152400383	0.702336473673	0.226848286288	0
S12800	0.0729698223807	0.700676799167	0.226353378452	0
S12809	0.0701277666528	0.706619865082	0.223252368266	0
S12813	0.0711259356103	0.706047232312	0.222826832077	0
S12814	0.073155033438	0.703408461555	0.223436505007	0
S12817	0.0698909266042	0.70825938379	0.221849689606	0
S12819	0.069179028236	0.709746211554	0.22107476021	0
S1282	0.0710807673017	0.704831046241	0.224088186457	0
S12821	0.0704198084208	0.706337416681	0.223242774898	0
S12823	0.0725712197086	0.703796039551	0.223632740741	0
S12826	0.071821551968	0.702644121195	0.225534326837	0
S12827	0.0705759647852	0.700995380576	0.228428654639	0
S1283	0.0711464438623	0.704587895098	0.22426566104	0
S12830	0.0727099032598	0.703901284014	0.223388812726	0
S12836	0.0709279630087	0.703156185722	0.22591585127	0
S12839	0.0695212694219	0.705856837004	0.224621893574	0
S12845	0.0718142546898	0.705377746021	0.222807999289	0
S12848	0.0703826673819	0.706456380641	0.223160951977	0
S12849	0.0696164022496	0.705601129212	0.224782468538	0
S12854	0.0727214397917	0.697231105683	0.230047454525	0
S12857	0.0694603507697	0.70850143295	0.22203821628	0
S12863	0.0715303030143	0.704230223919	0.224239473067	0
S12865	0.069526175891	0.707924864943	0.222548959166	0
S12866	0.0700388175243	0.709006260544	0.220954921932	0
S12868	0.0700043182083	0.708749263067	0.221246418725	0
S12869	0.0698994279419	0.706143150502	0.223957421556	0
S12872	0.0731885997015	0.69860820094	0.228203199359	0
S12875	0.0698000552105	0.704929834306	0.225270110484	0
S12884	0.0705987168037	0.703840719682	0.225560563515	0
S12886	0.0684816499366	0.70479176143	0.226726588634	0
S12888	0.0710710754169	0.704922931569	0.224005993014	0
S12893	0.071340194217	0.705332432994	0.223327372789	0
S12897	0.071797971005	0.70435964445	0.223842384545	0
S1290	0.0700726477874	0.704797769558	0.225129582655	0
S12901	0.0715232143054	0.70391036225	0.224566423445	0
S12906	0.0707287456546	0.706690450678	0.222580803667	0
S1291	0.0719194182796	0.702903274147	0.225177307573	0
S12912	0.0695537120032	0.708952966922	0.221493321075	0
S12922	0.0665262096195	0.713522014977	0.219951775404	0
S12924	0.0712369955437	0.705416148771	0.223346855685	0
S12925	0.0716647864356	0.704301446951	0.224033766613	0
S12944	0.0712755882684	0.707234153885	0.221490257847	0
S12950	0.0704238675303	0.707152855329	0.222423277141	0
S12952	0.0707465006992	0.704808378825	0.224445120475	0
S12953	0.0697826246602	0.707955466658	0.222261908682	0
S1296	0.0717239435387	0.703046776713	0.225229279748	0
S12964	0.0701898957575	0.704604798267	0.225205305975	0
S12968	0.071728466658	0.704850101513	0.223421431829	0
S12969	0.0697634949677	0.709576851758	0.220659653274	0
S12978	0.0697461786541	0.707629109921	0.222624711425	0
S12979	0.0724280070014	0.700717512891	0.226854480108	0
S12982	0.0707555578837	0.705409957388	0.223834484728	0
S12984	0.0728564880915	0.700891743075	0.226251768834	0
S12989	0.0712665657287	0.704529994457	0.224203439815	0
S12996	0.0718704922603	0.705406301997	0.222723205742	0
S13010	0.0727578865741	0.700390140537	0.226851972889	0
S13018	0.0707566236658	0.703456160162	0.225787216173	0
S13022	0.0711436269474	0.704716935404	0.224139437648	0
S13025	0.0708529261687	0.70690929847	0.222237775361	0
S13026	0.0698275074606	0.709012618029	0.22115987451	0
S13029	0.0694333661715	0.710109238612	0.220457395216	0
S13035	0.0700956197673	0.709422489119	0.220481891114	0
S13039	0.0699788439686	0.705585470695	0.224435685337	0
S13042	0.0718137786919	0.706377811303	0.221808410005	0
S13051	0.0707854065968	0.707508945879	0.221705647525	0
S13053	0.0711682282625	0.704750705711	0.224081066026	0
S13057	0.070876659606	0.707229917294	0.2218934231	0
S1306	0.0703462442888	0.704435861626	0.225217894086	0
S13060	0.0714027314858	0.704562268506	0.224035000008	0
S13062	0.0694171350465	0.708044944692	0.222537920261	0
S13070	0.0702302800769	0.704786677172	0.224983042751	0
S13073	0.0704486494851	0.706630419324	0.222920931191	0
S1308	0.0714739839046	0.704279251368	0.224246764728	0
S13082	0.0715873599874	0.701868529341	0.226544110671	0
S13084	0.0708880665608	0.703718168397	0.225393765042	0
S13094	0.0700747650403	0.708870461914	0.221054773046	0
S13109	0.07043624535	0.707342763986	0.222220990664	0
S13114	0.0712630781367	0.705673278314	0.223063643549	0
S13131	0.0714453058169	0.702548818048	0.226005876136	0
S13132	0.069858682016	0.704903664736	0.225237653248	0
S13134	0.0701623757716	0.706357936634	0.223479687595	0
S13154	0.0715579121629	0.70221274741	0.226229340427	0
S13161	0.072935350398	0.703034449951	0.224030199651	0
S13169	0.0714374562132	0.702773729328	0.225788814459	0
S1317	0.0691648641971	0.703590173849	0.227244961954	0
S13170	0.0727659496555	0.701825968268	0.225408082077	0
S13173	0.071050909617	0.704516873803	0.22443221658	0
S13178	0.0700703225434	0.706271834071	0.223657843386	0
S13192	0.0722243647596	0.704138051171	0.223637584069	0
S13194	0.0713433550311	0.702662087941	0.225994557028	0
S13195	0.0689536783804	0.709920242209	0.22112607941	0
S132	0.0713223642191	0.703578424131	0.22509921165	0
S13203	0.0692100859295	0.708689119037	0.222100795034	0
S13216	0.0706773719321	0.704109499616	0.225213128452	0
S13217	0.0715296213852	0.704061362824	0.224409015791	0
S13219	0.07165532605	0.70279019234	0.22555448161	0
S1322	0.0715596711122	0.701008539144	0.227431789743	0
S13227	0.0701569732804	0.70794715924	0.22189586748	0
S13231	0.0687359721515	0.708514184314	0.222749843534	0
S13234	0.0734001354903	0.701227253481	0.225372611028	0
S13243	0.0706996775517	0.703152370154	0.226147952295	0
S13248	0.0713258461727	0.706529838537	0.22214431529	0
S13253	0.0712336052803	0.70618537556	0.22258101916	0
S13272	0.0715039091292	0.704910064717	0.223586026154	0
S13275	0.0721002355974	0.703687005922	0.224212758481	0
S13278	0.0711653771458	0.706098601021	0.222736021833	0
S13283	0.0702923190824	0.707294976676	0.222412704242	0
S13289	0.0704041255439	0.708913099807	0.220682774649	0
S1329	0.0706786338829	0.708063112597	0.22125825352	0
S13291	0.0699136073832	0.70521652394	0.224869868677	0
S13293	0.0685564751217	0.711315437157	0.220128087722	0
S13296	0.0703124153062	0.705277871159	0.224409713535	0
S13299	0.0717720683282	0.704533571719	0.223694359953	0
S1330	0.0714963834127	0.70569712239	0.222806494197	0
S13300	0.0709158027804	0.706938050912	0.222146146308	0
S13305	0.0711468433439	0.702705157363	0.226147999293	0
S1331	0.0720463971379	0.704415770584	0.223537832278	0
S13310	0.0713842306147	0.703657692751	0.224958076634	0
S13311	0.0696053930168	0.703623780521	0.226770826463	0
S13324	0.0708482680142	0.70573825238	0.223413479606	0
S13326	0.0684299367635	0.709783326578	0.221786736659	0
S13329	0.0716696226083	0.704078479084	0.224251898308	0
S13331	0.0711236735266	0.706490764181	0.222385562292	0
S13336	0.0703219993956	0.701581289982	0.228096710623	0
S13339	0.0695512996941	0.707133928882	0.223314771424	0
S13341	0.0708477351829	0.704941483846	0.224210780971	0
S13345	0.0707709924982	0.705445375093	0.223783632409	0
S13346	0.0710970545108	0.704476037091	0.224426908398	0
S13349	0.0696418870219	0.707988554252	0.222369558726	0
S1335	0.0722730941154	0.702682830002	0.225044075883	0
S13352	0.0720442379407	0.704285886187	0.223669875873	0
S13354	0.0709508522667	0.702741483728	0.226307664005	0
S13357	0.0703134414522	0.704310084114	0.225376474434	0
S13367	0.0709536396909	0.70496194868	0.224084411629	0
S13369	0.0714127368282	0.704679129585	0.223908133587	0
S13370	0.0718264324162	0.704513675765	0.223659891819	0
S13374	0.0691424310517	0.708873651731	0.221983917218	0
S13378	0.0709723626976	0.704197036057	0.224830601246	0
S13382	0.069638712199	0.707583278893	0.222778008908	0
