	Neutrophils	Lymphocyte	Monocytes	Other
S10001	0.0725898640041	0.313291008686	0.134164813811	0.479954313499
S10006	0.0710464522153	0.326075689144	0.132409837138	0.470468021502
S1001	0.0701546231464	0.324983862917	0.13632251573	0.468538998206
S10010	0.0779881303593	0.310639168338	0.139391263671	0.471981437632
S10011	0.0713623059501	0.314990904449	0.138720282737	0.474926506863
S10014	0.0713348237866	0.320442229585	0.132532340119	0.47569060651
S10026	0.0748372702321	0.322258735924	0.135309328077	0.467594665767
S10032	0.0718991893233	0.318635355657	0.14034084898	0.46912460604
S10036	0.0716412685473	0.326053035095	0.132135677344	0.470170019014
S10042	0.0742659692046	0.322987617703	0.135351773509	0.467394639583
S10044	0.0746694924765	0.324133634603	0.132803571473	0.468393301448
S10049	0.0700193847843	0.325395022759	0.135045687319	0.469539905137
S10057	0.067204127084	0.322700589742	0.132840153189	0.477255129985
S10062	0.0721588199503	0.319857893788	0.137537699025	0.470445587236
S10066	0.078561461195	0.307081091487	0.138313951477	0.476043495841
S10067	0.0680941891607	0.331198752722	0.133361439625	0.467345618492
S1007	0.0669341334726	0.323686845902	0.134671889107	0.474707131519
S10073	0.0715108106356	0.327780406661	0.134393773663	0.46631500904
S10077	0.0706806202117	0.315644554174	0.135858412726	0.477816412889
S10080	0.0707372167971	0.318907647538	0.139408174747	0.470946960917
S10082	0.0731850860576	0.320542439786	0.134680247823	0.471592226333
S10087	0.0696241154724	0.324308982975	0.135498769045	0.470568132507
S10089	0.0719857411076	0.31979637331	0.131616569102	0.47660131648
S1009	0.0685714199334	0.326558161792	0.133694649631	0.471175768644
S10090	0.071308600998	0.316719924353	0.133462962295	0.478508512354
S10093	0.0732184003195	0.312769921136	0.138388022661	0.475623655884
S10094	0.0734373035242	0.319516971721	0.136807959345	0.47023776541
S1010	0.0704767858233	0.32174704476	0.136965157506	0.47081101191
S10111	0.0702635655131	0.325626629283	0.135473015509	0.468636789695
S10116	0.0652358560188	0.327948533634	0.134128717552	0.472686892795
S10119	0.0679853080842	0.323209274758	0.13352507607	0.475280341088
S10121	0.0716413277748	0.323324088884	0.133917349818	0.471117233522
S10130	0.0714814776803	0.318112741543	0.135237299483	0.475168481294
S10140	0.0756241554559	0.317521554239	0.137258277018	0.469596013287
S10142	0.0666170463033	0.33329082637	0.132250916373	0.467841210953
S10150	0.0786757141165	0.312075168868	0.13727520765	0.471973909366
S10155	0.0698304561514	0.320643311027	0.136118867095	0.473407365726
S1016	0.0715944703832	0.319976897942	0.136381921872	0.472046709802
S10163	0.0719861956662	0.319060968173	0.135900845545	0.473051990616
S10167	0.0708746173286	0.323501360958	0.134252133746	0.471371887967
S10168	0.0677740714864	0.331733935469	0.132235063261	0.468256929784
S10173	0.0713204194121	0.32960646656	0.133174583498	0.46589853053
S10175	0.0713765755481	0.321442428824	0.133461739653	0.473719255974
S10179	0.0696682300179	0.33180587739	0.1340907176	0.464435174992
S10186	0.0634087782604	0.329713324686	0.135706583175	0.471171313879
S1019	0.066645632905	0.326419768397	0.13553025195	0.471404346749
S10190	0.071160584937	0.323481963041	0.134466455251	0.47089099677
S10195	0.0741573533118	0.319371976139	0.136325710363	0.470144960186
S10196	0.0709786096067	0.319389079737	0.135921551307	0.47371075935
S10200	0.0730373256393	0.320557164889	0.137002646427	0.469402863045
S10201	0.0785840389723	0.312461654988	0.135469417821	0.473484888218
S10202	0.0707749241882	0.324516323386	0.136119023817	0.468589728609
S10205	0.0716173324541	0.329435603991	0.131944899907	0.467002163647
S10211	0.0691355562291	0.323905251067	0.132313463292	0.474645729412
S10221	0.0720892582889	0.323968733095	0.134828105398	0.469113903218
S10222	0.0725791925756	0.317352819088	0.135226551342	0.474841436995
S10226	0.0736202894364	0.321225735951	0.135375084922	0.469778889691
S10227	0.0722510610128	0.313242206788	0.137839976846	0.476666755354
S10228	0.0714391950183	0.322143436569	0.134693848281	0.471723520132
S10232	0.0683421983478	0.327331449406	0.131439376625	0.472886975621
S10248	0.0728578530004	0.325231538663	0.132140736726	0.46976987161
S10249	0.0754408903855	0.306210703407	0.141697412148	0.47665099406
S1025	0.0686763628918	0.327866474283	0.133911507299	0.469545655526
S10266	0.0737559998853	0.313065187477	0.135275071632	0.477903741005
S10269	0.072626013063	0.322355696552	0.134800646148	0.470217644236
S10272	0.0743513637487	0.31888198659	0.133529306724	0.473237342937
S10273	0.0738461308517	0.321777077206	0.134585103383	0.46979168856
S10274	0.0724768643931	0.322741234483	0.135188939557	0.469592961567
S1028	0.0702503488745	0.323821304803	0.135838757324	0.470089588999
S10280	0.072866162494	0.321475106246	0.134040638531	0.471618092729
S10283	0.0666222877157	0.330182511465	0.137055027105	0.466140173714
S1029	0.0712679176408	0.325039527679	0.135754468951	0.467938085729
S10292	0.06871972143	0.326554334458	0.129546005869	0.475179938242
S10294	0.0693584558156	0.328159891179	0.133707799121	0.468773853885
S10302	0.0715953944057	0.323235501545	0.133830197551	0.471338906498
S10303	0.0714319862524	0.323647480396	0.133825216481	0.471095316871
S10323	0.0712678194372	0.32005637384	0.136111773348	0.472564033375
S10326	0.0706398286134	0.325448676384	0.134676102475	0.469235392528
S10328	0.0699108469848	0.331249084075	0.130844390749	0.467995678192
S10329	0.0699225238264	0.32998770668	0.132065706633	0.468024062861
S10336	0.0706439483191	0.323481825452	0.134720812386	0.471153413843
S10340	0.073357428348	0.322195838947	0.133797493892	0.470649238813
S10347	0.0695081703985	0.320264018801	0.133815452113	0.476412358688
S10353	0.0701131330428	0.320126730171	0.134946354532	0.474813782254
S10356	0.0704011430263	0.319866132954	0.133690892426	0.476041831595
S10358	0.0723869589346	0.318698589875	0.136842598039	0.472071853152
S10365	0.0732217463946	0.313593457422	0.136660746693	0.47652404949
S1037	0.0677600946039	0.33393684771	0.1319611144	0.466341943286
S10373	0.0690840708261	0.326639473487	0.134317779173	0.469958676514
S10374	0.0689554056207	0.320167919937	0.133992684525	0.476883989917
S10375	0.0738393828568	0.319797743052	0.137406009382	0.468956864709
S10377	0.0668006924947	0.322729557895	0.13646782442	0.47400192519
S10378	0.0696965775847	0.331821751114	0.133663492692	0.464818178609
S10390	0.070141040386	0.314435692522	0.132380795534	0.483042471559
S10391	0.0670231774976	0.320067315204	0.135904383119	0.47700512418
S10393	0.0713850256185	0.33164574467	0.131833823668	0.465135406044
S10400	0.0719636433603	0.313716846204	0.139616387532	0.474703122903
S10401	0.0696650591296	0.322055173768	0.135365185281	0.472914581821
S10406	0.0768056392994	0.309098673329	0.138275188455	0.475820498916
S10408	0.073737682324	0.318966495553	0.136285704383	0.47101011774
S10409	0.070601821196	0.328270189823	0.134001270237	0.467126718744
S10418	0.0708150338292	0.307531354737	0.134771145847	0.486882465587
S10431	0.0718180838886	0.320378149808	0.135218069503	0.4725856968
S10438	0.0714846662386	0.317400397641	0.13707417374	0.474040762381
S10439	0.0743809486145	0.320312420369	0.13945355485	0.465853076167
S10441	0.0742039561145	0.320706856625	0.136533502376	0.468555684884
S10442	0.0736164164829	0.317097493528	0.138789822429	0.47049626756
S1046	0.0754497517269	0.315833172619	0.137309438502	0.471407637153
S10478	0.077891095249	0.303916342792	0.140635422852	0.477557139106
S10480	0.0641376218817	0.332025646202	0.133371903556	0.470464828361
S10484	0.072253670983	0.315648663248	0.139520970613	0.472576695156
S10492	0.0690528000103	0.324388792465	0.139013598263	0.467544809261
S10496	0.0717623738308	0.33336782677	0.13015475332	0.464715046079
S10510	0.0702921361903	0.322120038742	0.134726936198	0.47286088887
S10513	0.0739845974777	0.316552493922	0.139786975712	0.469675932889
S10516	0.0678536205046	0.321836911786	0.135026065632	0.475283402077
S10534	0.0723021713964	0.32195849973	0.135231032129	0.470508296744
S10535	0.0683055598378	0.328385905	0.132520727023	0.470787808139
S10537	0.0724531902203	0.31868686653	0.138841550723	0.470018392526
S1054	0.0697098476563	0.321488688691	0.134770947304	0.474030516348
S10543	0.0717499344209	0.329182373042	0.13153469613	0.467532996407
S10546	0.0705982619208	0.326774537941	0.132579335067	0.470047865071
S1055	0.07603531571	0.312088951491	0.135995692873	0.475880039925
S10551	0.0683669948205	0.316118546284	0.138093538024	0.477420920872
S10552	0.0714601865511	0.317343285485	0.135132085844	0.47606444212
S10555	0.068599478587	0.334813643944	0.133884829871	0.462702047598
S10559	0.0701875496268	0.317522171332	0.137364237783	0.474926041258
S1056	0.0710042007052	0.323329453556	0.135641367945	0.470024977794
S10563	0.0724818126583	0.317802194957	0.136163777531	0.473552214853
S10574	0.0690137076574	0.32724668888	0.135194676287	0.468544927176
S10576	0.0752494412415	0.316908978964	0.134920006043	0.472921573751
S10578	0.0729293237298	0.319569178019	0.13758673549	0.469914762761
S10579	0.0747540096638	0.323421508061	0.131539775642	0.470284706633
S10582	0.0734308432476	0.327005454527	0.133778389665	0.46578531256
S1059	0.071103910105	0.323021066496	0.136182626811	0.469692396588
S10599	0.0760852399439	0.314793894331	0.138934258713	0.470186607012
S10611	0.0719970034868	0.319773196314	0.134172389526	0.474057410673
S10614	0.0756237927693	0.314100690708	0.139069335546	0.471206180976
S10624	0.067521071176	0.321439815599	0.133157513287	0.477881599938
S10632	0.071433533419	0.316597792855	0.134549273957	0.477419399769
S10634	0.0711330475542	0.328014316826	0.132440102524	0.468412533096
S10638	0.0740152930584	0.317187825453	0.136060162078	0.47273671941
S10644	0.0684392945578	0.328142585545	0.134404909537	0.46901321036
S10649	0.0781748419623	0.317915003349	0.132844114089	0.4710660406
S10652	0.0748873142771	0.318790474204	0.133771281753	0.472550929766
S10654	0.0698592094112	0.333469319372	0.132484499978	0.464186971239
S10655	0.0724748001371	0.321605307705	0.134293096268	0.47162679589
S10656	0.072040553559	0.334520978952	0.131643753494	0.461794713995
S10657	0.0711584969802	0.320002032825	0.133487338091	0.475352132104
S10658	0.0740749486375	0.330547408243	0.133159068105	0.462218575015
S10660	0.0646006219039	0.322495838275	0.134958237256	0.477945302566
S10661	0.0716007118841	0.328905070365	0.131748534947	0.467745682804
S10676	0.0721139747692	0.31760919865	0.135587571102	0.474689255478
S1068	0.0695467670304	0.322702803247	0.136416521139	0.471333908584
S10681	0.07115172211	0.319710080493	0.135234287453	0.473903909943
S10686	0.0703628338751	0.317008325608	0.135232546475	0.477396294042
S10688	0.0726947333441	0.326473617443	0.133753211397	0.467078437816
S10690	0.068295944607	0.323456070835	0.135430314934	0.472817669623
S10698	0.0687564788188	0.327694776948	0.133794369435	0.469754374798
S107	0.0711893814769	0.329574928242	0.13289256321	0.466343127071
S10703	0.0691225789442	0.326277193727	0.135714382689	0.46888584464
S10726	0.0710633227624	0.32284517664	0.135291054297	0.4708004463
S10729	0.0706437288145	0.316625298789	0.136567570462	0.476163401934
S10733	0.0726308302885	0.321548691078	0.136371659255	0.469448819378
S10734	0.0693395066358	0.323376973962	0.136871470701	0.470412048702
S10735	0.072993252955	0.322633636282	0.135420365634	0.468952745129
S10740	0.0764916994473	0.306405712916	0.144201691391	0.472900896246
S10745	0.0737396506614	0.317933885473	0.137211358826	0.471115105039
S10748	0.0700929306823	0.322190536772	0.137067696582	0.470648835963
S10753	0.0755527026	0.315404603344	0.139596001925	0.469446692131
S10756	0.0725971270945	0.326740260901	0.133596726957	0.467065885048
S10757	0.0689968882772	0.335571085651	0.131093368668	0.464338657404
S1076	0.0726830444339	0.32122826398	0.135705493937	0.470383197649
S10764	0.0717616691401	0.318664416378	0.132316330397	0.477257584085
S10767	0.0649244392276	0.33120452195	0.133515426945	0.470355611877
S10776	0.0740824191784	0.32199201404	0.13647940047	0.467446166312
S10778	0.077136167748	0.31724120116	0.1351547229	0.470467908191
S10784	0.0762479238964	0.314712102147	0.137705380309	0.471334593648
S10787	0.0710361315432	0.323650286402	0.135001966671	0.470311615384
S10800	0.0708412536348	0.325022884456	0.133884845533	0.470251016376
S10805	0.0739523496007	0.317590481112	0.135847366199	0.472609803088
S10813	0.070098147631	0.323162348979	0.135309497035	0.471430006355
S10814	0.0696256532653	0.321095389803	0.132070340922	0.477208616009
S10815	0.0728608317596	0.326459353945	0.132403784341	0.468276029955
S10817	0.0681896809501	0.32641862386	0.132454060381	0.47293763481
S1083	0.0700187159825	0.32643000095	0.133342937173	0.470208345895
S10835	0.070611618124	0.308914425223	0.142440285716	0.478033670937
S10838	0.0734841332984	0.32570708977	0.13514786854	0.465660908392
S10844	0.0703943169227	0.325909554542	0.132357750818	0.471338377717
S10845	0.0712939230171	0.322603106565	0.136130168348	0.46997280207
S10846	0.0656766514501	0.333250130926	0.132412961132	0.468660256491
S10853	0.0752098995773	0.308747132854	0.137131755882	0.478911211687
S10854	0.068023459516	0.327880182908	0.133568599104	0.470527758472
S10865	0.071559874791	0.32396749187	0.134582166839	0.4698904665
S10866	0.071411035907	0.327143219196	0.136362438359	0.465083306538
S10869	0.0768751396489	0.310482313088	0.138601207913	0.47404133935
S10873	0.0717278478542	0.319276274543	0.133879365185	0.475116512418
S10876	0.0702571712577	0.323884005471	0.135352569845	0.470506253426
S10883	0.0723703312649	0.318601941019	0.137113862487	0.471913865229
S10885	0.0734421163106	0.314245275077	0.139458112775	0.472854495837
S10893	0.0737942576798	0.319221522143	0.135992017878	0.470992202299
S10895	0.0733294542322	0.316347696685	0.137603213256	0.472719635827
S10902	0.0696157979155	0.326547497818	0.131044660771	0.472792043495
S10903	0.0751424406062	0.317209013078	0.136881953085	0.470766593231
S1092	0.0775111088039	0.316426803379	0.138028467163	0.468033620653
S10925	0.0702848551735	0.319354065698	0.136246188425	0.474114890704
S10927	0.0754583618793	0.317441774919	0.137021577298	0.470078285903
S10936	0.0685381937754	0.32926151103	0.134555772012	0.467644523183
S10945	0.0771515783006	0.320095467498	0.137427819568	0.465325134633
S10947	0.0696207528927	0.320133657196	0.134700848889	0.475544741022
S10949	0.0731419288426	0.327262906183	0.132490376038	0.467104788936
S1095	0.072683757896	0.316430546918	0.135224088718	0.475661606468
S10961	0.0742216641325	0.318368286775	0.135346640097	0.472063408996
S10969	0.0718456784765	0.327820599135	0.131737628873	0.468596093516
S10972	0.0703253818828	0.323752169517	0.138181807528	0.467740641072
S10973	0.0772037821387	0.31595126399	0.135140634217	0.471704319654
S10978	0.0744096996563	0.32579457215	0.133406140479	0.466389587714
S10979	0.0713156037179	0.322452850343	0.135294348146	0.470937197793
S10986	0.073658598855	0.315211428964	0.138074088054	0.473055884126
S10989	0.0737668031297	0.322645509015	0.134986426772	0.468601261083
S10995	0.0743567476938	0.318414147263	0.135885659435	0.471343445608
S11005	0.0683753693732	0.327156282522	0.135074676979	0.469393671126
S11008	0.074143151681	0.32279322473	0.133939327603	0.469124295986
S11010	0.0682447158882	0.318847707032	0.13273545611	0.480172120971
S11013	0.0703768111765	0.321017145366	0.138140287597	0.470465755861
S11016	0.0710623482233	0.32516526775	0.135468871038	0.468303512989
S11017	0.0692714468234	0.317483757267	0.143820580946	0.469424214964
S11020	0.0722469926688	0.322458129937	0.137760071821	0.467534805573
S11027	0.0746468699087	0.31800355291	0.138613245789	0.468736331393
S11035	0.0740825442134	0.322832078987	0.135516259989	0.46756911681
S11041	0.0742503859333	0.321911068791	0.132957944356	0.470880600919
S1106	0.0731581514556	0.321531500044	0.135178651332	0.470131697169
S11071	0.0628041271691	0.338202094961	0.133978449343	0.465015328526
S11076	0.0692219880017	0.323885268811	0.131972408114	0.474920335073
S11078	0.0739593146279	0.323883934796	0.135501537969	0.466655212608
S11081	0.0685265656214	0.323619891646	0.1340849925	0.473768550233
S11086	0.0730482912519	0.321584439168	0.133371983637	0.471995285943
S1109	0.0734245515206	0.318688124378	0.139140137095	0.468747187006
S11096	0.0771005516138	0.315018084769	0.138209137556	0.46967222606
S11100	0.071893954818	0.317962265233	0.132796939532	0.477346840417
S11107	0.0747920783591	0.316066730234	0.1361773103	0.472963881107
S11109	0.075374585617	0.318155220022	0.134208558937	0.472261635424
S1111	0.0669181206279	0.327989040507	0.132939358724	0.472153480141
S11119	0.0718656813546	0.324684756774	0.133468155508	0.469981406363
S11127	0.0717272330687	0.327774603485	0.135357271719	0.465140891728
S11136	0.068806050657	0.319896664877	0.134958989337	0.47633829513
S11147	0.0765374197941	0.32078461261	0.133344058142	0.469333909454
S11150	0.0765847369347	0.320653284453	0.133175002088	0.469586976524
S11152	0.0723370992166	0.318354820961	0.13501565408	0.474292425743
S1116	0.0696880382848	0.327043448582	0.135489652312	0.467778860821
S11163	0.0714274855802	0.32813430332	0.130040208806	0.470398002294
S11164	0.0772110405155	0.312075796521	0.138987108664	0.471726054299
S11166	0.0635330710738	0.32070609443	0.131124861158	0.484635973339
S11173	0.0736254245181	0.323519521062	0.134796830532	0.468058223888
S11174	0.0697399743185	0.325087088095	0.136495324394	0.468677613193
S11182	0.07314961404	0.326870026527	0.134877043445	0.465103315987
S11188	0.0724370035379	0.321090269058	0.135577984047	0.470894743357
S11189	0.0722908434718	0.323060377227	0.134318943334	0.470329835967
S1119	0.0651299187548	0.330079844525	0.134249231376	0.470541005344
S11195	0.0703813760603	0.323232412942	0.138417322657	0.467968888341
S11197	0.0698314735202	0.32059682232	0.132864548326	0.476707155835
S11198	0.0785743096639	0.312004134328	0.137937749645	0.471483806364
S11211	0.0706036086602	0.316301225121	0.138151040728	0.474944125491
S11214	0.0717075888533	0.323968111625	0.132166345437	0.472157954085
S11216	0.0727883103649	0.317743695902	0.138255124997	0.471212868735
S11224	0.0714625806941	0.322963787295	0.133423405906	0.472150226105
S11236	0.0737691521661	0.321402181525	0.137129558831	0.467699107478
S11241	0.0713884899617	0.324428952966	0.132498588861	0.471683968211
S11243	0.0710288937154	0.319209300887	0.134964008966	0.474797796432
S11245	0.0716043890913	0.31689773064	0.13451892161	0.476978958659
S11249	0.0698377689125	0.319601422533	0.136011043509	0.474549765046
S11274	0.0653813867022	0.317728267419	0.13245636503	0.484433980849
S11280	0.0689223478483	0.324119105963	0.135948549201	0.471009996987
S11281	0.0691756015302	0.320742099813	0.138360175107	0.471722123549
S11285	0.0692830714894	0.318418374466	0.135500987735	0.47679756631
S11298	0.0701549720784	0.319397765776	0.136529136726	0.47391812542
S11311	0.0727193416762	0.320261255874	0.137410524836	0.469608877613
S11312	0.0727145371357	0.313053577301	0.137775817002	0.476456068561
S11316	0.0715976294988	0.322449105277	0.135545455901	0.470407809324
S1133	0.0700615634862	0.319625501069	0.132872355105	0.477440580339
S11330	0.0740094236597	0.32950208852	0.133098913629	0.463389574191
S11332	0.0662751445484	0.333060543833	0.131347215855	0.469317095763
S11334	0.0695865616196	0.32542326082	0.135645063774	0.469345113786
S11335	0.0752408007214	0.317750800194	0.133671612321	0.473336786764
S11345	0.0686211855608	0.314761432222	0.134083254072	0.482534128145
S11349	0.0702524944813	0.32444320344	0.138649806363	0.466654495716
S1135	0.0697986783146	0.31629367226	0.13695002431	0.476957625116
S11352	0.0744386893535	0.312618619676	0.136631383344	0.476311307627
S11353	0.072278558321	0.318458775161	0.138496966843	0.470765699675
S11368	0.072885154915	0.321445191594	0.136451474129	0.469218179361
S11369	0.0681462879928	0.320306430344	0.1375345282	0.474012753463
S11371	0.0674703700302	0.331041912194	0.131976254061	0.469511463715
S11377	0.0747631925792	0.310906633118	0.141301379476	0.473028794827
S11378	0.0674718530817	0.328620152674	0.132980951221	0.470927043024
S11383	0.0692335108606	0.331737506063	0.132105057545	0.466923925531
S11384	0.067444163313	0.335115043962	0.129250683274	0.46819010945
S11392	0.067748218567	0.324010878474	0.134396856216	0.473844046743
S1140	0.0718381726644	0.318122111905	0.13497300971	0.475066705721
S11410	0.0708519392563	0.317610080834	0.135249270409	0.476288709501
S11411	0.0709118303886	0.331779442335	0.132429964726	0.46487876255
S11414	0.0702055904163	0.323447055833	0.132302464873	0.474044888877
S11419	0.072387246756	0.320254649275	0.136528044346	0.470830059623
S11424	0.0713730221544	0.310986924491	0.139481184458	0.478158868896
S11425	0.0709564446306	0.323950974345	0.133921940628	0.471170640396
S11433	0.0688522046882	0.318516174111	0.137821178296	0.474810442905
S11434	0.0712124920904	0.324620530723	0.135144966411	0.469022010776
S11436	0.0749455445906	0.31746314244	0.138958257763	0.468633055206
S11437	0.0713403436158	0.331392928414	0.13226611161	0.46500061636
S11440	0.0783809688104	0.314805288308	0.133800814659	0.473012928223
S11449	0.0710916017598	0.332700640491	0.133139691799	0.46306806595
S11459	0.0652270980075	0.324408092332	0.133908529212	0.476456280448
S11477	0.073376907886	0.323768713388	0.13564845256	0.467205926166
S11480	0.0739612312965	0.319452155714	0.136517868291	0.470068744698
S11486	0.0731766145887	0.3197472406	0.133630273753	0.473445871059
S11501	0.0718755163836	0.314427720003	0.135142424768	0.478554338845
S11504	0.0652004423693	0.329081333231	0.132363635326	0.473354589073
S11507	0.0685874621993	0.328578275424	0.133226753494	0.469607508883
S11518	0.0641324774657	0.323687394004	0.139757880465	0.472422248065
S11525	0.0669377644918	0.323647873126	0.135094545161	0.474319817221
S11531	0.070710440618	0.320036649776	0.135336605612	0.473916303994
S11532	0.0686076293659	0.326807427343	0.132350063426	0.472234879866
S1154	0.0688427434904	0.325246586127	0.134307821157	0.471602849226
S11542	0.0728261908032	0.313972547961	0.134212895804	0.478988365432
S11543	0.0733570557898	0.317941195032	0.137146659513	0.471555089665
S11546	0.0757752169003	0.316632242056	0.137269803357	0.470322737687
S1155	0.0743066817265	0.312446805609	0.136834845003	0.476411667661
S1156	0.0623182702541	0.339523994757	0.130876789901	0.467280945088
S11568	0.0737814857691	0.319845450046	0.13445289282	0.471920171365
S11576	0.0705219034685	0.329439351763	0.133402341768	0.466636403001
S11584	0.0753184198024	0.314083496193	0.137873992499	0.472724091505
S11586	0.073417142029	0.323250650894	0.135504194064	0.467828013013
S11590	0.0745963698153	0.3222515542	0.1345795153	0.468572560685
S11592	0.0686300483528	0.323853480164	0.13292295681	0.474593514674
S11593	0.0730673465309	0.321777996941	0.137088484956	0.468066171573
S11599	0.0706487534305	0.314384348843	0.135830296154	0.479136601572
S1160	0.0671297905134	0.326236936818	0.132639384586	0.473993888082
S11610	0.0731545341807	0.315161097699	0.136169220116	0.475515148005
S11615	0.0707038198316	0.323634521336	0.138252016014	0.467409642818
S11629	0.0748260175387	0.327782766773	0.13483175951	0.462559456178
S11631	0.0702536825705	0.324067393501	0.138453280265	0.467225643664
S1164	0.0732609273027	0.321560355355	0.135376642977	0.469802074365
S11642	0.0703538239304	0.316143195086	0.137448364626	0.476054616357
S11656	0.068432662245	0.313841032408	0.135307443773	0.482418861574
S11663	0.070953901948	0.327500830483	0.133012750163	0.468532517406
S11667	0.071118526659	0.322153340448	0.138559968508	0.468168164385
S11668	0.0716588938847	0.324098307856	0.135349410333	0.468893387926
S1167	0.0680028730189	0.32726272166	0.133773608043	0.470960797278
S11673	0.0653803190967	0.320196782903	0.132665494975	0.481757403025
S11682	0.0759268231246	0.320085509022	0.134407701993	0.469579965861
S11693	0.0698903560953	0.324166778423	0.13475027176	0.471192593721
S11696	0.0735929607362	0.320411875663	0.133870599573	0.472124564028
S11699	0.071118861455	0.331644670536	0.132959457781	0.464277010229
S117	0.067080869983	0.314436777597	0.133681794888	0.484800557532
S1170	0.0707642337347	0.32754019127	0.132378853574	0.469316721421
S11709	0.073148957347	0.31770124808	0.135285436275	0.473864358299
S11713	0.060340268269	0.334209515021	0.13208384516	0.473366371551
S11717	0.0673423585194	0.324305754884	0.133750537291	0.474601349305
S1173	0.0710717339971	0.316774241521	0.137684823191	0.474469201291
S11731	0.0746210298434	0.31125237221	0.139869025806	0.47425757214
S11732	0.0733013344134	0.324520875635	0.133603153293	0.468574636659
S11733	0.0688490374741	0.320509624517	0.140601837996	0.470039500013
S11734	0.0738022271093	0.320472786526	0.133661011216	0.472063975149
S11735	0.0735409051981	0.321985445194	0.135799214323	0.468674435285
S11737	0.0663215424096	0.32268557579	0.132693449172	0.478299432629
S11745	0.0729277769646	0.314006582796	0.137339824618	0.475725815621
S11760	0.070630033199	0.31339866536	0.134927885995	0.481043415446
S11761	0.0642994994316	0.336077888901	0.132083308552	0.467539303115
S11769	0.0763855097006	0.312143146634	0.138525341813	0.472946001853
S11783	0.0709901430237	0.330734817365	0.132371291899	0.465903747713
S11784	0.0734079990114	0.319627861029	0.133025478397	0.473938661563
S11786	0.0748336893409	0.321592470949	0.134351262538	0.469222577172
S11797	0.0705489974539	0.318642880031	0.137797696164	0.473010426351
S11799	0.0697523350817	0.326128134436	0.134223576799	0.469895953684
S118	0.0730018061855	0.321984336504	0.135979386408	0.469034470902
S11800	0.0710869667696	0.325930267043	0.135331493531	0.467651272656
S11802	0.0695807537408	0.317446374281	0.136459538448	0.476513333531
S11806	0.0738970311787	0.310838148146	0.135288500653	0.479976320023
S11807	0.0656521945884	0.325026119943	0.134239570757	0.475082114712
S11810	0.0691669982451	0.324436181413	0.133801507269	0.472595313074
S11811	0.075250168882	0.319442441071	0.137430861056	0.467876528992
S11812	0.0681005552657	0.320504675239	0.133356175544	0.478038593951
S11820	0.0738184407323	0.320411095265	0.136785157617	0.468985306386
S11822	0.0774158308751	0.318601215892	0.136320417564	0.46766253567
S11823	0.071511042506	0.324886631563	0.134889689092	0.468712636839
S11826	0.0719241212205	0.325975051261	0.13176266816	0.470338159358
S1183	0.0666307366622	0.321031792035	0.13517492461	0.477162546693
S1184	0.0700694638467	0.322740783032	0.137974011	0.469215742122
S11842	0.0695524145676	0.32790782608	0.135060316773	0.46747944258
S11843	0.075542065217	0.320437492127	0.135038092679	0.468982349977
S11844	0.0710502469166	0.321931590227	0.136040874988	0.470977287868
S11850	0.0691179920102	0.321794907003	0.134632530679	0.474454570307
S11853	0.0710385658061	0.328271455651	0.132160025019	0.468529953524
S11857	0.072172024965	0.319125713733	0.133240812986	0.475461448316
S11858	0.0730753707766	0.318391185264	0.133759120658	0.474774323301
S11860	0.0739023836974	0.320031636785	0.135713999215	0.470351980303
S11864	0.0668327631012	0.320565580906	0.135923129813	0.47667852618
S11870	0.0719355910481	0.323074038565	0.133907912369	0.471082458018
S11875	0.07255292235	0.323306995421	0.13055548927	0.473584592959
S11877	0.0666355249476	0.313683929538	0.135776543292	0.483904002223
S11878	0.068799740806	0.327556970884	0.137351670832	0.466291617479
S11882	0.0680945231509	0.324945825695	0.133888209243	0.473071441911
S11883	0.0708570470203	0.315275674407	0.137088766459	0.476778512114
S11884	0.0733516877174	0.321354966	0.138612573466	0.466680772816
S11886	0.0729343780627	0.313022454401	0.136037563223	0.478005604313
S11897	0.0755643562592	0.318505960096	0.136069568786	0.469860114859
S1190	0.0717975217651	0.325275700852	0.135006356937	0.467920420446
S11903	0.0765738995844	0.320383949232	0.13537552373	0.467666627454
S11905	0.0761949161399	0.307472049615	0.136125968048	0.480207066197
S11907	0.0708935111969	0.318143431803	0.134549946006	0.476413110994
S11914	0.0740741027586	0.311031381272	0.136108445497	0.478786070472
S11917	0.070413877446	0.327745210939	0.133078956429	0.468761955186
S11928	0.069283926878	0.318344765498	0.136063461996	0.476307845628
S11929	0.0713592651397	0.321806581027	0.138296539754	0.46853761408
S1193	0.0669139356894	0.325249453969	0.135509562298	0.472327048044
S11930	0.0687978373191	0.322426613501	0.13688207887	0.471893470309
S11934	0.0698383154649	0.328455002287	0.131943625053	0.469763057195
S11939	0.0753942324544	0.313153910124	0.135597376856	0.475854480565
S11944	0.0718447492992	0.330817772281	0.130427415622	0.466910062798
S11945	0.0680003716631	0.326434036005	0.133386037496	0.472179554836
S11957	0.0768420722019	0.321662263724	0.132829704678	0.468665959396
S11958	0.0721508759098	0.312068509674	0.134570299378	0.481210315038
S1196	0.0736276090005	0.312067236114	0.138394079376	0.475911075509
S11960	0.0681798251058	0.324418969793	0.131681001943	0.475720203158
S11965	0.069873096172	0.328674820801	0.12818168341	0.473270399616
S11967	0.0736818220499	0.317891024519	0.133769567791	0.47465758564
S1197	0.0707482324052	0.310921419732	0.136708735836	0.481621612027
S11973	0.0745295623762	0.333367455421	0.129467382144	0.462635600059
S11974	0.0713660282427	0.317683798666	0.139915407714	0.471034765378
S11980	0.0747893941095	0.317774171126	0.137017788796	0.470418645968
S11985	0.072940122786	0.320147895225	0.137377830331	0.469534151658
S11987	0.0744097193971	0.314185162331	0.136171891549	0.475233226723
S11993	0.0744767525389	0.321760124216	0.135878572828	0.467884550417
S12001	0.0717251149412	0.318505729628	0.135555431106	0.474213724325
S12004	0.0697099744527	0.31990885131	0.134705615363	0.475675558874
S12006	0.0704593323543	0.328453537021	0.129455957801	0.471631172823
S12010	0.0655738933976	0.320890856358	0.134699407886	0.478835842358
S12011	0.0713970025263	0.318808629115	0.138771698731	0.471022669627
S12012	0.0716983779739	0.3106361418	0.137339408099	0.480326072127
S12022	0.0690230856928	0.313832481009	0.135352740914	0.481791692384
S12043	0.0733805610468	0.322376915824	0.135811279955	0.468431243175
S12052	0.0694506703363	0.326633257256	0.133001964643	0.470914107765
S12056	0.0725608025604	0.323305354544	0.134274150169	0.469859692727
S12057	0.0761725722501	0.313950054315	0.135261302159	0.474616071276
S12058	0.0712434222044	0.314254577981	0.134192290029	0.480309709786
S12061	0.0713597759795	0.324354760365	0.134931205606	0.469354258049
S12064	0.0687065730478	0.330831393799	0.134162339144	0.466299694009
S12073	0.0743681818309	0.313003359576	0.13722980584	0.475398652753
S12076	0.0699733222631	0.322073972293	0.134746823182	0.473205882262
S12079	0.0720321668299	0.323090952843	0.129615880101	0.475261000226
S12089	0.0707173733649	0.316371173596	0.136847314436	0.476064138603
S12098	0.0726627365241	0.322914957049	0.136717548978	0.467704757449
S1210	0.0730401739793	0.326368550001	0.133138791404	0.467452484616
S12101	0.0694913079984	0.313770709084	0.134209524406	0.482528458512
S12105	0.0727398970083	0.326536504752	0.135550418307	0.465173179933
S12106	0.0695387229288	0.310084304147	0.135022309852	0.485354663072
S1212	0.0736800290749	0.327770365502	0.130398654662	0.468150950761
S12120	0.0755927062759	0.322075389141	0.134912001087	0.467419903496
S12129	0.0703586752113	0.322800275493	0.134683304818	0.472157744477
S12137	0.0743636339173	0.315225695778	0.135713606707	0.474697063598
S12140	0.06934013636	0.326018519209	0.134458835266	0.470182509165
S12159	0.0708550519883	0.330365356184	0.132853822384	0.465925769444
S12170	0.0746317458822	0.319407952277	0.135528825576	0.470431476265
S12178	0.0687419707492	0.325903446548	0.13171454933	0.473640033373
S12179	0.0718489811019	0.327854681786	0.131377482635	0.468918854476
S1218	0.0698679727982	0.323224899223	0.135965215658	0.470941912321
S12182	0.0701676738468	0.321075477676	0.133723731157	0.47503311732
S12196	0.0721782554624	0.319503714405	0.137135200056	0.471182830077
S12198	0.0725970804005	0.324255011108	0.134003707355	0.469144201136
S1220	0.0706639191498	0.32672252364	0.136007347851	0.466606209359
S12200	0.0732019190934	0.317764288606	0.133836162643	0.475197629658
S12202	0.0715715096012	0.315473578742	0.135307584672	0.477647326985
S12206	0.0716402951347	0.320687280074	0.138063926943	0.469608497849
S12208	0.0692425629311	0.326313899388	0.136740536557	0.467703001124
S12215	0.0670101872121	0.326608539574	0.135053416609	0.471327856605
S12221	0.0721331161214	0.334391692833	0.130515859092	0.462959331953
S12228	0.070350608155	0.31302395081	0.138688723291	0.477936717743
S12231	0.0721918776775	0.320553333734	0.133079746789	0.474175041799
S12240	0.0656926496448	0.329010373014	0.133119355438	0.472177621904
S12241	0.0673822282935	0.318556815009	0.13612646054	0.477934496157
S12244	0.0697431200641	0.317265562196	0.135050381759	0.477940935981
S12245	0.0730139729098	0.319317910861	0.134201099005	0.473467017225
S12249	0.0707031633393	0.321056234686	0.136770785146	0.471469816829
S12251	0.0693931151812	0.315142930485	0.137155101164	0.478308853169
S12261	0.0670704197491	0.317682236991	0.133950601239	0.481296742021
S12264	0.0690019039584	0.32906576237	0.134310978641	0.46762135503
S12265	0.0730469323884	0.319757533098	0.138606002458	0.468589532055
S12271	0.0755839584848	0.31625476387	0.137269260755	0.470892016891
S12276	0.0676470126949	0.332227766275	0.13199600669	0.46812921434
S12278	0.0715512447358	0.321723304012	0.135129767713	0.471595683539
S12279	0.0726435418156	0.321964018184	0.13699697374	0.468395466261
S12282	0.073193915561	0.313929250493	0.135328143244	0.477548690701
S12285	0.0690979394077	0.320922535893	0.13455768473	0.47542183997
S12291	0.0727145500788	0.320780943127	0.133603530709	0.472900976085
S12294	0.0743733866021	0.317563583185	0.136151366074	0.471911664139
S12308	0.0728542585141	0.321541425273	0.136156310162	0.46944800605
S12335	0.0720527269114	0.31255310369	0.14044436279	0.474949806608
S12344	0.071324090557	0.3253437721	0.135116903358	0.468215233984
S12347	0.0707086838085	0.318110619896	0.135180149139	0.476000547157
S12348	0.0687037363716	0.325931865061	0.135630865469	0.469733533098
S12354	0.0703087096277	0.330036820687	0.128553531879	0.471100937806
S1236	0.072238033037	0.324206150959	0.135904629946	0.467651186058
S12365	0.0692455498445	0.320118318732	0.136712410519	0.473923720904
S12366	0.0749882271944	0.317858593609	0.134357597427	0.472795581769
S12374	0.0742774089409	0.322790988117	0.135486401819	0.467445201123
S12385	0.0740691997399	0.31713639322	0.137650993499	0.471143413541
S1239	0.0755378077461	0.312974116968	0.13741446126	0.474073614026
S12391	0.0723808545115	0.32668404786	0.133866962354	0.467068135274
S12394	0.0740425536194	0.315471539112	0.135722473833	0.474763433435
S12406	0.0740809272967	0.322212500038	0.135296671819	0.468409900846
S1241	0.074265160049	0.315395634831	0.135469683012	0.474869522108
S12410	0.0661860653946	0.320197745464	0.132525139667	0.481091049474
S12417	0.0739501361068	0.315490266746	0.136321314413	0.474238282734
S12419	0.0758835394831	0.316697412705	0.139430491914	0.467988555897
S12428	0.0701583586545	0.323593900208	0.134858072525	0.471389668612
S12431	0.0754315130994	0.320271427564	0.134226747302	0.470070312035
S12432	0.0693537352581	0.328222820207	0.136030024667	0.466393419867
S12436	0.0706483264014	0.328003747303	0.13577525355	0.465572672746
S12437	0.0745329691234	0.317133654651	0.138140313288	0.470193062937
S12439	0.0716859340198	0.315234910706	0.139349606877	0.473729548397
S12440	0.0713940790515	0.321515741281	0.134598641006	0.472491538662
S12441	0.06950204503	0.317040337358	0.137996218039	0.475461399573
S12447	0.0760609161041	0.3142447926	0.136309723854	0.473384567441
S12450	0.0762672587887	0.313285783082	0.137686511179	0.472760446951
S12452	0.0679079138993	0.321820584924	0.134548406036	0.475723095141
S1246	0.0697714968537	0.325925154818	0.134138864406	0.470164483923
S12463	0.0689534002274	0.330148639663	0.131933215207	0.468964744902
S12464	0.0673528200661	0.329190665742	0.13357637744	0.469880136752
S12488	0.062560523387	0.325246315212	0.134639466432	0.477553694969
S12489	0.074568609187	0.317175289255	0.133986625855	0.474269475703
S12496	0.0680150640498	0.323720981236	0.13604218506	0.472221769654
S12500	0.0709236251849	0.321284500151	0.136085469452	0.471706405212
S12501	0.0684123550661	0.327907971388	0.132537708133	0.471141965413
S1251	0.0724589513797	0.319804787691	0.136537867369	0.47119839356
S12516	0.0695374049105	0.322251089919	0.137967891281	0.47024361389
S1252	0.0719373460841	0.322539885529	0.136626346914	0.468896421473
S12524	0.0718965729584	0.326196461597	0.135852822627	0.466054142817
S12527	0.0718208044093	0.317655140061	0.13350538443	0.477018671099
S12535	0.0775457460278	0.30638721142	0.141079262749	0.474987779803
S12540	0.072723103654	0.317859747496	0.134064876724	0.475352272126
S12548	0.0701392638859	0.321407892845	0.135325509025	0.473127334244
S12556	0.0743970045151	0.315301002655	0.137222903577	0.473079089253
S12563	0.0733489680277	0.319078208524	0.136758408267	0.470814415182
S12568	0.0683506804905	0.324656621349	0.136967179221	0.470025518939
S12569	0.0699111041997	0.321082915803	0.134703529057	0.474302450941
S12570	0.072223663439	0.319055744976	0.137341176972	0.471379414613
S12577	0.0735363854843	0.320057708881	0.135992012963	0.470413892671
S12582	0.0727858930778	0.31187721189	0.140968508659	0.474368386373
S12583	0.072969355453	0.325617953479	0.134397238828	0.46701545224
S12585	0.0715518596012	0.325646030285	0.133934788655	0.468867321459
S12590	0.0667214092376	0.327043329655	0.13430902081	0.471926240297
S12596	0.0711800615504	0.317440101738	0.13573430911	0.475645527602
S12597	0.0717703152471	0.31870951688	0.137474526795	0.472045641078
S12604	0.0706292019972	0.319286534012	0.133801596035	0.476282667956
S12605	0.0718140803902	0.322952095853	0.13358681894	0.471647004817
S12608	0.0711002198644	0.317594014317	0.137332852077	0.473972913742
S12617	0.0703207653589	0.329567808475	0.134229913568	0.465881512598
S12618	0.067988073553	0.332925741379	0.133081014781	0.466005170287
S12624	0.0710560513046	0.321806079252	0.132965678178	0.474172191266
S12628	0.0693131550143	0.325695700021	0.13366518476	0.471325960205
S12637	0.070217320681	0.326364076969	0.134358499242	0.469060103108
S12655	0.0703224654741	0.325472023171	0.134763090031	0.469442421324
S12658	0.0757297051223	0.31392397187	0.138010663545	0.472335659462
S1266	0.0703083185756	0.328260765242	0.132507970168	0.468922946015
S12665	0.0693510459103	0.326709586527	0.129649295889	0.474290071673
S12666	0.070630770094	0.32320025605	0.133398456436	0.47277051742
S12667	0.07015722997	0.323674906346	0.132898433048	0.473269430636
S12675	0.0693211148303	0.32037017567	0.132111626207	0.478197083293
S12682	0.0706104958143	0.317454212892	0.135162065262	0.476773226031
S12691	0.0730690821758	0.317400254743	0.135699604979	0.473831058102
S12704	0.0725811923373	0.319837346357	0.137535714985	0.470045746321
S12706	0.0693989243616	0.325053036096	0.133351605147	0.472196434395
S12707	0.0709912043818	0.328883726625	0.133878015386	0.466247053607
S12721	0.0684506868574	0.332107991545	0.130367516756	0.469073804842
S12722	0.0746154933491	0.314841205651	0.134951770929	0.475591530071
S12731	0.0731949020203	0.309847895023	0.137054156804	0.479903046153
S12734	0.0662227119509	0.328318205314	0.132770637013	0.472688445722
S12735	0.0694505703874	0.322815483549	0.13861727546	0.469116670603
S12736	0.0776745734669	0.306237982677	0.138994250779	0.477093193077
S12742	0.0744086005361	0.320622715691	0.136222103048	0.468746580724
S12754	0.0713391871596	0.320356058846	0.131648677197	0.476656076798
S12760	0.0711576771894	0.322877769324	0.131465046425	0.474499507062
S12773	0.070876736988	0.313334433546	0.13930209749	0.476486731976
S12775	0.0715885747025	0.321737168773	0.134370843261	0.472303413264
S12776	0.0841826711913	0.302942916504	0.140560526014	0.47231388629
S12779	0.0692482993191	0.325727396051	0.135412759392	0.469611545238
S12781	0.0710783479032	0.322743248219	0.138146895826	0.468031508052
S12785	0.0722749429156	0.328844812272	0.131897673555	0.466982571257
S12790	0.0672150135851	0.322345484389	0.136755051014	0.473684451011
S12794	0.0725013870159	0.325631613165	0.134146865471	0.467720134348
S12796	0.0737991974451	0.31219944999	0.134898879951	0.479102472614
S12798	0.0639817421663	0.332458183429	0.13262234045	0.470937733955
S128	0.0634057476438	0.349907577916	0.127723603969	0.458963070471
