	Neutrophils	Lymphocyte	Monocytes	Other
S10001	0.0771886314034	0.365058969171	0.113693423369	0.444058976056
S10006	0.0735904637405	0.376849134009	0.116573105917	0.432987296333
S1001	0.0800488936344	0.378013698603	0.11638069254	0.425556715223
S10010	0.0842207560342	0.3622509736	0.124553849229	0.428974421137
S10011	0.0745788147797	0.366140016971	0.12224936532	0.43703180293
S10014	0.0791251174566	0.366292495842	0.116472658833	0.438109727868
S10026	0.0789850872424	0.374253062749	0.120213620532	0.426548229477
S10032	0.0757568839487	0.367840830104	0.121500440122	0.434901845826
S10036	0.0735495192182	0.375634178249	0.120448496208	0.430367806325
S10042	0.0774905071197	0.380218112219	0.117949595005	0.424341785657
S10044	0.080959367074	0.376492947675	0.117893800017	0.424653885234
S10049	0.0734909980217	0.373828650609	0.116731096561	0.435949254808
S10057	0.0724937548588	0.368052908266	0.11296493967	0.446488397205
S10062	0.0782016761665	0.370272290523	0.118026618103	0.433499415208
S10066	0.0807955520258	0.352762141105	0.122299110402	0.444143196467
S10067	0.0679351806553	0.389615366605	0.114001606867	0.428447845873
S1007	0.0705238212608	0.373999803853	0.11502453092	0.440451843966
S10073	0.0762113324486	0.381904721659	0.114675833089	0.427208112803
S10077	0.0777553889568	0.363937912224	0.115040270312	0.443266428507
S10080	0.073831441148	0.372402220014	0.122166927379	0.43159941146
S10082	0.0768968383989	0.368540196635	0.118623700089	0.435939264877
S10087	0.0745687444813	0.370003034211	0.113684629639	0.441743591668
S10089	0.0711984681068	0.368163219257	0.111670716383	0.448967596253
S1009	0.0742648784892	0.378416587948	0.11500516146	0.432313372103
S10090	0.0737892544362	0.36523098249	0.11577455374	0.445205209334
S10093	0.0733958195833	0.354629444516	0.123571245727	0.448403490174
S10094	0.0749749756839	0.374496391474	0.119071628796	0.431457004046
S1010	0.0687174702368	0.370687877167	0.114748739991	0.445845912605
S10111	0.0730027452973	0.381580216562	0.114958023653	0.430459014488
S10116	0.0657236939299	0.381798491505	0.114360659053	0.438117155512
S10119	0.0738354930094	0.371139334359	0.1196394045	0.435385768132
S10121	0.075775588756	0.376623186072	0.114230827061	0.433370398111
S10130	0.0779780921242	0.36725829047	0.119601244178	0.435162373228
S10140	0.0770933262325	0.371151767601	0.119980808815	0.431774097351
S10142	0.0710872655022	0.392347494918	0.113822605527	0.422742634053
S10150	0.0812159643294	0.37211749737	0.12388893957	0.422777598731
S10155	0.0727373714648	0.374936106106	0.116425064415	0.435901458015
S1016	0.0724358245053	0.371921823957	0.122738388419	0.432903963119
S10163	0.0783186918805	0.369786913231	0.118190562352	0.433703832536
S10167	0.0774545289647	0.379029058504	0.114853772073	0.428662640458
S10168	0.068108174228	0.386920912042	0.11751453931	0.42745637442
S10173	0.0770512374833	0.381871387492	0.11892357841	0.422153796615
S10175	0.0738500808263	0.375345461396	0.115857370329	0.434947087449
S10179	0.0736907204008	0.383671791677	0.116049114808	0.426588373114
S10186	0.0658826680058	0.388309121922	0.116182301031	0.42962590904
S1019	0.0687485419838	0.381641637351	0.11615646074	0.433453359925
S10190	0.0745735519459	0.371308298058	0.119741495113	0.434376654883
S10195	0.0757804717082	0.373349454659	0.117669394533	0.4332006791
S10196	0.0770485167756	0.37398062445	0.116343791424	0.43262706735
S10200	0.0799213526778	0.376437598008	0.119706382043	0.423934667271
S10201	0.0804450717241	0.366332827357	0.116786221587	0.436435879332
S10202	0.0749017830541	0.374825390233	0.118131759392	0.432141067321
S10205	0.0728670977147	0.384470650777	0.111344753877	0.431317497631
S10211	0.0743147318979	0.373218960811	0.117493151286	0.434973156005
S10221	0.0752342798199	0.376511506018	0.120624475006	0.427629739156
S10222	0.0799473913843	0.356355769189	0.118383553342	0.445313286085
S10226	0.075738153586	0.366708479013	0.119103407929	0.438449959472
S10227	0.0725898565988	0.362288361509	0.123930838649	0.441190943243
S10228	0.0786477124485	0.373807864865	0.116810411161	0.430734011526
S10232	0.0714619743166	0.38513137203	0.118692919695	0.424713733958
S10248	0.0758636522729	0.371449852295	0.119807162815	0.432879332617
S10249	0.0815279249805	0.349962343081	0.12378021829	0.444729513649
S1025	0.0750651702355	0.38321461141	0.111773826825	0.429946391529
S10266	0.0800234843254	0.361413582101	0.116793794778	0.441769138796
S10269	0.0759593455539	0.369387283283	0.116417638265	0.438235732898
S10272	0.0756098297899	0.36638754025	0.117446596825	0.440556033135
S10273	0.0773398705673	0.373801330481	0.117606397224	0.431252401728
S10274	0.0745413609396	0.374225506512	0.115451177406	0.435781955143
S1028	0.0748399482406	0.370365204368	0.121668379524	0.433126467867
S10280	0.0791486760314	0.376223404904	0.11339305736	0.431234861705
S10283	0.066063826583	0.388749635652	0.11705434711	0.428132190655
S1029	0.0739489679563	0.379192992533	0.115842931976	0.431015107535
S10292	0.0696591637713	0.381520114244	0.113246151131	0.435574570854
S10294	0.0730495717302	0.387242308395	0.11732334179	0.422384778085
S10302	0.0770171547738	0.369163239966	0.116848229381	0.436971375879
S10303	0.072733818933	0.381547861665	0.120069636952	0.42564868245
S10323	0.0744581565517	0.37058055437	0.115099341434	0.439861947644
S10326	0.0766415271793	0.377617765999	0.112440056542	0.43330065028
S10328	0.0762240083431	0.388070923164	0.11010590119	0.425599167302
S10329	0.0762458753862	0.383957857927	0.111075143057	0.428721123629
S10336	0.0749842588623	0.382126959599	0.113120840565	0.429767940974
S10340	0.0769448255479	0.377355003066	0.114206227959	0.431493943428
S10347	0.0733127355216	0.370551916088	0.112478257333	0.443657091057
S10353	0.0711174040464	0.370821892785	0.115920662803	0.442140040366
S10356	0.0729398624332	0.370941248721	0.115067264065	0.44105162478
S10358	0.0770854593141	0.367798788298	0.112746093226	0.442369659163
S10365	0.0742907448212	0.364311651005	0.12300012576	0.438397478414
S1037	0.0761333060963	0.390564508674	0.109309799146	0.423992386084
S10373	0.0721225028011	0.374426786733	0.115139424591	0.438311285875
S10374	0.0708385127819	0.356239749549	0.115929511315	0.456992226354
S10375	0.0786055305622	0.38490495108	0.120133456729	0.416356061628
S10377	0.0685238651109	0.368692834282	0.120421483306	0.442361817301
S10378	0.071320221897	0.38793651001	0.114784992821	0.425958275273
S10390	0.0718561124847	0.359270151136	0.114230331842	0.454643404537
S10391	0.0727720111458	0.363987910882	0.111579837626	0.451660240347
S10393	0.072763242417	0.388080284595	0.114437724947	0.424718748041
S10400	0.0767752816663	0.365177801052	0.123433949079	0.434612968202
S10401	0.0739095851125	0.371520800169	0.114899813611	0.439669801108
S10406	0.0765177166648	0.355748352617	0.120445721438	0.44728820928
S10408	0.0831286462636	0.370190241327	0.114832313251	0.431848799158
S10409	0.0705813498617	0.382989573712	0.11809930266	0.428329773766
S10418	0.0721188704057	0.349161091061	0.113905077409	0.464814961124
S10431	0.0767585447023	0.370649347573	0.119723329908	0.432868777817
S10438	0.0734946580667	0.370915058987	0.119594529479	0.435995753466
S10439	0.0784251350767	0.372864744425	0.123036227547	0.425673892951
S10441	0.0772646932756	0.37635157185	0.118787934618	0.427595800256
S10442	0.0793664354674	0.373830009042	0.119759085784	0.427044469707
S1046	0.0792264227687	0.366962486627	0.118776562508	0.435034528095
S10478	0.0848246169663	0.348035790297	0.123163245288	0.443976347448
S10480	0.0649486532833	0.388822040183	0.109983044276	0.436246262258
S10484	0.0744026748995	0.369917864851	0.118665104069	0.43701435618
S10492	0.0742112937144	0.376552463973	0.118029128872	0.43120711344
S10496	0.0768130444617	0.389402233696	0.111389978717	0.422394743126
S10510	0.0773240584834	0.368389831064	0.120304114487	0.433981995965
S10513	0.0780656441606	0.37073425354	0.122963484028	0.428236618272
S10516	0.0740629659839	0.374949404447	0.113175344932	0.437812284638
S10534	0.0754627981892	0.372035917976	0.118252645478	0.434248638357
S10535	0.0770014975154	0.374160670472	0.115880017213	0.4329578148
S10537	0.0766435787125	0.38083427972	0.120500900023	0.422021241545
S1054	0.0733986063813	0.368539689129	0.116759634258	0.441302070232
S10543	0.0771381610634	0.383888042385	0.113041648706	0.425932147846
S10546	0.0747672089731	0.381069649471	0.113533814324	0.430629327232
S1055	0.0793825169436	0.363941082882	0.120037257578	0.436639142596
S10551	0.0712530276578	0.364011707878	0.115956266144	0.44877899832
S10552	0.078705374822	0.369437131424	0.112357942574	0.43949955118
S10555	0.0726890486809	0.394843166204	0.115677349335	0.416790435781
S10559	0.0745654030206	0.37121807275	0.116842451857	0.437374072372
S1056	0.0752757246036	0.373160393863	0.117672267929	0.433891613605
S10563	0.0746543319417	0.368305514575	0.118328900146	0.438711253337
S10574	0.0766872635431	0.380731133244	0.114640019707	0.427941583506
S10576	0.0818035041828	0.363390576292	0.118890883173	0.435915036352
S10578	0.0763587415622	0.372122636776	0.121234805408	0.430283816254
S10579	0.075663810601	0.374188091008	0.115178770732	0.434969327659
S10582	0.0742479567431	0.378349727073	0.116009198225	0.431393117958
S1059	0.0711850474283	0.379763233897	0.116101449068	0.432950269606
S10599	0.0825605366237	0.361693925618	0.123162804253	0.432582733505
S10611	0.0719576644332	0.367090072922	0.118639728985	0.442312533659
S10614	0.0791638187443	0.368046549236	0.121531119404	0.431258512616
S10624	0.0724657939538	0.362208494394	0.112722340753	0.4526033709
S10632	0.0728080395772	0.36575969639	0.114786620326	0.446645643707
S10634	0.0706421850048	0.382849401615	0.112814599554	0.433693813826
S10638	0.0803122013462	0.364148968202	0.115756181018	0.439782649434
S10644	0.0740178125933	0.385412389935	0.114336807277	0.426232990195
S10649	0.0796422505418	0.368352341211	0.118399205537	0.433606202711
S10652	0.0736341503112	0.373558786353	0.118657415574	0.434149647761
S10654	0.0729364542366	0.393834260509	0.110813683904	0.42241560135
S10655	0.076125736252	0.374380698636	0.122738808217	0.426754756896
S10656	0.0722349998219	0.397553982679	0.114138623809	0.416072393691
S10657	0.0781257794778	0.370915990704	0.115167840599	0.435790389218
S10658	0.0821307253249	0.386107122652	0.116693111619	0.415069040404
S10660	0.064371242684	0.374439004878	0.116078136225	0.445111616214
S10661	0.0802918110695	0.376908382842	0.113166807059	0.429632999029
S10676	0.0760400504035	0.365473332136	0.115623000643	0.442863616817
S1068	0.0762406146625	0.376771447855	0.112569975838	0.434417961645
S10681	0.0749633475789	0.369447993752	0.120167639238	0.435421019431
S10686	0.0802609641306	0.362848792488	0.116002025973	0.440888217408
S10688	0.0768435093608	0.381371368347	0.110826102265	0.430959020027
S10690	0.0708035566219	0.380797537175	0.111562333197	0.436836573006
S10698	0.0718877685556	0.379390427826	0.118323096602	0.430398707016
S107	0.0751963735768	0.378531142165	0.119922169499	0.426350314759
S10703	0.0664008503325	0.388035353987	0.117976843442	0.427586952238
S10726	0.07127829785	0.376522149577	0.117689473747	0.434510078826
S10729	0.0780688708461	0.366008083579	0.113890756706	0.442032288869
S10733	0.0757181849276	0.376664427445	0.118482372108	0.429135015519
S10734	0.0699764192268	0.376982604986	0.120301538627	0.43273943716
S10735	0.0802283000928	0.368833652798	0.118833855067	0.432104192042
S10740	0.0815924749412	0.351967224154	0.123306829572	0.443133471332
S10745	0.0801102224358	0.374223690373	0.118058252968	0.427607834223
S10748	0.075873968532	0.369500168146	0.11628742545	0.438338437872
S10753	0.0841800106461	0.368094338877	0.120548417477	0.427177233
S10756	0.0760267431565	0.376782977893	0.117860887173	0.429329391778
S10757	0.0711986174485	0.390486194981	0.111858517312	0.426456670258
S1076	0.0737971234254	0.376793003207	0.117538615297	0.431871258071
S10764	0.080499770031	0.361146490837	0.11448966564	0.443864073492
S10767	0.0655860397195	0.384486925261	0.114250042058	0.435676992962
S10776	0.0808484338066	0.377686828813	0.117290570676	0.424174166704
S10778	0.0825758597232	0.364726970276	0.120244696466	0.432452473535
S10784	0.0837774662621	0.367335305566	0.118628158215	0.430259069957
S10787	0.0781101983068	0.37628402544	0.117624961849	0.427980814404
S10800	0.077619174727	0.377539378086	0.11909192935	0.425749517836
S10805	0.076688736014	0.371105975781	0.116270754758	0.435934533447
S10813	0.0715885235354	0.379305123298	0.115506503041	0.433599850126
S10814	0.0726057043716	0.364074843826	0.114814797754	0.448504654048
S10815	0.072404975927	0.382910724023	0.112346994345	0.432337305705
S10817	0.0755657872111	0.380315430822	0.111511029677	0.432607752289
S1083	0.0729451512159	0.381226021303	0.112181426196	0.433647401285
S10835	0.0725716535157	0.357037777314	0.123561371793	0.446829197378
S10838	0.076282940858	0.376324129383	0.121677011537	0.425715918222
S10844	0.0736893155918	0.374356445643	0.116609440081	0.435344798684
S10845	0.0713336968866	0.377315069775	0.116777264806	0.434573968533
S10846	0.0655466657622	0.387874219132	0.113469860369	0.433109254737
S10853	0.0813697397623	0.350651135011	0.120714240868	0.447264884359
S10854	0.0692221793802	0.375827319724	0.115974346724	0.438976154172
S10865	0.0730524787816	0.381819023084	0.113654627619	0.431473870515
S10866	0.076494304089	0.379829181865	0.118445526002	0.425230988044
S10869	0.080181753773	0.363465649042	0.121607955324	0.434744641861
S10873	0.0746736389647	0.371952861465	0.116469612349	0.436903887221
S10876	0.0738840979318	0.370352635637	0.120092647096	0.435670619335
S10883	0.0748188946926	0.364737115231	0.120346510215	0.440097479862
S10885	0.0785539703127	0.363656730452	0.12200023792	0.435789061316
S10893	0.0750372189458	0.372694867389	0.119388540636	0.432879373029
S10895	0.0765082274841	0.37225326459	0.120642126982	0.430596380944
S10902	0.0746113796676	0.370092636465	0.114993006598	0.440302977269
S10903	0.0746567669285	0.374044384614	0.120184187543	0.431114660914
S1092	0.0778370049755	0.36902781093	0.122328844358	0.430806339737
S10925	0.0726425645305	0.370690220869	0.116031292895	0.440635921706
S10927	0.0790034488275	0.372500681439	0.117752079683	0.430743790051
S10936	0.0675688235901	0.390025665415	0.11514985922	0.427255651775
S10945	0.084169471785	0.369455347093	0.123182696327	0.423192484795
S10947	0.0720211699355	0.365582036224	0.11737037202	0.44502642182
S10949	0.0752632404433	0.37677384095	0.116453928667	0.43150898994
S1095	0.0772432961868	0.363326381259	0.114134139509	0.445296183046
S10961	0.0782235815869	0.368469646324	0.118913880278	0.434392891812
S10969	0.0743921328551	0.383637614308	0.114341496985	0.427628755852
S10972	0.0725011083959	0.381917377166	0.120753837948	0.424827676491
S10973	0.0783895016056	0.366502010468	0.119598648677	0.43550983925
S10978	0.077902121781	0.38178297692	0.116810988181	0.423503913118
S10979	0.0710215212713	0.373627611645	0.115653687475	0.439697179608
S10986	0.0775873549584	0.361316255257	0.124421092297	0.436675297488
S10989	0.0779729670963	0.375523541355	0.118231489294	0.428272002254
S10995	0.0769945761096	0.373087718518	0.118533461578	0.431384243795
S11005	0.0711981336628	0.380524215706	0.118332045986	0.429945604645
S11008	0.0754786178143	0.375554596383	0.115289534341	0.433677251462
S11010	0.0708306440542	0.372625884909	0.116232674515	0.440310796522
S11013	0.0804763591885	0.372040142186	0.118589505205	0.428893993421
S11016	0.0770631681287	0.379210875092	0.118131389354	0.425594567426
S11017	0.0704940956374	0.379140941613	0.122562529411	0.427802433339
S11020	0.0715510549033	0.380831926828	0.119934927495	0.427682090773
S11027	0.0817228368763	0.3670187905	0.118726296254	0.43253207637
S11035	0.0774880176504	0.368015003309	0.117899464575	0.436597514466
S11041	0.0746553445007	0.376355194576	0.117987764577	0.431001696347
S1106	0.0747798029352	0.373331343181	0.1166174444	0.435271409484
S11071	0.0677845840289	0.397290966571	0.115315558527	0.419608890874
S11076	0.0757762500236	0.375092107703	0.111513674448	0.437617967825
S11078	0.079465886305	0.371375326432	0.119542286993	0.42961650027
S11081	0.0736489447427	0.379618124223	0.113666784496	0.433066146539
S11086	0.0767770476982	0.375841516328	0.115468954428	0.431912481546
S1109	0.0825734221561	0.368507811922	0.12178065032	0.427138115603
S11096	0.0844484567694	0.363120128556	0.124375163	0.428056251675
S11100	0.0769719333314	0.358776144013	0.112904434387	0.451347488268
S11107	0.0817029522624	0.360932775929	0.121505449397	0.435858822412
S11109	0.0772574665011	0.364191432671	0.117684909979	0.440866190849
S1111	0.0696803409846	0.372993739724	0.116986006367	0.440339912925
S11119	0.0770211878499	0.373030600595	0.115130636468	0.434817575087
S11127	0.0787939904315	0.374832367048	0.119736563197	0.426637079324
S11136	0.0717512427814	0.369854498224	0.120836027861	0.437558231134
S11147	0.0801664091865	0.368042516562	0.118611466845	0.433179607407
S11150	0.0799997100248	0.370410879854	0.114301574532	0.43528783559
S11152	0.0723609813562	0.370381451982	0.116479716094	0.440777850567
S1116	0.0684093642716	0.383774701348	0.116700569097	0.431115365283
S11163	0.0730489672921	0.380529618616	0.109165964246	0.437255449846
S11164	0.073802919613	0.366392082558	0.123695572123	0.436109425706
S11166	0.0631949407597	0.367653804366	0.109651413178	0.459499841696
S11173	0.0768982778827	0.374584770196	0.117828993886	0.430687958036
S11174	0.0724736987171	0.375140124378	0.11924446978	0.433141707125
S11182	0.0788766585584	0.379198211176	0.116356015979	0.425569114286
S11188	0.0752816450327	0.379183156413	0.115694674162	0.429840524393
S11189	0.079649800687	0.377729372001	0.113401838281	0.429218989031
S1119	0.0704268509535	0.381861207713	0.114203180018	0.433508761315
S11195	0.0672588816981	0.387315374478	0.117476798132	0.427948945692
S11197	0.0702492374774	0.370966564858	0.112675746862	0.446108450802
S11198	0.0770575560322	0.368062871597	0.116779871057	0.438099701314
S11211	0.0766615637657	0.366602661454	0.120032435076	0.436703339704
S11214	0.0776599684939	0.373148964087	0.117517681085	0.431673386334
S11216	0.0749895555717	0.372327158925	0.120820272683	0.43186301282
S11224	0.0799617811175	0.378948599148	0.115857746512	0.425231873223
S11236	0.0787423294582	0.374264282013	0.120558172302	0.426435216227
S11241	0.0757979997399	0.373903458	0.116866529116	0.433432013145
S11243	0.075172446391	0.373275633964	0.118028035165	0.43352388448
S11245	0.0744064209867	0.366676550283	0.118224900564	0.440692128167
S11249	0.0745474170053	0.368573346082	0.117292718273	0.439586518639
S11274	0.0675152438408	0.366727780858	0.111170714723	0.454586260578
S11280	0.0720872203922	0.375804187468	0.117829726745	0.434278865394
S11281	0.073489497558	0.37674122959	0.118546250782	0.431223022069
S11285	0.0716205693662	0.367060034081	0.115947870005	0.445371526548
S11298	0.0733091310935	0.372778716321	0.117267667842	0.436644484743
S11311	0.0798435441518	0.371955642877	0.121150627845	0.427050185127
S11312	0.0735356830362	0.365572991784	0.12055064429	0.440340680889
S11316	0.0747414648484	0.377664544747	0.121606396995	0.42598759341
S1133	0.0707740239641	0.363489642189	0.114860295287	0.45087603856
S11330	0.0734705350232	0.392968775465	0.116655923732	0.416904765781
S11332	0.0681279082049	0.390956034466	0.108612489917	0.432303567412
S11334	0.0747126773919	0.377123865356	0.12044978403	0.427713673222
S11335	0.0785353701803	0.365082449299	0.11644694957	0.439935230951
S11345	0.0735405678327	0.367805541886	0.109969334715	0.448684555567
S11349	0.0724917270176	0.38355042888	0.11913189271	0.424825951392
S1135	0.0742076215345	0.364072234534	0.114260653214	0.447459490717
S11352	0.0773793289557	0.358953807538	0.12198352291	0.441683340596
S11353	0.0798657373182	0.373174207957	0.116667621612	0.430292433112
S11368	0.0748850851053	0.378912048681	0.12029598694	0.425906879274
S11369	0.0729329846604	0.373573297997	0.11579301439	0.437700702952
S11371	0.0729347521375	0.387278730068	0.111946712503	0.427839805291
S11377	0.0739187531087	0.361813886915	0.124353089056	0.43991427092
S11378	0.0706626940482	0.378639130302	0.1195951631	0.43110301255
S11383	0.0736075759812	0.388393697269	0.113526510582	0.424472216167
S11384	0.0698975543146	0.389544545107	0.11587913014	0.424678770438
S11392	0.0722489911674	0.375184818085	0.115811687131	0.436754503617
S1140	0.0741848099484	0.366530897368	0.119064078064	0.44022021462
S11410	0.0769776739543	0.368713560857	0.114607213143	0.439701552046
S11411	0.0723263035395	0.386170234652	0.113593586354	0.427909875454
S11414	0.0760650282045	0.370066579696	0.114010706297	0.439857685803
S11419	0.0768440581903	0.36964154619	0.11811774308	0.43539665254
S11424	0.0791753457959	0.366438058172	0.119304762774	0.435081833258
S11425	0.0796920262521	0.371716162029	0.114237612621	0.434354199099
S11433	0.0796889775167	0.373721618616	0.115380516212	0.431208887655
S11434	0.0787517141028	0.374356700611	0.116042041606	0.43084954368
S11436	0.082158654157	0.364993375952	0.120825106287	0.432022863604
S11437	0.0760562030257	0.37935855604	0.11537380953	0.429211431404
S11440	0.0809072829257	0.366865805564	0.11803461148	0.43419230003
S11449	0.0660856689124	0.388897265058	0.118490761479	0.42652630455
S11459	0.0726925839182	0.378556876755	0.114259453442	0.434491085885
S11477	0.0771905823818	0.373801858206	0.120836014585	0.428171544827
S11480	0.0794628448158	0.367051255504	0.118737442624	0.434748457056
S11486	0.0765544982208	0.365794400132	0.116136793408	0.441514308239
S11501	0.0709685748882	0.367283236755	0.119572264727	0.44217592363
S11504	0.0675427864584	0.381922707826	0.113543953148	0.436990552568
S11507	0.0701515723179	0.383179141558	0.114418538963	0.432250747162
S11518	0.0696449939056	0.372868186973	0.122074254965	0.435412564156
S11525	0.0713002080438	0.374774549171	0.11436543039	0.439559812396
S11531	0.0762997158681	0.369344582314	0.11767177997	0.436683921848
S11532	0.070654645605	0.380019535579	0.110096936055	0.439228882761
S1154	0.0755468965149	0.379247636873	0.119081967731	0.426123498881
S11542	0.0777796261277	0.35820957268	0.116201939999	0.447808861194
S11543	0.0770992075748	0.370070299859	0.118436472738	0.434394019827
S11546	0.0774693200088	0.366308306365	0.123303614378	0.432918759248
S1155	0.0783800840595	0.358108430127	0.116787115395	0.446724370419
S1156	0.0640769648156	0.401974867329	0.114506778021	0.419441389834
S11568	0.0807851007101	0.367349543845	0.11709834678	0.434767008665
S11576	0.0720975392949	0.386772960553	0.115770949155	0.425358550997
S11584	0.0807056274339	0.365658073066	0.120330865423	0.433305434077
S11586	0.079106510958	0.372397925519	0.117039006475	0.431456557047
S11590	0.0826602401381	0.373460290817	0.116916337163	0.426963131881
S11592	0.0697318489636	0.373433854842	0.115336801903	0.441497494291
S11593	0.0773047016209	0.377857972669	0.119415896201	0.425421429509
S11599	0.0762507470331	0.357470868764	0.115839603354	0.450438780849
S1160	0.0701409319035	0.37504460674	0.111567229035	0.443247232321
S11610	0.0714168696458	0.365390286091	0.121216923851	0.441975920413
S11615	0.0714345802908	0.382310581627	0.119820399849	0.426434438233
S11629	0.0755756236075	0.382962567772	0.117675703747	0.423786104874
S11631	0.0630348164418	0.381310049463	0.124415269961	0.431239864135
S1164	0.0768689232935	0.375647091289	0.118454414121	0.429029571297
S11642	0.0771226325864	0.36606371219	0.117987674105	0.438825981118
S11656	0.0695188470376	0.357476830484	0.118055805433	0.454948517045
S11663	0.0730468040391	0.383960943546	0.112724253895	0.43026799852
S11667	0.0732218621541	0.378202540177	0.119154160657	0.429421437013
S11668	0.0750883099615	0.377345214889	0.116763610215	0.430802864934
S1167	0.07344895751	0.382828440091	0.11132014758	0.432402454819
S11673	0.0692822267377	0.365249017792	0.114010191632	0.451458563839
S11682	0.0793655394877	0.375309037238	0.116243003478	0.429082419796
S11693	0.0714522386238	0.3765927421	0.118314080774	0.433640938503
S11696	0.0774035414287	0.373100807465	0.115735344108	0.433760306998
S11699	0.073294697473	0.390739499498	0.114838638146	0.421127164883
S117	0.070212364838	0.360022718596	0.114740345609	0.455024570957
S1170	0.0753514087839	0.383296197767	0.116631767146	0.424720626303
S11709	0.0794763005028	0.36121319879	0.117481275169	0.441829225538
S11713	0.057879862585	0.390941379931	0.112646976148	0.438531781336
S11717	0.0735220071152	0.3703085338	0.115476272249	0.440693186836
S1173	0.0746787132438	0.358700862036	0.120855619275	0.445764805445
S11731	0.0801103421827	0.358329283696	0.12156383739	0.439996536732
S11732	0.0771634936001	0.372374615273	0.118758304078	0.431703587049
S11733	0.0746271298594	0.376497146231	0.121801053458	0.427074670451
S11734	0.0770190619143	0.373200125042	0.11661682478	0.433163988263
S11735	0.0787868942821	0.375099321333	0.116734802038	0.429378982347
S11737	0.068221349487	0.378928539246	0.109943262675	0.442906848592
S11745	0.077187189794	0.365108976161	0.121074951113	0.436628882932
S11760	0.0728788640307	0.358566382871	0.118002405718	0.45055234738
S11761	0.0645089415241	0.38103470294	0.116621002705	0.437835352831
S11769	0.0699040810552	0.365662103098	0.122197212854	0.442236602994
S11783	0.075897116031	0.383698911617	0.117224082607	0.423179889746
S11784	0.0772022049336	0.373846267517	0.113263401886	0.435688125664
S11786	0.0746729441542	0.375332260858	0.118765634766	0.431229160222
S11797	0.0744045320548	0.369002197181	0.119993281998	0.436599988766
S11799	0.0745744919509	0.383068785883	0.111746412102	0.430610310064
S118	0.0785182973146	0.37236750848	0.118579633453	0.430534560752
S11800	0.0745868422738	0.383020012001	0.115634520803	0.426758624921
S11802	0.0762794738997	0.3686075038	0.117813958592	0.437299063709
S11806	0.0802121830408	0.351324957114	0.119174042713	0.449288817132
S11807	0.0700786359633	0.3714978001	0.116973768602	0.441449795335
S11810	0.0740099049141	0.378858987317	0.115886769664	0.431244338105
S11811	0.0795356488565	0.372967131681	0.12208634767	0.425410871793
S11812	0.0724080706918	0.364485641088	0.112701916987	0.450404371233
S11820	0.0780998613389	0.370043181056	0.120742954467	0.431114003138
S11822	0.0849028425363	0.363572772954	0.120711168143	0.430813216367
S11823	0.0715348318029	0.37324585401	0.118506234204	0.436713079984
S11826	0.0749417769188	0.3825602045	0.110150851544	0.432347167037
S1183	0.0726707159666	0.36168659499	0.121425826884	0.444216862159
S1184	0.0770871608702	0.375242355344	0.118089833592	0.429580650193
S11842	0.0712964368348	0.376103540215	0.118534329853	0.434065693098
S11843	0.0829265178435	0.376361822914	0.115893378792	0.42481828045
S11844	0.0746412116347	0.377854537459	0.114650957792	0.432853293115
S11850	0.0714610761408	0.374431921766	0.11607725264	0.438029749454
S11853	0.0714243789132	0.383056364088	0.118244709859	0.427274547139
S11857	0.0774286518922	0.368726411668	0.116058539659	0.43778639678
S11858	0.07715654186	0.370324231268	0.114458935722	0.43806029115
S11860	0.0785168183532	0.371345187683	0.117622340661	0.432515653303
S11864	0.0665577582098	0.369089835179	0.112656211857	0.451696194754
S11870	0.0757239490575	0.371931526688	0.118303772989	0.434040751265
S11875	0.0760084298035	0.374457288181	0.108803915474	0.440730366542
S11877	0.0754791382012	0.356315726606	0.111935557148	0.456269578045
S11878	0.0678772857225	0.383351544784	0.119703682553	0.429067486941
S11882	0.0739230271448	0.377575453277	0.114634622451	0.433866897127
S11883	0.0784067343429	0.363063444184	0.118746345929	0.439783475544
S11884	0.0813439881941	0.37789525675	0.115621761476	0.42513899358
S11886	0.0744751038785	0.364775323567	0.118843485313	0.441906087242
S11897	0.0768111084131	0.378364604547	0.119467644528	0.425356642512
S1190	0.0707388129522	0.385064273094	0.116123609403	0.428073304551
S11903	0.0818308317644	0.37578031364	0.121023372252	0.421365482343
S11905	0.0790722927595	0.355454760268	0.120202661432	0.44527028554
S11907	0.0789392091023	0.372752866683	0.11504194874	0.433265975475
S11914	0.0779150574883	0.357320788354	0.122921087282	0.441843066876
S11917	0.07620369386	0.386419199591	0.110569485532	0.426807621017
S11928	0.0672320087642	0.370399504096	0.117889393675	0.444479093464
S11929	0.0748875813093	0.362883256248	0.120017531605	0.442211630837
S1193	0.0644082464176	0.381752783463	0.119429933153	0.434409036966
S11930	0.0707816714951	0.369595905424	0.120384078678	0.439238344403
S11934	0.0759116352727	0.38338048199	0.108803322613	0.431904560124
S11939	0.0744713115279	0.356621936283	0.11591482866	0.452991923529
S11944	0.0759704996054	0.386458736761	0.113685117562	0.423885646072
S11945	0.0695858769523	0.383771350345	0.114874185597	0.431768587106
S11957	0.0814360694246	0.37362855252	0.115624147266	0.429311230789
S11958	0.0785238283858	0.362771830594	0.112801301015	0.445903040005
S1196	0.0771713839698	0.35852153529	0.121219860104	0.443087220636
S11960	0.0704150436462	0.378898014778	0.11203049547	0.438656446105
S11965	0.0731325478835	0.373259692631	0.112536345432	0.441071414054
S11967	0.0841142090856	0.367145330915	0.110128901913	0.438611558086
S1197	0.0753264886597	0.358290453617	0.115618357302	0.450764700422
S11973	0.0782488102536	0.390911549418	0.11686034996	0.413979290368
S11974	0.0772792248713	0.370028636503	0.119752862129	0.432939276497
S11980	0.0792080733767	0.370445192326	0.120737883636	0.429608850662
S11985	0.0798075933156	0.371846724222	0.120310493778	0.428035188684
S11987	0.0827859699776	0.356700786126	0.118919695818	0.441593548078
S11993	0.0778526533465	0.376170185072	0.122140680154	0.423836481428
S12001	0.0758297879705	0.371454714106	0.117327039551	0.435388458373
S12004	0.0696788447854	0.377468654042	0.110972342623	0.441880158549
S12006	0.0716985228402	0.38037062945	0.108413298784	0.439517548926
S12010	0.0696130786254	0.374882835084	0.114019614853	0.441484471437
S12011	0.0786772963014	0.367675657754	0.119623218395	0.43402382755
S12012	0.0795040246083	0.354178363593	0.117240379428	0.449077232371
S12022	0.0697629966192	0.361086632171	0.114324193314	0.454826177897
S12043	0.0726259337382	0.373862269672	0.114981210982	0.438530585607
S12052	0.0733466844007	0.378617819557	0.113199640799	0.434835855244
S12056	0.072564412956	0.374498545376	0.116129036398	0.43680800527
S12057	0.0825816608372	0.362422275844	0.115479145379	0.43951691794
S12058	0.0778235948075	0.361252315897	0.114011709526	0.446912379769
S12061	0.0741807415399	0.374688154867	0.116954369739	0.434176733854
S12064	0.0628029261007	0.385820372925	0.11717043853	0.434206262445
S12073	0.079172090438	0.359960396287	0.118741397623	0.442126115652
S12076	0.0704765084072	0.369719013349	0.114337145386	0.445467332858
S12079	0.077792112841	0.368747263585	0.119478237055	0.433982386519
S12089	0.0727970794558	0.367946399616	0.116433022327	0.442823498601
S12098	0.074784264654	0.373103321098	0.119421747412	0.432690666837
S1210	0.0753829445786	0.386476345807	0.11305265391	0.425088055705
S12101	0.0758883134527	0.356453727769	0.112701301282	0.454956657497
S12105	0.0744756144617	0.383874665786	0.113338269464	0.428311450288
S12106	0.0732996438926	0.360614045672	0.111859336801	0.454226973635
S1212	0.0794197486881	0.377370919647	0.110608992209	0.432600339456
S12120	0.0802011465809	0.374183120355	0.113902338065	0.431713394999
S12129	0.0706158224915	0.380247738819	0.11155844806	0.437577990629
S12137	0.0788362037177	0.3657754124	0.118861046492	0.43652733739
S12140	0.0718871872086	0.384636211573	0.119363511664	0.424113089554
S12159	0.0756522258382	0.381008827944	0.114236581517	0.429102364701
S12170	0.0816692119852	0.3670329204	0.119952466758	0.431345400857
S12178	0.0726864409429	0.37854621703	0.11261672748	0.436150614547
S12179	0.0766976304699	0.372197715577	0.114058206847	0.437046447106
S1218	0.0757206436921	0.372325390013	0.115841775539	0.436112190757
S12182	0.0740068630381	0.372198254549	0.114145773924	0.439649108489
S12196	0.0707366729907	0.373106444511	0.119051353461	0.437105529038
S12198	0.0781889091703	0.372983421889	0.118648289027	0.430179379915
S1220	0.0746520639466	0.383696126475	0.118327328302	0.423324481276
S12200	0.0771051970447	0.36438775714	0.117095863598	0.441411182217
S12202	0.075933579063	0.363689902488	0.118359061862	0.442017456587
S12206	0.0752286993213	0.376350670996	0.119955389265	0.428465240418
S12208	0.0732600983163	0.388105408524	0.118123052879	0.42051144028
S12215	0.0707578239792	0.378560004083	0.115663229976	0.435018941962
S12221	0.0764480621761	0.392498308117	0.108201132723	0.422852496985
S12228	0.0762688486387	0.363924632957	0.121984014685	0.437822503719
S12231	0.0728241259409	0.369132890887	0.116887564077	0.441155419096
S12240	0.0709257628004	0.383311325731	0.115184927203	0.430577984266
S12241	0.0674245737586	0.373977367078	0.115746284636	0.442851774527
S12244	0.0802176618604	0.361420873444	0.114356509115	0.444004955581
S12245	0.0793191291	0.368943213861	0.115703677246	0.436033979793
S12249	0.0751358817063	0.375775078101	0.119737052529	0.429351987664
S12251	0.0694218534149	0.360970043162	0.117254455252	0.452353648171
S12261	0.0716321086811	0.367953384913	0.113826997998	0.446587508408
S12264	0.0737559297891	0.379048271532	0.118405311246	0.428790487433
S12265	0.0766131675671	0.376679880475	0.121083528408	0.42562342355
S12271	0.0811192785889	0.368536873083	0.1191227577	0.431221090627
S12276	0.0718368604292	0.387068664168	0.111011029589	0.430083445813
S12278	0.0729643698382	0.375400317524	0.113339826659	0.438295485979
S12279	0.0776947156492	0.37629360512	0.118348814672	0.427662864559
S12282	0.0808607535544	0.363552705537	0.121941663564	0.433644877345
S12285	0.0747987932326	0.370088454557	0.114295289573	0.440817462637
S12291	0.0754962431098	0.36901874931	0.114952747374	0.440532260206
S12294	0.0776166541074	0.369553310104	0.117782021887	0.435048013902
S12308	0.0697976064638	0.371579017716	0.117539896534	0.441083479286
S12335	0.0706848135817	0.363942995308	0.120635803906	0.444736387204
S12344	0.0747452959985	0.379606488642	0.120242793895	0.425405421465
S12347	0.0735064174978	0.374243987008	0.114971644338	0.437277951156
S12348	0.0718532046398	0.379964203017	0.117428263183	0.43075432916
S12354	0.0753385125619	0.376481414063	0.108881156463	0.439298916912
S1236	0.0716869896754	0.378650811228	0.116237054545	0.433425144551
S12365	0.0666826018512	0.373718103324	0.119495069019	0.440104225806
S12366	0.0823782176732	0.369207281074	0.115590390902	0.432824110351
S12374	0.0796174497509	0.371749086858	0.119508230471	0.42912523292
S12385	0.078911037922	0.364263062001	0.118929393291	0.437896506785
S1239	0.079876866698	0.363266137727	0.119449087742	0.437407907833
S12391	0.0743495025185	0.383260978983	0.115863226171	0.426526292328
S12394	0.0815863745372	0.363224487336	0.118706555783	0.436482582343
S12406	0.0765512387095	0.378382083944	0.119666547104	0.425400130242
S1241	0.0761780850613	0.368927154249	0.119142018571	0.435752742119
S12410	0.0685062792283	0.376893206188	0.109823915312	0.444776599272
S12417	0.0790129712054	0.363057967289	0.118842382377	0.439086679128
S12419	0.0790208515213	0.372106471818	0.123768316509	0.425104360152
S12428	0.075719080409	0.378767446224	0.115202898363	0.430310575004
S12431	0.081950685661	0.367604769564	0.11639010358	0.434054441196
S12432	0.0714678344705	0.3892583831	0.115890183373	0.423383599056
S12436	0.0766171073583	0.378662757707	0.118586803829	0.426133331105
S12437	0.0805392470992	0.359406476943	0.120572863277	0.439481412681
S12439	0.0759582175846	0.368664430694	0.120724965945	0.434652385776
S12440	0.0724405735102	0.369343835512	0.115118030859	0.443097560119
S12441	0.0766182723502	0.360173869242	0.115881742401	0.447326116007
S12447	0.0812039209961	0.360059601043	0.11985385275	0.438882625211
S12450	0.0805008143057	0.360075558677	0.125037994421	0.434385632596
S12452	0.0724840135248	0.369067430404	0.116214369136	0.442234186935
S1246	0.0733964920254	0.382451708368	0.114746343529	0.429405456078
S12463	0.075741663826	0.388031149676	0.113916232117	0.42231095438
S12464	0.0675139110292	0.383654154544	0.113812652694	0.435019281733
S12488	0.0650303318556	0.375793331056	0.113171499814	0.446004837274
S12489	0.0764682929651	0.372234024161	0.11461249366	0.436685189214
S12496	0.0694107398998	0.372713452064	0.120583323909	0.437292484127
S12500	0.0733180879412	0.378743495313	0.111441121481	0.436497295264
S12501	0.0685633529261	0.381249186942	0.115266635848	0.434920824284
S1251	0.0752165423432	0.372355093226	0.12085411616	0.431574248271
S12516	0.073398229591	0.380965971117	0.118158176745	0.427477622546
S1252	0.0746693410223	0.377630790189	0.11770716085	0.429992707939
S12524	0.0755127326404	0.387213988714	0.118256082674	0.419017195972
S12527	0.0768699828653	0.368941090678	0.116305446114	0.437883480342
S12535	0.0838905617333	0.346709785923	0.123398758987	0.446000893356
S12540	0.0770936345668	0.366764198187	0.115059855913	0.441082311333
S12548	0.072288204566	0.373235522342	0.113964107954	0.440512165138
S12556	0.0793187269647	0.363399188084	0.120331944029	0.436950140923
S12563	0.0782157094863	0.372530920144	0.117687739092	0.431565631277
S12568	0.0737979935146	0.371378532024	0.121273309293	0.433550165168
S12569	0.076599445186	0.368954276747	0.115492346855	0.438953931212
S12570	0.0789821408724	0.370211158879	0.119801376413	0.431005323836
S12577	0.0804162477729	0.370421414898	0.120411023053	0.428751314275
S12582	0.0810314558309	0.360523226426	0.122204841096	0.436240476647
S12583	0.0772347325691	0.384304206436	0.114678662998	0.423782397997
S12585	0.0756746208211	0.372306393304	0.112893778506	0.439125207369
S12590	0.0723196216818	0.371443233179	0.116851994377	0.439385150761
S12596	0.0747717830059	0.370600952612	0.118785327653	0.435841936729
S12597	0.0735398234559	0.370527413248	0.119680240019	0.436252523277
S12604	0.0782030846651	0.365831141458	0.115367089756	0.440598684121
S12605	0.0747616154499	0.374333447326	0.117220238545	0.43368469868
S12608	0.0739163623429	0.373137044147	0.117592792619	0.435353800891
S12617	0.074141919477	0.384389147103	0.114811993231	0.426656940189
S12618	0.0750823895045	0.389966478779	0.114462374751	0.420488756965
S12624	0.0761058585053	0.372332513525	0.112943231126	0.438618396843
S12628	0.0729233782064	0.38522405462	0.110661457846	0.431191109328
S12637	0.0693866860471	0.378942176404	0.116871410026	0.434799727523
S12655	0.074170469191	0.378023881944	0.116155356215	0.43165029265
S12658	0.0814801353469	0.364581792872	0.117917584592	0.43602048719
S1266	0.076858301986	0.383769386516	0.113352718993	0.426019592505
S12665	0.076760761702	0.380247010189	0.10570553274	0.437286695369
S12666	0.0758657039509	0.380346041716	0.111267295455	0.432520958878
S12667	0.0705985734498	0.381476930732	0.114737021155	0.433187474664
S12675	0.0766622123572	0.363155213555	0.113927254899	0.446255319188
S12682	0.0722856557658	0.366954871193	0.114368436049	0.446391036992
S12691	0.0759524151774	0.369024637411	0.118506574867	0.436516372545
S12704	0.0724226487899	0.37905634623	0.120070253079	0.4284507519
S12706	0.0720333956066	0.368681102315	0.1204173957	0.438868106378
S12707	0.073190912032	0.380886598864	0.112821582527	0.433100906577
S12721	0.0702661579462	0.390341793658	0.110107465399	0.429284582997
S12722	0.0832191149614	0.36110879739	0.117922637612	0.437749450037
S12731	0.0762750917747	0.356336203977	0.123655395895	0.443733308353
S12734	0.0688947029377	0.379251908692	0.116006060158	0.435847328212
S12735	0.0734607822404	0.371380753223	0.120361576345	0.434796888191
S12736	0.0837004433617	0.3517996992	0.125198553381	0.439301304057
S12742	0.0804557464505	0.377002965146	0.120932435871	0.421608852532
S12754	0.0748986588207	0.374582149341	0.111286341872	0.439232849967
S12760	0.0744781264208	0.37328511919	0.111213331119	0.441023423271
S12773	0.0764081194424	0.365517075029	0.122291225406	0.435783580123
S12775	0.0703583520689	0.368925355172	0.118465787202	0.442250505557
S12776	0.0877713477053	0.359713998827	0.123914024957	0.428600628511
S12779	0.0752950309311	0.381550978753	0.115598808624	0.427555181691
S12781	0.0702689216239	0.384898650152	0.120150335181	0.424682093043
S12785	0.0785974438817	0.384012953624	0.111297825615	0.426091776879
S12790	0.0701609310544	0.374079239969	0.113790164652	0.441969664324
S12794	0.0719015803559	0.379176119769	0.115619908149	0.433302391726
S12796	0.0796886353189	0.353513013732	0.121526976408	0.445271374541
S12798	0.0657002486555	0.390624242307	0.110592041663	0.433083467375
S128	0.0668930511055	0.403564510797	0.107585370175	0.421957067923
