naive_B_cell	memory_B_cell	CD14_positive_monocyte	CD16_positive_monocyte	CD56dim_natural_killer_cell	CD56bright_natural_killer_cell	neutrophil	CD4_positive_alpha_beta_T_cell	CD8_positive_alpha_beta_T_cell	otherCells
S10001	0.0286342730173393	0.0539452879831031	1.34821218720338e-07	0.00838090048879485	6.68640359393275e-07	0.0690783671457628	0.23652776463713	0.281571476507924	0.00888861553304835	0.312972511225319
S10006	0.0313689305987154	0.051974371639021	7.82227765640755e-09	8.59356844047747e-05	0.00851761984218213	0.0812329607470261	0.236985312125795	0.277588047984544	0.00650173281280189	0.305745080743232
S1001	0.0181502720144955	0.05927289944278	4.39088043976649e-07	0.00206219590442921	0.00636651382651162	0.0901755636414461	0.237530825481455	0.278852543011142	0.00770751786217458	0.299881229727522
S10010	0.00778261449474533	0.0658487137238228	4.95895255478143e-10	0.00291877721049843	0.000991113328896686	0.0840919813586712	0.256318744908301	0.270813232806658	0.00962843655143936	0.301606385121072
S10011	0.0251292284601199	0.0555955958961283	2.53858642948737e-08	0.00688749134176279	3.08622442005639e-07	0.0743422570286882	0.238774570858299	0.285117049756055	0.00891111375995673	0.305242358890684
S10014	0.0197630045655095	0.0640146706086234	2.39130245673276e-08	0.00244367225992079	0.00733670063099058	0.0799636639794476	0.238090136124461	0.275388460485076	0.00783691299944802	0.305162754433498
S10026	0.0119214685700261	0.0664586772350437	3.14681476254335e-08	3.80814482036552e-07	0.0112507093030637	0.0807489792284156	0.245726871757246	0.283158511010168	0.00597362755705018	0.294760743056357
S10032	0.0286520665338346	0.0506032294624068	4.07932278661939e-08	0.00774786071090247	0.00795809940793441	0.0838566917121532	0.23940204829262	0.271393379604089	0.00560497678705128	0.304781606695781
S10036	0.0121202001947244	0.0659542965217771	1.06523716632254e-08	2.54245644209927e-08	0.0101222987579935	0.0792959517868896	0.237428523912492	0.280781867221652	0.00580211403762881	0.308494711489906
S10042	0.0289277111864301	0.0496454646955946	3.57540735345427e-08	0.00125052715230591	0.0053508772398417	0.0884358632690165	0.244939043117859	0.27270173264922	0.00659316272175145	0.302155582213907
S10044	0.0155583228727344	0.0625710026508359	6.36579014690924e-07	4.22071425004453e-06	0.00748987086421373	0.0813207569204971	0.246318928441551	0.284144774066798	0.00604534267863293	0.296546144211472
S10049	0.0199316421738452	0.0620023568125468	5.40194226722583e-08	5.83161646376106e-05	0.0114813931409581	0.0781944047689138	0.236186352682333	0.288058792447404	0.00910323869068029	0.294983449099258
S10057	0.0163259674340421	0.068759653616101	1.31034421093412e-08	0.00402484177859957	0.00180116547858478	0.0826533394928803	0.221875108555971	0.278217680173086	0.0111156842507759	0.315226546116518
S10062	0.0172408821950752	0.0628460231675955	2.30061828657117e-07	0.00626497811101247	0.00424341098345397	0.077808638588809	0.236911370985534	0.28292330087444	0.00966921382530255	0.302091951206948
S10066	0.01114198179148	0.0663562395315608	9.50718951809545e-08	0.00397630990473441	3.17602449942539e-07	0.0661925294624966	0.257668013778457	0.280090331794917	0.00960268459290517	0.304971496469104
S10067	0.0218608334300953	0.059944635129094	1.0761919219927e-08	0.000900052072546693	0.0105820791438906	0.0902819269412562	0.226490634462691	0.290931851094305	0.00753415598740074	0.291473820976801
S1007	0.0312086592105229	0.0506748954206401	5.55402373537128e-09	0.00616382434768745	0.00747407539277025	0.0804217377774352	0.228287977653858	0.275524077471665	0.0067444926933077	0.31350025447809
S10073	0.0237787128832411	0.0561221767949199	1.88637854127536e-08	0.00286400023497815	2.28057514273739e-06	0.0843305910905282	0.236836836396138	0.291892347033166	0.0110732239630299	0.29309981216507
S10077	0.0278313072450581	0.0591086067275947	2.422339322484e-10	0.00968760061908922	0.00135063889273388	0.0775697721533801	0.23047062441433	0.2725790708357	0.00921932333335685	0.312183055536524
S10080	0.0311218051073022	0.0497048619740271	4.51198439017482e-08	0.00803288452222148	3.59776706685917e-06	0.0832466269082853	0.236375206526494	0.271221969714196	0.0104736733794356	0.309819328981128
S10082	0.0219290469445254	0.0606168971763838	9.27470591393811e-08	0.0037047900789643	0.00116726810136926	0.0703058700831797	0.240079523698078	0.290405055101386	0.0110855593825991	0.300705896686456
S10087	0.030608285467733	0.0542364605716115	6.49665876012494e-09	0.00440151099906166	0.00955231069037052	0.0750430049219326	0.231558256255795	0.286456375180884	0.00937614253339025	0.298767646882563
S10089	0.0249797019329763	0.0574580205284084	3.22266541257606e-07	0.00314202679786879	0.00840325749784776	0.0753933690428529	0.236057332081532	0.275899143806035	0.00967993509153921	0.308986890954398
S1009	0.0356874021832458	0.0516768797748635	5.99469468941501e-08	0.00390200370188217	1.14376728182593e-08	0.07596191864212	0.228759649482698	0.286829009434175	0.0139797328652541	0.303203332531142
S10090	0.0237117854534986	0.0500987055572778	7.85755833813888e-09	0.00512063089123357	8.88022644246386e-05	0.0762816167091084	0.23521383852215	0.285176168852436	0.0122797530359719	0.31202869085634
S10093	0.0160956173046387	0.0603067524231594	4.60156319545213e-08	0.00275211230390908	0.00440425473396548	0.0780597436301641	0.244367800113565	0.271270623267188	0.00585718850377875	0.316885861704
S10094	0.0183908317483255	0.0603254101025749	3.17803319929763e-08	0.00446459720903255	0.0064232550381593	0.0865879993567145	0.241163727419337	0.274922659924464	0.00511680535707552	0.302604682063985
S1010	0.0234399749858079	0.0597606096194177	1.93749828375352e-08	0.00638128116704844	5.0201972088276e-05	0.0798145116286212	0.229312137818874	0.28283017193625	0.0113289508575815	0.307082140639328
S10111	0.0174553324717677	0.0595487494661526	4.41440536762675e-08	0.00101344561239979	0.00729047408166346	0.0860001991331468	0.232164280367725	0.29321174665954	0.00813742171183491	0.295178306351716
S10116	0.0248766050267647	0.0578553745470404	1.36739436712578e-07	0.00990829835402394	8.96538384198303e-07	0.0870763632693915	0.211548983327754	0.288481180224101	0.0127485730719478	0.307503588901156
S10119	0.0226770388014914	0.0599832601617581	1.75669450728147e-08	0.00304909264302966	0.00650870286310772	0.0787282034675407	0.227950300614271	0.28775129498726	0.0100537019600025	0.303298386934594
S10121	0.0219055596230903	0.0590760680522725	4.08214303736354e-09	0.00347831255563459	0.00925534027070839	0.083123333757341	0.233279949538667	0.27817033822154	0.01170935252732	0.300001741371284
S10130	0.0204230458659872	0.0601606157639961	1.69091980561813e-08	0.00622391393330923	0.00443013310812482	0.0832028579484703	0.240474295980382	0.265450501071422	0.0089821206120489	0.310652498807061
S10140	0.0323849819035466	0.0519708353942464	1.46703635637836e-08	0.00145203278553753	0.00520419672337885	0.0815314449145338	0.250586224353444	0.263693565018592	0.00804479148479149	0.305131912751565
S10142	0.0271919971564693	0.0590616976268146	1.07110373840442e-08	0.00204426262131696	0.0101312257047393	0.105538271908649	0.219117695221343	0.273517835448494	0.00374539599094998	0.299651607610187
S10150	0.0318797743144358	0.0413712074032077	1.29148082520833e-08	0.0048417227892744	0.00060461318444293	0.0908298678866244	0.259873132298732	0.247375938046554	0.00917892059057399	0.314044810571347
S10155	0.0265541219293611	0.0527509587148969	2.72952107241177e-10	0.00249052287717825	0.00225487242744251	0.0838095681747648	0.234635038255641	0.287126351612242	0.00840902243068193	0.30196954330484
S1016	0.00988970271994625	0.0699040117660223	7.28476515075638e-10	0.00416883154716804	0.0104888815548069	0.0807462319905812	0.2381294884148	0.277227338216567	0.00833797284849446	0.301107540213138
S10163	0.0378814998697308	0.0421254804510676	2.0361479962535e-07	0.00886727544314498	6.73970203566598e-08	0.0799956482789794	0.239741667129877	0.27143228039016	0.011902898718027	0.308052978707194
S10167	0.0287774473079614	0.046119834714827	1.23585691243327e-07	0.000672432833726342	0.00341970527005133	0.0908370233564497	0.237540144016803	0.27276256672327	0.0113193359758694	0.308551386215351
S10168	0.024493897785153	0.0564645551925388	7.89829950225568e-08	0.00209279769470019	0.0110973493877018	0.0952269463699872	0.226016881857369	0.278467395526124	0.00757341445740074	0.29856668274603
S10173	0.0299200363116844	0.0559632983775459	7.77881049527335e-09	0.00326789833902693	0.00262092836633764	0.0770033341391896	0.2344197738306	0.291535161712059	0.0103549324993433	0.294914628645403
S10175	0.0245934976844493	0.056142050900826	1.88281389137915e-08	0.00237645320971989	0.0077578072282797	0.0881580635774709	0.235989963065913	0.276996715859197	0.00514305486325243	0.302842374782753
S10179	0.0178516730201817	0.0563700797650388	3.42910913550275e-08	0.00257544946450774	0.00418514620245976	0.0964781859601565	0.228518956254025	0.291698184790612	0.00719485061077383	0.295127439641154
S10186	0.0342997667735451	0.0486039919626154	1.0159517475272e-07	0.0027966161142743	0.0080569729818604	0.090715022723452	0.21105624387897	0.29219715799798	0.00704015104607568	0.305233974926052
S1019	0.0213676544424282	0.062419800187866	4.79357098123154e-08	0.00660109796176086	0.00452722605069102	0.0876899856742396	0.220560763354741	0.283027966840979	0.00698418239250455	0.306821275159079
S10190	0.027048713314	0.0537005577856845	2.16602577087881e-09	0.000970539872011141	0.0084918726449726	0.0679424288612335	0.236050230252294	0.299874596948337	0.00948513127907092	0.29643592687637
S10195	0.0254543752765929	0.0531956556059372	2.68196593091105e-09	0.00204533571538225	0.00402957264606632	0.0810268894350326	0.246922504024622	0.276115676374089	0.0062975048772945	0.304912483363017
S10196	0.0110632143950872	0.066134738336777	1.10933318086959e-07	0.00180515659547868	0.00832859756275101	0.0804121232243408	0.238857400081357	0.282953497008003	0.00655248597049366	0.303892675892393
S10200	0.00974082531738642	0.0678127831687902	4.65462908076364e-08	0.000868287250250722	0.00987626915087854	0.0916602533980741	0.245994439590101	0.270313852036181	0.00472965315854162	0.299003590383506
S10201	0.0209362293547639	0.0615171794263326	3.30651141611616e-10	0.00454864320933825	0.00785614782611955	0.0758623111394599	0.257646720712791	0.250623897458639	0.00842809919886859	0.312580771343036
S10202	0.0268320019942055	0.052272530471053	8.30725587877479e-09	0.00713818112027752	5.95452556661942e-07	0.0910517234050336	0.235769880082277	0.275763260136275	0.00927787721803945	0.301893941813026
S10205	0.0399007121242842	0.0410667337160119	1.51043650918362e-07	5.45730219395052e-08	0.00831363467972815	0.0899646000968134	0.237431277175908	0.282894146207058	0.0029149583346927	0.297513732048831
S10211	0.00938962734920264	0.06691597007866	6.43820237548793e-08	6.91618927119026e-08	0.0060396898457995	0.0895613224876718	0.232622372339301	0.282626938665152	0.00660793050155764	0.306236015188739
S10221	0.0228506953896641	0.0528501617550101	6.84579811061964e-07	0.000601782305903198	0.0030494489386053	0.0853922666877543	0.24250387720303	0.280504037338272	0.00847785107481653	0.303769194727133
S10222	0.0223430581136822	0.059769669816051	1.61649461679409e-09	0.00165580163719328	0.0135483343007043	0.0607433565004536	0.243930532468556	0.27635416311793	0.0102011134259764	0.311453969002959
S10226	0.0250258080140886	0.0583868569207019	3.85030500664627e-08	0.00208737445250738	0.0106354594051157	0.0730563703929644	0.246017505235185	0.276981005814844	0.0105805993829353	0.297228981878608
S10227	0.0142224447122597	0.065934477005086	1.78480137787111e-07	0.00429498782011199	0.00431158934259875	0.075975340840707	0.240584678053122	0.278462428515711	0.00792284123354835	0.308291033996717
S10228	0.0085735121216609	0.0688880503168725	5.43150905316984e-08	0.00135024113116271	0.00351881634213272	0.0888441123168194	0.240010657659978	0.280918802818813	0.00752719210023272	0.300368560877237
S10232	0.0296876530830352	0.0525051607706026	4.60366843507568e-08	0.00172574608911954	0.00276386451212537	0.0850077388345803	0.221205133992773	0.292690338995646	0.00797486157190361	0.30643945611353
S10248	0.0234340638344245	0.0542552177425694	7.32541515804098e-08	5.90830477612615e-08	0.0140095355446721	0.071438561381122	0.241853051252052	0.290319991796258	0.00850679514153903	0.296182650970164
S10249	0.0118365137588365	0.0641722499597063	3.24430209136304e-08	0.00811695736138466	2.9540983699211e-06	0.0715302092159618	0.253972459497782	0.270147017746508	0.00650702201770679	0.313714583900722
S1025	0.0229886518346129	0.058084410564953	3.5684007333694e-08	0.0019063669557205	0.010342560832712	0.0922085876402016	0.228116068225598	0.280656472822601	0.00544379967242722	0.300253045767166
S10266	0.021760430100408	0.0590642207541057	3.92885589631786e-09	0.00569110069843305	0.0027589988113138	0.0718784577063738	0.24566234793897	0.275254232521088	0.0114788151698122	0.30645139237064
S10269	0.0209627840709415	0.065675224736451	1.91907825108086e-08	0.00453434972594	0.00363954404767389	0.0790628048462813	0.238715295379436	0.272647262953953	0.0108917787534331	0.303870936295108
S10272	0.0107668361624262	0.0642803063572422	4.2401336726066e-08	8.59891608021629e-08	0.0114406623063482	0.0798784979634554	0.247003715361348	0.273049808806142	0.00761568867504701	0.305964355977493
S10273	0.0361600519854525	0.047763832905461	4.07922181044004e-09	0.00307228628063313	0.00396755525835516	0.0871075468003828	0.244113871095122	0.272766185755752	0.00527688307493476	0.299771782764685
S10274	0.021299121154107	0.0584319840360341	1.20536245275567e-08	0.00202136633360537	0.00845527618454821	0.0818395870119747	0.241531133988463	0.276215740712706	0.00723265682555776	0.30297312169938
S1028	0.0264011247428166	0.0488365253340999	5.46252565844891e-07	9.63295938903443e-09	0.0123698221275083	0.0798401479825272	0.240847418341781	0.286676932512323	0.00587581251013209	0.299151660563287
S10280	0.030501588027198	0.0446992201912021	2.07418076471765e-09	0.00760192210281413	0.00437424946693464	0.0845606796276438	0.231195885619449	0.286997284911859	0.00806305660556309	0.302006111373155
S10283	0.0221426608661008	0.0604054328894443	2.21510925955713e-06	0.00433395291615806	0.00418990496137324	0.0969249228794102	0.221992774001105	0.286531334727829	0.0086051203729343	0.294871681276385
S1029	0.0285105777716297	0.052409826525362	2.24168183180332e-08	0.00180186110339958	0.00577638978467262	0.0859963644540143	0.236286704625148	0.276147208313554	0.00833548228660732	0.304735562718795
S10292	0.0264407645020655	0.0568345355289311	2.33135411884334e-08	0.000601092269632506	0.00788813353927434	0.07859968106929	0.223979984610137	0.28843046916004	0.00898106895160275	0.308244247055485
S10294	0.0258213341863801	0.0526908044626888	9.67121243389168e-08	8.50197469275608e-07	0.01040703746138	0.0950646937662935	0.231161818012134	0.279124153578097	0.00537849584229627	0.300350715781136
S10302	0.0170809112478344	0.0613985607563631	1.11583113921151e-08	0.000765330225891034	0.00606134129408681	0.0786444091092667	0.238989428471122	0.28530475460683	0.00980893695226869	0.301946316178026
S10303	0.0267218399158451	0.0542779528198338	6.90011597315441e-08	0.00446136051630241	0.00186097780572845	0.0891428477022062	0.239171390452002	0.274818627741511	0.00768636060957273	0.301858573435839
S10323	0.0227549513146451	0.0583893877851373	7.53641546577785e-09	0.00410813915086304	0.00383348044435326	0.0812301485830442	0.236247043313556	0.276828487787805	0.0108567635812793	0.305751590502901
S10326	0.0171398199005246	0.0637427360283849	1.19562015991335e-07	0.0025121546120362	0.0130775068559012	0.0895279949407379	0.236921897735185	0.267376577717177	0.00664530509600031	0.303055887552037
S10328	0.0230522132573675	0.057337227658655	2.15588851172602e-09	0.00337348186414032	0.00402829900318499	0.098080417305491	0.231311259706789	0.272673173692852	0.0125019310728504	0.297641994282781
S10329	0.0300884635241777	0.0545226620079785	2.71712554149591e-08	0.00302139875976344	0.00646062019072119	0.0905987312689693	0.231589711025401	0.275926921906626	0.00754793092145786	0.30024353322365
S10336	0.0227302462919012	0.0597339235790972	1.46765604949888e-07	0.00664331660725283	0.00929308684448504	0.0939417433461067	0.230434404888655	0.265258577492046	0.00662304824058681	0.305341505944265
S10340	0.0357847612078407	0.0494752879190005	1.09626384934278e-08	0.00135745887329732	0.00758960593429571	0.0677751556123571	0.243159092613294	0.283832039400981	0.0122631346428069	0.298763452833488
S10347	0.0210666769168886	0.0611013611638684	1.13712745172954e-08	0.00925658989485362	5.76408458207345e-08	0.078445187273518	0.223226874735738	0.275558110724205	0.0126198730843018	0.318725257194506
S10353	0.0291089512009308	0.0588086432170091	5.75039539438922e-08	0.00574634215330519	0.00554346673575488	0.0783897165157391	0.233757144520408	0.273180545922143	0.0120323629937535	0.303432769237002
S10356	0.0348896285502402	0.0492152628494293	1.6709014784387e-11	0.00740805803962966	0.00188659838319504	0.0766296147665535	0.23046043974723	0.282779089242102	0.00860168070461863	0.308129627700293
S10358	0.0134423421590949	0.0642806017559656	2.60406213057176e-08	0.00535764743042885	0.00862890709931125	0.0812824069028204	0.238390924675598	0.282627027016038	0.0064455593304077	0.299544557589715
S10365	0.0160299145112053	0.0629092679305959	1.22660254976108e-09	0.00440720030482173	0.0071453208294769	0.081693282335019	0.244204665054757	0.273414876233553	0.00703813474717883	0.30315733682679
S1037	0.0242014904768161	0.0603941134788802	2.22142463728688e-09	0.00168043249601503	0.00728363120890897	0.0876545427923607	0.220477858796831	0.294008616687978	0.0110928423729292	0.293206469467856
S10373	0.0291288293679434	0.0526831267962647	1.06378029016914e-08	0.00382210100932203	0.00619957976952347	0.0866265297451846	0.22879385924148	0.282896395335099	0.00666941344293127	0.303180154654449
S10374	0.020448126255393	0.0589430392057867	1.99535522177924e-08	1.20092581381039e-07	0.00698396072403605	0.0750430108124407	0.236830002801693	0.287637874913124	0.00439093695268406	0.309722908288708
S10375	0.0218414991320495	0.0525251879920451	1.21964781609016e-07	0.00474885144931165	1.7193638136092e-07	0.0929909500980064	0.244166907190895	0.280121496115659	0.00349184486729981	0.300112969253571
S10377	0.0272563474807905	0.0549246333675878	1.46249863479444e-08	0.00447831384571699	7.14555889971367e-08	0.0760458561009853	0.228331726065448	0.281478731122413	0.0101745404174367	0.317309765519046
S10378	0.0288233050503477	0.0531628609179354	1.20529344894452e-08	0.000555457664922945	0.00915632182905614	0.0926127689422995	0.233577056098693	0.279983777688675	0.0074830103390569	0.294645429416079
S10390	0.0385999869578321	0.0433798554347904	5.08579178069267e-08	0.00743775712663244	6.47843435339408e-09	0.0635993547538475	0.228310472820899	0.273941131979993	0.0158188007932778	0.328912582796376
S10391	0.0220562222138858	0.0599899525503068	3.86249707828097e-09	0.00492782776866204	0.0117686982956221	0.0780458778289896	0.225418049808395	0.277044256424014	0.00696819884088649	0.313780912406741
S10393	0.0250593496874017	0.0477533304444755	1.2023270252262e-10	1.91830183143373e-07	0.0109138508397769	0.0909045521037856	0.23877201097446	0.280404450604247	0.00652598611805511	0.299666277277382
S10400	0.0209634416728808	0.0585029300829563	2.31166971862433e-07	0.00803767517990971	0.00339367013623292	0.0737288147348516	0.238081285812055	0.277416016440607	0.00922690720884634	0.310649027564689
S10401	0.0297851585815237	0.0571288048525696	5.41121437054667e-07	0.00887476157461276	9.50574161174124e-07	0.0820305388399198	0.230086492417892	0.266752391889222	0.0117359544819585	0.313604405666704
S10406	0.021447809709438	0.0554101370356382	8.38457804413445e-09	0.00200873561268093	0.00880710302364386	0.0711536929330946	0.252969943900596	0.267104075256202	0.0102294970295929	0.310868997114536
S10408	0.0325336161035125	0.0494194188546335	1.06137657155062e-09	0.00424846193210112	7.6968414985094e-07	0.0791299301338503	0.245056910088513	0.273083755987855	0.0113804620562403	0.305146674097767
S10409	0.0229373748272883	0.0572167935036269	1.09865071596547e-07	4.79032848218053e-08	0.00714683409954131	0.0883441361208764	0.233202508337607	0.287333866293083	0.00660966879727882	0.297208660252341
S10418	0.0161121908840422	0.0693811524375184	6.2386040793865e-09	0.00868480562581449	0.00364068100882627	0.0709601005357108	0.23259006868875	0.260956876926017	0.00986419794241142	0.327809919712305
S10431	0.00928573767238901	0.0680832836881995	2.05686959607529e-08	0.00244961005287413	0.00502582392822886	0.0827096163731865	0.238714765149041	0.283373943205484	0.00521677465741313	0.305140424704488
S10438	0.0190510267447228	0.0593806037881878	1.36380565133075e-08	0.00307465482687249	0.00707681384461157	0.0772166558424804	0.237332129097632	0.279939969379456	0.00814677310979462	0.308781359728186
S10439	0.0223047979312542	0.0526167360662576	6.62560298381715e-08	0.00382449707722014	0.00456015231707366	0.0835876863273534	0.247846764342767	0.274279535770264	0.00844357240334071	0.302536191508439
S10441	0.0197217384371177	0.0576038781066186	1.10820347985206e-09	0.00733801156482753	0.00680460082627818	0.0876794204968998	0.241166976625594	0.266415693953864	0.00719272631424059	0.306076952566356
S10442	0.0257744957523643	0.053160534784326	7.97762785937614e-09	0.00476945494791828	0.00339342633569227	0.0851270358093729	0.242150193266446	0.276522729736942	0.00600562797474625	0.303096493414564
S1046	0.0258818736163191	0.0535409934570373	5.56799696006332e-07	0.00414103408047824	0.00550135243886215	0.0775832537807612	0.250283151412825	0.272519845227568	0.00703109818092506	0.303516841005528
S10478	0.0243653766121644	0.0601816373393121	6.80604565190461e-10	0.00796838312738036	0.00527693502551102	0.0626088200507499	0.25973861354115	0.261025645516361	0.00775340231099085	0.311081185795776
S10480	0.0248975982742899	0.0633223113181726	2.96338491846354e-08	0.00303179685113285	0.00531521508919997	0.0988929626876852	0.211877592075178	0.275780279703073	0.00882469902740768	0.308057515340011
S10484	0.0218519302072163	0.0605718039878825	1.22991946923074e-07	0.00741669372024963	0.000192565199495899	0.0852038186272746	0.238331101972326	0.269381416781748	0.00934406499880898	0.307706481513051
S10492	0.0277977663436333	0.0504191972891666	7.37050798974465e-09	0.00239564037923406	2.83716218234665e-06	0.0862584051418205	0.232790860891894	0.291998266654836	0.00884939690633555	0.29948762186039
S10496	0.0242574782587306	0.0625722058732202	1.49583469270378e-08	5.81490407000686e-05	0.0106791106780566	0.0926028778421472	0.234757059772315	0.275510071920694	0.00557201698636381	0.293991014669426
S10510	0.0143096601789106	0.067600539409627	1.08082401619293e-07	9.87505219490092e-08	0.0108380692075849	0.0725548587361258	0.233536112032019	0.279173226622064	0.00841680253918357	0.313570524441561
S10513	0.00819640734859896	0.0685058238449074	2.50385032182073e-08	0.00714918826707478	0.00593767642922191	0.0846747268373069	0.241620216939348	0.277896133627174	0.00604637017648189	0.299973431491383
S10516	0.0264544668298726	0.0565350275022652	2.35622261081545e-08	0.00829007344575853	0.00833555056236384	0.0862919829878439	0.225938722710407	0.273886602695708	0.00655240484325089	0.307715144860304
S10534	0.0197824288574308	0.0621942959386583	1.78774641286386e-10	0.00341335819349077	0.0112741144416354	0.0704899179064717	0.235430587892308	0.287394277233592	0.00967233350576459	0.300348685851873
S10535	0.0250673365039106	0.0533490794131828	3.07602097658586e-07	1.64188015475481e-07	0.0151116444077228	0.0682461448257939	0.231128061066565	0.292460024013622	0.0086252931636061	0.306011944815485
S10537	0.0261114077517698	0.0562166151356657	2.44201041336663e-07	0.00625958347879248	0.00562059705782255	0.0906192490428857	0.23779647680187	0.270050217825461	0.00525462917990519	0.302070979524786
S1054	0.0115888925996722	0.0714501471756525	1.28095217754748e-07	0.00306147797335918	0.00281995653047125	0.0811939413164525	0.23306203468003	0.276762480925734	0.012396819614869	0.307664121088542
S10543	0.0209150899710767	0.0623181195005601	7.62431733372859e-09	0.00119009110406648	0.0109103022398127	0.0924495026824324	0.236326153334987	0.269865876630543	0.00778049580569031	0.298244361106514
S10546	0.0228465953044479	0.0582733432301669	2.36573629575872e-08	5.46494720497752e-09	0.00746952431210805	0.0988955158505263	0.234843281933494	0.271539579142206	0.00189347378469719	0.304238657320044
S1055	0.0198729902878877	0.0553618607115676	1.44958612220346e-08	0.00441739079754985	0.00437667377622571	0.0813629954693594	0.25532673009001	0.260991758545894	0.0095645957282044	0.30872499009744
S10551	0.0242585607067405	0.0597395490193055	1.33510175338096e-07	0.0089064275795833	0.00147819391361332	0.0822340625214767	0.231665868998898	0.273239996026368	0.0111670110513089	0.30731019667253
S10552	0.0185794524173398	0.064464828126569	7.75070918019189e-09	0.00755835749033016	0.00644919713692597	0.0842659282131969	0.237788629286175	0.259693287568705	0.00600749056374703	0.315192821446302
S10555	0.023020678696939	0.0589550406433442	1.72106138049708e-08	0.00292848450482799	0.00848721268647322	0.0964137187245163	0.228781563801591	0.274377805876607	0.0142497153949725	0.292785762460114
S10559	0.0155693503443343	0.0633534374278844	5.53858167789551e-08	0.00430274438285775	0.0114804479091413	0.0829509471272378	0.233333273141539	0.277636370270679	0.00545386829318491	0.305919505717326
S1056	0.0274443412056596	0.0588593035996615	5.50886000605056e-09	0.00321339146495201	0.000453272206376727	0.0759531537881489	0.236897607269203	0.288431681823711	0.00963756193938925	0.299109681194038
S10563	0.0295574203650403	0.0506833613936088	1.60950919679036e-07	0.00436121146407801	0.000223547681911877	0.0742695322745328	0.24415888029081	0.279116583787459	0.0132870162024433	0.304342285589196
S10574	0.0120195706430037	0.0690813480633166	1.7838785953669e-08	0.0023469289222705	0.0098904844567007	0.0890640957665343	0.227042739432624	0.286180971563468	0.00700222118780226	0.297371622125494
S10576	0.0205089130673984	0.0589003078028901	2.72667118070196e-08	9.26936279555945e-05	0.00996639173097051	0.0726195020363742	0.252034940202215	0.270988130007876	0.00832837661850817	0.3065607176391
S10578	0.0133090762041686	0.0632493107408803	2.98526960810956e-08	0.00172795175075145	0.00714002242527054	0.0869275017887078	0.24521993537594	0.273025120740047	0.0060809339804536	0.303320117141085
S10579	0.00803677112166494	0.0728929042694088	2.24450179201958e-07	4.9656313564655e-05	0.0123389267975756	0.0837001945142402	0.245319546075697	0.271714928779323	0.00805626779210498	0.297890579886242
S10582	0.0276264155176591	0.0555205223008481	5.73223534249933e-07	0.00219172523732112	0.00806347892983405	0.0889485404920778	0.240660733247598	0.271184904641493	0.00631796367877661	0.299485142730858
S1059	0.0280473292707676	0.0535276691561326	4.23445464558324e-08	0.00493349014031976	0.00678890484827791	0.085552546360058	0.235946201948672	0.271774687555793	0.0100394519936139	0.303389676381819
S10599	0.0251688438731339	0.0518687618075411	2.31502617515959e-07	0.00197997812476251	0.00642558613216509	0.0802053216159395	0.254656649097458	0.276698997950151	0.00244577211053882	0.300549857785692
S10611	0.0128196490431102	0.0665396594919373	1.56150090416973e-08	0.00278182596513142	0.0113519948847712	0.0737583891491477	0.237595949797297	0.284064662853005	0.0079874459496405	0.30310040725095
S10614	0.0160420018379484	0.0621652251631645	5.17020587640526e-08	0.00545875013007511	0.00145058428661883	0.079547793715575	0.250193379799562	0.272097233224144	0.00891289233053213	0.304132087810321
S10624	0.0139265962232122	0.0753032722226122	6.47290292449416e-09	0.00945113463871631	0.00507305208958871	0.0749668106885811	0.222186710992399	0.279689981663284	0.0113255400534657	0.308076894955237
S10632	0.0233642752617667	0.0604415679228743	3.73172611777598e-09	0.00524611841590944	0.0106329097739727	0.0702599592822827	0.23509289179229	0.276471127730485	0.00539458163938508	0.313096564449308
S10634	0.0241652662833502	0.0615474694084756	4.39586663509931e-08	0.000367550357875652	0.0101764525019045	0.0826200488562614	0.233117852965944	0.282526631191319	0.00679364303293428	0.298685041443269
S10638	0.0269558865266839	0.0508731658915646	4.03399159355272e-08	0.00647728243913021	0.00185495067722774	0.077023892077398	0.241207511208996	0.281373046754302	0.00979549944965068	0.304438724635131
S10644	0.0187148959692377	0.0605508711038157	1.34279610285644e-08	0.00309666607088737	0.00352865778859509	0.0905644175187944	0.230359236288898	0.291280075185266	0.00562843768318567	0.296276728963359
S10649	0.0175169347263663	0.059560273058495	2.94518363172567e-09	2.20726546367394e-08	0.00937606843666226	0.0799085250216867	0.257225630443851	0.268612462373684	0.00793110831283262	0.299868972608584
S10652	0.0291505243048249	0.0520632857258378	2.0106177911949e-08	0.00332820644993294	0.00685758695802726	0.0901391756408758	0.243845457802952	0.257879529579126	0.00649086401504701	0.310245349417198
S10654	0.0219364409058823	0.0588165795313316	2.4171931642003e-08	5.49195448562387e-09	0.0176410143924668	0.0966749627902932	0.229716416363843	0.271950732539831	0.00256270923406399	0.300701114578402
S10655	0.00832356213466819	0.0713745381588514	1.14568523260047e-07	0.00151316869794674	0.00399558210421673	0.0843751596244763	0.240999986367333	0.280379516811287	0.00819010246548295	0.300848269067214
S10656	0.0199459189998251	0.056560643285206	3.35502385665459e-06	1.9883497434211e-07	0.00729800270691886	0.104623912314672	0.232090414032743	0.280194892450741	0.00470594485272396	0.294576717498339
S10657	0.0255162739286302	0.0551874217700471	5.16201421256201e-09	0.00557903883979464	0.00443834537504626	0.0820470843524589	0.234160794067983	0.269321599015106	0.00907188961815915	0.314677547870761
S10658	0.0235234290197685	0.0584953065678247	3.11535153725495e-09	1.01769317195033e-07	0.00744114510894452	0.0891613974908999	0.244521936868022	0.279531485707243	0.00625269603188537	0.291072498320744
S10660	0.0147102570715308	0.0674062576669393	3.36885311430243e-08	0.00710931000946442	0.00916185905400647	0.0802136645343598	0.208880137291293	0.284296862450068	0.0126164960904325	0.315605122143375
S10661	0.020167393569858	0.0642757023528751	3.04510296572341e-08	0.000212325292255634	0.00899705979821528	0.0794057229455065	0.233805527476998	0.290881234438737	0.00735799125021819	0.294897012424307
S10676	0.0184865760087365	0.0626595895224809	1.18170850750701e-07	0.00220412859959266	0.0127316224880285	0.0897788937861098	0.244113896407158	0.26111850391314	0.00306129294544682	0.305845378158456
S1068	0.0317886881637968	0.0528368632431631	8.81501046410302e-08	0.00443225222680442	0.00247558915334538	0.0844598242019759	0.228707999076586	0.2851191117183	0.00914970625345029	0.301029877812473
S10681	0.0239069618222452	0.0565691365317946	5.79652407550144e-06	4.02395515624248e-07	0.0137355910721253	0.0746091976417253	0.238741532503791	0.265167435368058	0.00945645050793226	0.317807495632738
S10686	0.0140142932077637	0.0705972692304554	1.28402083191896e-08	0.00352293079077535	0.00832283745113175	0.0780594715569269	0.237083403285676	0.271301676514017	0.00832864995772893	0.308769455165316
S10688	0.0209486895210553	0.0583581621921764	2.96552951821416e-09	0.00235841474678134	0.00647034650727246	0.078543743687749	0.233435489198582	0.298736873624285	0.00629830876614462	0.294849968790424
S10690	0.0156079022836912	0.066322615560509	8.42951659698955e-08	0.00677654963583502	0.00384116922197528	0.0969700377287586	0.227702494825619	0.262903201996798	0.00710362199721786	0.31277232245443
S10698	0.0217317535275911	0.0592952365445679	1.71704608895107e-08	0.00376334784531788	0.00552692332780069	0.0858513264994561	0.229976482383955	0.288581329120702	0.00713249555512681	0.298141088025021
S107	0.0161851994998427	0.06345888086197	7.99283140631605e-09	0.000236539953796202	0.00548377968806106	0.0811874024403162	0.23712915998154	0.286243102866894	0.0116351049935997	0.298440821721149
S10703	0.0179377071268521	0.0578573702909608	2.05985634392578e-08	0.00199000848103961	0.0121957785198088	0.095468280610103	0.227631178602646	0.283094927644621	0.00763528709415213	0.296189441031254
S10726	0.0297094916881183	0.0546085374847639	3.13901462599169e-08	0.00199360268083937	0.00589386485154051	0.0745339801887645	0.235854029844036	0.286373756659111	0.00805108633089368	0.302981618881786
S10729	0.0194671681898504	0.064401872463352	3.87972941845291e-09	0.00857258823128655	0.00287817417189885	0.0782965366660762	0.23258511611921	0.272237976365575	0.00845123668481319	0.313109327228208
S10733	0.01906850185221	0.0580538609875793	3.8758277376141e-08	0.000928161488046996	0.0106531391104059	0.0863660970316592	0.240953201231678	0.282327095116508	0.0045130959106372	0.297136808512998
S10734	0.0198946809604323	0.0649667839303689	1.66139458649635e-08	0.00266284206370306	3.50795302620938e-07	0.0813235630188613	0.228028630634983	0.286369368985746	0.0103256166593187	0.306428146337339
S10735	0.0241284635994668	0.0605938000055756	4.70098633173166e-08	0.00263067415323636	0.00593707799923625	0.0780329062629101	0.239408775688941	0.277141235717783	0.00962385159538433	0.302503167967604
S10740	0.0238969794433881	0.052495268015135	2.92508919991233e-08	0.00755862945291375	1.86116989971951e-07	0.062623896453984	0.253743889273168	0.280577902560298	0.0112120776615493	0.307891141771682
S10745	0.026422360011344	0.0576036058186713	4.13101802831586e-08	0.00463537671590485	0.00626764694718478	0.0904493348847971	0.247875880720186	0.256371355344505	0.00445368349478095	0.305920714752445
S10748	0.0251711857202565	0.0592515505698859	6.57553171469171e-09	0.00521991964148534	0.00372545471086961	0.0789054615494729	0.232073009067923	0.281607893977256	0.0078728485475206	0.306172669639798
S10753	0.030259800574037	0.0499362550108347	3.26609120815205e-08	0.00491854183868095	3.84646958404008e-06	0.0771713586156998	0.248372656416507	0.283401316792051	0.00823825515741092	0.297697936464282
S10756	0.0296031241860244	0.0507212130055235	2.17081551913291e-08	2.70309007446255e-05	0.00822861409308152	0.087699440123342	0.242350896880861	0.279379022653564	0.00503385953894305	0.29695677690976
S10757	0.0247107124946058	0.0567442666698757	3.7962560739034e-09	0.00195207350488776	0.00328383156827014	0.0812767840084285	0.220378832197694	0.30739301811335	0.0103690178947058	0.293891459751926
S1076	0.0345645290954254	0.0478141723028349	8.38421940224174e-08	0.00572941250474145	0.00423821321671776	0.0790712438555368	0.236006434497555	0.281139135551334	0.00681929265772692	0.304617482475933
S10764	0.0237868670495964	0.0596181750011857	4.6601903065115e-09	0.00458866881284129	0.00216248937905107	0.075125651167101	0.237167667076572	0.270590999909858	0.0112596898763559	0.315699787067248
S10767	0.0259872791825485	0.0570282368053366	3.51587046661987e-08	0.00416806163125534	0.00637131830853204	0.0916952853050476	0.216098677735499	0.281684361948348	0.0111514004787857	0.305815343445943
S10776	0.0265243819779535	0.0557433764511434	5.8731460930583e-08	0.0043662206510195	0.00355138816330588	0.0909370007030255	0.244934641974654	0.271397197763529	0.00536974740829145	0.297175986175616
S10778	0.0207523278079793	0.0574896976817456	2.33558057002254e-08	0.00137909820914112	0.00571194971960906	0.0693100308827143	0.255248071332728	0.280176647588799	0.00950421802781203	0.300427935393666
S10784	0.0250271309605901	0.0593761990968241	1.00976480188012e-08	0.00634869637847432	0.00175537294383549	0.0807518680262709	0.24871014363311	0.267924406611617	0.00594406683185847	0.304162105419772
S10787	0.019534085402415	0.0644492379046414	2.45286830202241e-08	0.00426657615385385	0.00580889721429248	0.0839954871263634	0.233582195208758	0.273030045866195	0.00914821628402415	0.306185234310774
S10800	0.041492021086234	0.0476430375578838	1.87967970694589e-08	0.00298484944603368	0.00804769905303009	0.0808582387960453	0.237886592425916	0.274395994315502	0.00850005174556778	0.29819149677699
S10805	0.0298519697245518	0.0553776403433061	2.5503947130159e-09	0.00578914046438438	0.00147309548176044	0.0758779038538509	0.242058869502031	0.268924711953893	0.0101239229800929	0.310522743145735
S10813	0.0233646731970657	0.0609223759601257	1.14742006044695e-06	0.00400301489911336	0.00996876171074999	0.0906396202237506	0.233491210737426	0.268504879639056	0.00673878536964764	0.302365530843005
S10814	0.0135618307061493	0.0664272835486209	1.06983821610647e-06	2.08083247298911e-06	0.0109169807726173	0.0789518490123578	0.234015083964722	0.265810278184591	0.00787961558597302	0.32243392755428
S10815	0.0229790679299562	0.0559068699295649	5.55791433855054e-08	9.97158022645157e-07	0.00980946726292981	0.087476186472282	0.238512256259823	0.278806577110424	0.00531046048161929	0.301198061816235
S10817	0.028002957785676	0.0508012288583239	2.23533970800011e-08	0.00306954925336552	0.00479884830240462	0.085287376919353	0.225606047989076	0.285708690184681	0.0108390860813432	0.30588619227238
S1083	0.0225210939840409	0.0594300227944067	2.53877168711289e-08	0.00235052791122183	0.0126069383136321	0.0872589335973443	0.22971468544982	0.281605630001	0.00751441621304868	0.296997726347769
S10835	0.00607870446577694	0.0686863886958327	0.00467515851933123	0.00402039384781518	0.00595462052563206	0.0846521134033313	0.235758562204274	0.276206532947579	0.00439631614701269	0.309571209243415
S10838	0.00984530984564421	0.0655399238456406	9.38639731596711e-09	1.08517448264337e-08	0.0114643506556982	0.0865267732416138	0.244953631428875	0.278754960252931	0.00872510847386737	0.294189922017588
S10844	0.0271416328596515	0.0586089309004708	7.57765479165665e-08	6.27925561061928e-06	0.00740096914161699	0.0826083553435756	0.233273483682467	0.283867373473484	0.00671068218982918	0.300382217376748
S10845	0.0200945358952459	0.0602730410261771	2.40735031215213e-09	0.00477454893596737	0.0114694794893173	0.0890799177472218	0.236350157616104	0.272965812091244	0.00375656193840597	0.301235942852966
S10846	0.0470442877138209	0.0398885664042733	1.81528385540488e-08	0.00447381662955175	0.00250494321299931	0.0918118296810249	0.217171990475341	0.286749466984057	0.00875025370455833	0.301604827041534
S10853	0.0115476451151675	0.0652881868167939	4.3209624475791e-08	1.21701181981466e-07	0.0130583921094643	0.0747417939124577	0.256877103108303	0.26244651138653	0.00680574359830647	0.309234459042171
S10854	0.0300319249417306	0.0537343881884506	3.60591525899877e-08	0.00323435551287695	0.0104902164718792	0.0762896507126307	0.223300608448947	0.292694006856829	0.00989140354577469	0.300333409261729
S10865	0.030578072514038	0.0496427513558044	2.25799774350862e-08	0.00695783240536317	0.00583998609874433	0.0913307913353883	0.232452403255921	0.271974055409671	0.00635381422379553	0.304870270821296
S10866	0.0196354157784129	0.0605552177604313	1.08122993942318e-06	0.00207826180836663	0.00853691814891459	0.0869698885209524	0.239351691895507	0.275377552984298	0.0088606711871464	0.298633300686031
S10869	0.0121965216809305	0.0687787757674387	9.56753786319977e-09	0.00450460461860415	0.00203533903978068	0.0884026947858424	0.25446973008121	0.256541786353969	0.00894858912962542	0.304121948975061
S10873	0.0216627046314263	0.0619609272124426	3.22781322227432e-08	0.00712866061381533	0.00404257722695382	0.0866628606138197	0.23522834769105	0.269489916432985	0.00866049795844647	0.305163475340928
S10876	0.0235276009990192	0.056451512525456	2.78624653112269e-08	0.00175763408013438	0.00923973044926134	0.0775755242749057	0.235117042484219	0.293520836821211	0.0084281019968428	0.294381988506485
S10883	0.020972637155046	0.0599938318643172	1.15418025639468e-06	0.00471424029319941	0.00801728932165746	0.0810684551947773	0.241553897830038	0.265728390594423	0.00718620368690352	0.310763899879382
S10885	0.0253640045544042	0.0524811614938422	1.28907329204806e-07	0.00335127266425931	0.00526378083440552	0.0731702903893209	0.245931431376234	0.2801992979928	0.00703764084401895	0.307200990943386
S10893	0.020558735721058	0.0557266155072682	4.13453199975159e-07	0.00123952579880633	0.0107569520535784	0.0833520427333872	0.246991266909695	0.276328709005981	0.00480349429108155	0.300242244525945
