naive_B_cell	memory_B_cell	CD4_positive_alpha_beta_T_cell	CD8_positive_alpha_beta_T_cell	macrophage_m0	macrophage_m1	macrophage_m2	MAST_cell	otherCells
S10001	0.0302460737608484	0.0451840717841292	0.227254963054034	0.0260183217948495	0.0374263574235934	0.0285382415271863	6.28596424854976e-09	0.176847303797164	0.428484660572231
S10006	0.0298398274547342	0.0494071974643103	0.223969437584422	0.0267575555740349	0.0350469433563558	0.027331327927251	3.86528561210264e-09	0.174882203755496	0.43276550301811
S1001	0.0175377617745599	0.0548827229242485	0.229063654858122	0.0297612511639933	0.0350694407356499	0.0261202367434578	2.00024434732153e-09	0.175340720983116	0.432224208816608
S10010	0.00724673135947196	0.0611239983462932	0.225095289858315	0.0304374602171054	0.0355654991212981	0.0318463606227255	6.43540997246049e-10	0.17150938565682	0.43717527417443
S10011	0.0232636463391513	0.051759048929545	0.232325794171572	0.0275442024789937	0.0353634006468272	0.0310515017083247	4.33806285733357e-08	0.175613548072744	0.423078814272213
S10014	0.0171257492667273	0.0618365804611868	0.225197739918465	0.0277689808949169	0.0347265568092264	0.0275938771589754	8.70637107749915e-08	0.17741174167352	0.428338686753272
S10026	0.0102086047552287	0.0637064564005266	0.235889293970109	0.0264350398958407	0.0367734767051787	0.0251467909544744	2.60219161678122e-08	0.16907208981177	0.432768221484956
S10032	0.028754895656113	0.0448054021896196	0.226359282059347	0.0266429971696331	0.0335698389322737	0.0306119340873712	4.38626638928831e-09	0.172217950192132	0.437037695327244
S10036	0.00984755775252576	0.0646978274684159	0.232669661746843	0.0263814594943853	0.0341607300991667	0.0280789265946482	1.46751872228881e-09	0.176605818095462	0.427558017281034
S10042	0.0269140229935581	0.047161424611499	0.227877654381715	0.0279817474449464	0.0350292176656775	0.0279160437602877	8.1484972785351e-09	0.173459004345433	0.433660876648385
S10044	0.0134405946031683	0.0604932291043141	0.239463655658999	0.0269083605735783	0.033907614529766	0.0257830556021844	4.02119640992563e-09	0.170379894556311	0.429623591350482
S10049	0.019190564251519	0.0573729248191832	0.238729594223931	0.0290153258425774	0.0358462698930369	0.0241061697171509	6.41877953013363e-09	0.170022481173066	0.425716663660756
S10057	0.01419098684805	0.0651020955738146	0.224230498087442	0.0305430473221033	0.0401265598284325	0.0252449423793272	2.2654625909487e-09	0.18025894179071	0.420302925904659
S10062	0.0186203042182267	0.0557165993244845	0.232673943642601	0.029664969531019	0.0375409891250643	0.0255477270536201	6.53911264268671e-09	0.172226727726509	0.428008732839363
S10066	0.0113500544323647	0.0604212805908513	0.230495574815783	0.0269468264647768	0.0326822780712318	0.0345509669648563	3.68944995068472e-09	0.173655529610498	0.429897485360188
S10067	0.0204291225201501	0.0561140607510011	0.24395957546379	0.029040353819641	0.0355723812654948	0.0228560823689435	3.68261660869433e-08	0.171777864139925	0.420250522844889
S1007	0.0281342036973772	0.0477518832516201	0.226551488379528	0.0257707736436123	0.0351558605439955	0.0270256002860188	9.61477334938418e-09	0.180116090333945	0.429494090249131
S10073	0.0191286983377779	0.0561569522843903	0.245993472018328	0.0305113577948139	0.0331125160665129	0.0281248603138411	4.23418567982963e-09	0.164714671941037	0.422257467009113
S10077	0.0255089218524275	0.0551064211167375	0.224814825970565	0.0271477648763898	0.0343234944498772	0.0311670422776468	5.15343854640061e-09	0.176283912634896	0.425647611668022
S10080	0.0306385918577551	0.0438939707919949	0.225604342567945	0.0296504209690983	0.0358690853826741	0.0283170905064275	8.78972708019677e-09	0.175151624364318	0.43087486477006
S10082	0.0191327102511108	0.0581536995550178	0.239788241292023	0.0282663942963429	0.033914621521935	0.0292317656559332	1.72095025109726e-08	0.170746403942185	0.42076614627595
S10087	0.0298883626630332	0.0486599638381066	0.237037167531974	0.0282314803516787	0.0347724222291195	0.025025418842818	3.23483361753161e-09	0.173625887357807	0.422759293950629
S10089	0.0218255961106977	0.0551099542946935	0.227122943401988	0.0285560729055167	0.0369128011903319	0.0259200931652043	1.91610351299988e-09	0.179818012987219	0.424734524028245
S1009	0.0313409411234034	0.0504875238237194	0.235839362680543	0.0312746377845555	0.0373511254117297	0.0254687321114919	3.52262982065166e-10	0.174485158193928	0.413752518518366
S10090	0.0204479287498138	0.0471690063573174	0.230344011099249	0.0309561379526559	0.0377886089689787	0.028679376207095	2.24393965864092e-09	0.175530913219092	0.429084015201859
S10093	0.0155954226039392	0.0563027449200022	0.215977468285521	0.02547890173611	0.0344885614318974	0.0298996053852227	2.77513693777307e-08	0.182195121988148	0.440062145897791
S10094	0.017695817414533	0.0555754298036296	0.23154430741761	0.0261577307221956	0.0351755822964135	0.0282325660714012	1.99315938612292e-08	0.172474508143591	0.433144038199032
S1010	0.0202574665524974	0.0565746316949453	0.231519361556405	0.0297758342120748	0.0355967716001047	0.0272159723594563	7.58990898156882e-09	0.177294303421072	0.421765651013535
S10111	0.015897110606082	0.0563024321042026	0.247249988310034	0.0290165142929936	0.0351326464038206	0.0261297531990419	3.63698334165426e-09	0.169658563109466	0.420612988337377
S10116	0.0184379314461564	0.0579569872479869	0.239039152478642	0.032666085696635	0.0352911566632466	0.0300493114078102	3.28990762208061e-07	0.174737106973356	0.411821939095405
S10119	0.0188997286201333	0.059296920928962	0.234794734093669	0.0296351920045982	0.0350034101481879	0.0267010263455094	5.81009387412925e-08	0.175868445964266	0.419800483793735
S10121	0.0195733418103481	0.0561969870682078	0.229701278841092	0.0323838816437109	0.0359095060916527	0.0274823183199935	5.55141626174906e-10	0.174614550778403	0.42413813489145
S10130	0.0188161470160841	0.056258563278378	0.219463721549762	0.0284597452113596	0.0379501717120335	0.0287629136652043	1.20178110253817e-08	0.176936891096128	0.43335183445324
S10140	0.0322219706734566	0.0468296695334877	0.217326358962712	0.028712540298887	0.0342884489510488	0.0325816967984248	7.40288002198034e-09	0.173056289761358	0.434983017617745
S10142	0.0249745847075162	0.0568549124650049	0.228599697208115	0.0281220036844493	0.0351201709240842	0.0255849915938573	4.61295538711079e-09	0.175688453833305	0.425055180970713
S10150	0.0325806079776419	0.0365068656515494	0.197167387054918	0.0313462668155174	0.0337194081907741	0.0373132846501714	2.28117465430842e-08	0.179441818994294	0.451924337853388
S10155	0.0249215286046833	0.0488717561952314	0.238217948358846	0.0280589033310469	0.0340570793052493	0.0289246396071813	3.83374431567658e-10	0.170842685856029	0.426105458358358
S1016	0.0102595414900708	0.0648546817111656	0.225113514306966	0.0288287301641085	0.0358987126014368	0.0271118986294882	5.81589490438862e-09	0.173059013599242	0.434873901681627
S10163	0.0333116257778652	0.0406315909748148	0.227733538276116	0.0300290270280543	0.035422321359778	0.0316065240885713	3.84316118538508e-08	0.176858497251174	0.424406836812015
S10167	0.0256933451883367	0.0440380592068459	0.224764903182123	0.0327957416395339	0.0330422086485894	0.0292976013591955	5.80454434788095e-09	0.179067309114372	0.431300825856459
S10168	0.0223986121084072	0.0541208202862311	0.235961598509302	0.0300504100866405	0.0364835839170286	0.024661676763946	2.81729826333047e-09	0.173534286835615	0.422789008675532
S10173	0.0282027625303951	0.0528132603170565	0.242642713631289	0.0294343424249297	0.0370282112918625	0.0233176169378246	7.54336923829416e-09	0.172995636147994	0.41356544917528
S10175	0.0230985219322462	0.0523301608616187	0.227766549231141	0.0272955648802685	0.0344003567582178	0.0276379692319242	4.91178378857251e-09	0.178687044019597	0.428783828173203
S10179	0.0101794075500678	0.059616724119813	0.24970158460001	0.0300956212968248	0.0317551804163897	0.0262440060716877	7.30302580401723e-09	0.169048928256651	0.42335854038553
S10186	0.030593790418239	0.0470918246801411	0.242601665383278	0.0284663535463156	0.0374410473021924	0.0230814941968263	1.80328073009222e-09	0.176765778810277	0.413958043859449
S1019	0.0181782035145496	0.0600866843536	0.235934257290414	0.0276335693634902	0.036829748586294	0.0259822427588451	1.41023808394749e-09	0.174172207537734	0.421183085184836
S10190	0.0241345364964435	0.051663841878905	0.246877867226035	0.0277034635686389	0.0311672048912705	0.02900349278228	3.8172907798843e-09	0.169586535515366	0.41986305382377
S10195	0.0239849077054482	0.049421670156076	0.223828978748949	0.026984104338786	0.0357141130618132	0.0293918399289668	5.31250417915102e-09	0.174693551763137	0.43598082898432
S10196	0.00917302340789022	0.0631781077434247	0.234182376358221	0.0270167242554556	0.0345593317963837	0.0278876435473615	6.22807745838231e-09	0.168701053293026	0.435301733370161
S10200	0.00807335208150975	0.0648973256310468	0.228245827659798	0.027479986021113	0.0344243005777056	0.0287576997287646	2.24910827023066e-09	0.175831456456054	0.4322900495949
S10201	0.0216254463869478	0.055728756559922	0.199627782998358	0.027727644686966	0.0361227118154891	0.0355600559986747	7.19977969835302e-09	0.180611105077845	0.442996489276018
S10202	0.0244946849895977	0.0501020035211371	0.229660202910435	0.0299924674099099	0.0363299776588207	0.0281381459676931	5.42322474494073e-09	0.173408917172655	0.427873594946526
S10205	0.0378241480323914	0.0381306715092781	0.240253667532116	0.0248545339975527	0.0347513471054266	0.0260112647615827	1.69962954686337e-09	0.167696831206699	0.430477534155325
S10211	0.00597881039498083	0.0661483023124091	0.230094527718551	0.0277714733035109	0.0388166390160548	0.0240951261113021	3.37570377423762e-09	0.174067441011637	0.433027676755851
S10221	0.0194806859608577	0.0509725774701253	0.234956855638692	0.0292162127358565	0.0365042770319411	0.0251093137794789	3.36803900686486e-08	0.172528129783409	0.431231913919249
S10222	0.0219947257165876	0.0548655549086934	0.219355902815835	0.0288881877144042	0.0352798405241654	0.030016080443142	1.11174603739939e-09	0.178082526413686	0.43151718035174
S10226	0.0237353845514717	0.0546437122102568	0.228149657492276	0.0296448156807539	0.034318114823657	0.0288770351487334	4.64254299968584e-09	0.16946657118591	0.431164704264398
S10227	0.0117493652021004	0.0631040922182417	0.227482481905172	0.0278790019367842	0.035283144881733	0.0293226510868209	4.98083821993762e-09	0.174558763300368	0.430620494487942
S10228	0.00770512002977549	0.0648557379050755	0.236644860495396	0.0285262222397898	0.033278216335525	0.0295069001674605	2.1295029814548e-09	0.173021950283075	0.426460990414399
S10232	0.0228224637204826	0.0549805009207779	0.240719564908315	0.0281852874472685	0.0327975606342847	0.0273880425859529	4.78228185752586e-09	0.181409760092875	0.411696814907762
S10248	0.0191553068364252	0.0551434024507927	0.239573471020555	0.0277993980845382	0.0336685510168056	0.0264496411549465	4.54831483894992e-09	0.168610751770262	0.429599473117361
S10249	0.0120997168390922	0.0575956124499131	0.22341099113851	0.0248907197274034	0.0298007278758898	0.041042565966802	1.30740472582283e-10	0.172848115598167	0.438311550273481
S1025	0.0200936133732394	0.0559805088556611	0.237641676272938	0.0272141899212383	0.0361664471609289	0.0248266587612736	1.27872686976588e-10	0.173059024254028	0.42501788127282
S10266	0.0193902413657974	0.0557849381329253	0.2242418744366	0.0293464855543361	0.036328942399492	0.0308521404200343	1.5205114545757e-08	0.171118172584425	0.432937189901276
S10269	0.0178566439613411	0.0639010995855831	0.22210808106905	0.0302002444781886	0.0360571645669295	0.0284992519171197	9.60200306531979e-09	0.174795671728875	0.42658183309091
S10272	0.00994184080337375	0.0605440075460253	0.219841072395163	0.0284617963164505	0.0375490073259479	0.0253609166672679	8.68696464314564e-09	0.176235112408757	0.44206623785005
S10273	0.035001355897803	0.0441411579777517	0.226415294978402	0.0263099907128616	0.0352588567138046	0.0282089725436441	1.07631189349374e-08	0.172119429030767	0.432544931381847
S10274	0.0176707263232898	0.0578507612171217	0.223569379071889	0.0279265674732125	0.0366644782308564	0.0265769573224653	6.15351716019574e-10	0.178771707445692	0.430969422300121
S1028	0.0254368107836351	0.0451192728853339	0.237392812212871	0.0272483476321484	0.0280627467691002	0.0312734226754137	1.6732273878007e-08	0.173168583799811	0.432297986509413
S10280	0.0295813763332755	0.039396163639418	0.243135200781275	0.0284397860658306	0.0331635187277051	0.0296983970765249	2.40760329628025e-09	0.170829066696088	0.42575648827228
S10283	0.0202107353257169	0.0568827892945003	0.243008671373579	0.0300731672998292	0.0340046608821141	0.0236461254602842	1.12322946628308e-07	0.170431325060085	0.421742412980944
S1029	0.0268485905347079	0.0484735364398493	0.230020091722172	0.0293248321063438	0.0338604692562159	0.0285935825974434	1.79098678542943e-09	0.173978320404935	0.428900575147346
S10292	0.0235407742317096	0.0539673806393632	0.236352659977936	0.0282644574665562	0.0377536553539524	0.0248599670060655	9.62906644737162e-09	0.177924122887889	0.417336972807462
S10294	0.0242041283270449	0.049680199036854	0.234587708332194	0.0285608503773059	0.0330263925193122	0.0266989513532099	5.90843844975775e-08	0.175756462331315	0.427485248638381
S10302	0.0142496835938573	0.0599217217759845	0.232691822500678	0.0293488071125183	0.0365963948195016	0.0254549677889989	1.2987582806656e-08	0.173200662609583	0.428535926811296
S10303	0.0256028780752237	0.0500411473430521	0.22905030532599	0.0286879192293221	0.0382628064848096	0.0256364914954248	2.55134081390041e-09	0.174772127514495	0.427946321980342
S10323	0.0218556473081856	0.0535642070027916	0.223774591688106	0.0303801168328818	0.0375587337132948	0.0253743518601452	8.57321776634603e-09	0.178295058771047	0.429197284250329
S10326	0.0155560710311971	0.0605590528249986	0.224656148270527	0.0286454072902733	0.0359520580976206	0.0270780977440082	3.21830076334636e-10	0.17211131214502	0.435441852274525
S10328	0.0206812682730011	0.0546909245441153	0.231884212365853	0.0339072344886813	0.038632167985009	0.0245451750182601	2.53246453782513e-09	0.171358975035641	0.424300039756975
S10329	0.0273550931041765	0.0523444755401939	0.229957219254816	0.0284722514745399	0.0373189847927226	0.0239342799699166	3.61484543305836e-09	0.175619951747423	0.424997740501367
S10336	0.0213425159604845	0.0557898791511603	0.222518735428944	0.0282977748054717	0.0378241571863671	0.0265718836455396	9.95255715052473e-09	0.176011835376427	0.431643208493048
S10340	0.0350207725138008	0.0454035555501662	0.232244426176659	0.0293767631863455	0.0372107660294927	0.0251230162893298	6.96039240946091e-09	0.171747560371288	0.423873132922526
S10347	0.0162997130398887	0.0600878287052543	0.225053861197293	0.0303725156092489	0.0375014277564759	0.0288829926586832	4.89118295618295e-09	0.178208764760476	0.423592891381498
S10353	0.0261700541415023	0.0564320887697298	0.225230829600178	0.031017287924276	0.0359496606095646	0.0275120129818778	1.81577545396872e-08	0.174876621421233	0.422811426393884
S10356	0.0317351552568179	0.047426696065491	0.229927212237009	0.0265050783990678	0.0372446573101019	0.0264980396692011	2.25748829262067e-09	0.176264037499515	0.424399121305308
S10358	0.0135598385707374	0.0583684874404018	0.23307345395415	0.027063050583688	0.0316723161234271	0.0306366620718855	2.81571792785874e-08	0.173667860215712	0.431958302882819
S10365	0.0164007046465663	0.0578817442017238	0.224995676914199	0.0278574829559383	0.0369575270381832	0.0277598635921314	1.52974508524999e-09	0.17697726805502	0.431169731066494
S1037	0.0213604645925917	0.0582282973561622	0.247055775893041	0.0310008173428833	0.0362395998159343	0.0239966510990565	1.54074322484062e-08	0.170981184920038	0.411137193572861
S10373	0.0255822073808782	0.0512132344047205	0.234448872007466	0.0274766942516938	0.0344267248219322	0.0273739661507693	9.90190052209392e-10	0.174650908518514	0.424827391473836
S10374	0.0166114649340479	0.0575907759788241	0.23319143938128	0.0237091150687234	0.0318079882294819	0.02745457186383	7.39161664902195e-11	0.181384338937882	0.428250305532014
S10375	0.0218706919430976	0.0475016469723269	0.235080107362715	0.0253465982891415	0.0357883986343905	0.0259852204398424	1.02188911495301e-08	0.172083845488965	0.43634348065063
S10377	0.0259664947701096	0.050942001157737	0.225115070749542	0.0285625136062011	0.0342421045037035	0.0282730728523815	1.2413997037251e-08	0.175991733853116	0.430906996093212
S10378	0.0265543095103341	0.051160753041305	0.233469587428323	0.0300432940393609	0.0344164542953035	0.0259313786448768	1.17781763870562e-09	0.170615829156497	0.427808392706182
S10390	0.0322259265115042	0.0438176720142172	0.215398917549507	0.0314173951453053	0.0362933779557922	0.0305347056981087	1.13877701384577e-09	0.185897039306899	0.424414964679889
S10391	0.0213833627500033	0.0543667022301922	0.221475473944725	0.0267351659680989	0.0341645600952403	0.0280271295152127	3.62926013622507e-09	0.176631961078434	0.437215640788833
S10393	0.0183225603040361	0.0520024871291876	0.233080119012376	0.0290027161997128	0.0347604941719156	0.0238519490178643	3.90340161374595e-09	0.174723096095116	0.43425657416639
S10400	0.0207483294376255	0.0528325660899637	0.227441184148278	0.0274216852093803	0.0386115468077752	0.0272772403802019	1.02545638578198e-08	0.177659142319775	0.428008295352436
S10401	0.0258449935728506	0.054726276036128	0.217742425415737	0.0305052338162452	0.0372981469289717	0.0304117103400956	2.24544548294348e-08	0.177677627703849	0.425793563731668
S10406	0.0227645869872039	0.0490037993926935	0.211440006902754	0.0296089325569771	0.0368726051466779	0.0315795708465851	1.53974797382935e-08	0.176361611357203	0.442368871412426
S10408	0.0294432244669538	0.04688123514411	0.226847122862802	0.028991572975807	0.0366119189544953	0.0285533033537221	6.38874275407039e-08	0.17138437578737	0.431287182567312
S10409	0.0184448137142545	0.0578556612032214	0.23932695279967	0.0285332807877738	0.0328584889416662	0.0262992458603255	6.55178496887208e-10	0.172671357083608	0.424010198954302
S10418	0.014950404093915	0.0642868761331552	0.201326693642869	0.0279101237720142	0.0379609940302677	0.0294586135001866	9.24254914697683e-09	0.185668701443241	0.438437584141801
S10431	0.00882765957063736	0.063744222096398	0.234464834784399	0.0252102017719473	0.0361767524858439	0.0257899689138378	1.66882835640698e-08	0.173045475020814	0.432740868667839
S10438	0.0181966823554733	0.0551182593509699	0.229729424255278	0.0278531666091702	0.0368233729288962	0.027315206973318	1.47668843006111e-09	0.175381326250855	0.429582559799351
S10439	0.0215318539322703	0.0482982770237706	0.23007241279813	0.0287706945920256	0.0360923594715533	0.0278593522121958	6.47156725743766e-09	0.1731928696186	0.434182173879888
S10441	0.0186974932343201	0.0528551861144847	0.224615869780375	0.0285812657530857	0.0355007708298181	0.0312245047745055	3.07162489078086e-09	0.172101042419223	0.436423864022564
S10442	0.0244335237586677	0.0495454676788699	0.232091402954038	0.0267457804539812	0.0357829429995764	0.0284844661847523	4.26714466661846e-09	0.171846604853041	0.431069806849929
S1046	0.0250066398422336	0.0494634652073988	0.223748677314593	0.02682681695714	0.0365947538670565	0.0295188008893787	1.6109122966243e-08	0.172039362670743	0.436801467142334
S10478	0.0253854333129567	0.0525239315911013	0.206507257602114	0.0244807221075828	0.0363798136869277	0.0330667897811395	1.32765049524138e-07	0.175946495325714	0.445709423827415
S10480	0.0201284054114888	0.0628551456939248	0.227252923569922	0.0310082363002701	0.0399293132645726	0.0227127572505445	7.72391644559235e-10	0.178200163952488	0.417913053784398
S10484	0.0195509296501658	0.0571328878693513	0.219884120757216	0.0292488444421572	0.0362827140938972	0.0316113222318458	6.74648314982825e-09	0.173150914976533	0.43313825923235
S10492	0.025415113697951	0.0473061134758493	0.240944482022853	0.0294645498730633	0.0333078530863149	0.0268054346931674	1.70340242948422e-10	0.169370394263399	0.427386058717062
S10496	0.0207235021740049	0.0624710396311742	0.235156148532415	0.0262568342523048	0.0363209051859013	0.0231928910099056	2.65976074438031e-09	0.172495672372705	0.423383004181828
S10510	0.00988273583195451	0.0679266169748917	0.230572496964728	0.0270455111772395	0.0333005555480131	0.0292673182160606	2.3664079177223e-09	0.171091284970938	0.430913477949766
S10513	0.0075286190553154	0.06400318535544	0.23395524958907	0.026762904365125	0.0332120852193423	0.0313840399773553	1.97574420653629e-08	0.168703598940862	0.434450297740048
S10516	0.0256904614850768	0.0513389962171618	0.225374225086852	0.0271750871991979	0.0363176253419341	0.0276655696275268	1.44657344869903e-09	0.177728986292828	0.428709047302849
S10534	0.0183006969535987	0.0582948638100986	0.23585139519117	0.0276287106536355	0.0361286266273908	0.0246039206171619	1.42456189921887e-08	0.1751846662118	0.424007105689526
S10535	0.021278821902383	0.0524234130688011	0.240227176327922	0.0269020515108881	0.0359656026293181	0.02514726826346	3.09549674581882e-09	0.173080838963619	0.424974824238111
S10537	0.0281056854137081	0.0486045440194625	0.227188554355088	0.026749711912543	0.0343252852588833	0.030510525495422	6.57075796199633e-10	0.169715083072942	0.434800609814876
S1054	0.00759667733561264	0.0704040048005337	0.225212300357917	0.0321004505982176	0.0384637954186833	0.0237706621756257	3.54355272290278e-09	0.176401045040542	0.426051060729315
S10543	0.0177182467657279	0.0609625716421858	0.225163121062353	0.0300370390101787	0.0345725958860562	0.0274589134735149	5.6269929258511e-09	0.178397217901431	0.42569028863156
S10546	0.0195684739355051	0.0569307192910582	0.226424901188048	0.0253271361670022	0.0340195128576	0.0290926058747062	6.05210619667569e-09	0.179506950298598	0.429129694335376
S1055	0.0176514989658014	0.0528437933436055	0.216366572386585	0.029693646901994	0.036397173580175	0.0305137193445825	5.56161490998683e-08	0.177019144127182	0.439514395733925
S10551	0.02451773310131	0.0532864538555721	0.224543875752752	0.0302656578288114	0.0362259181200728	0.0279665763207612	4.32459783608817e-09	0.174526978539649	0.428666802156474
S10552	0.0183732744657065	0.0582793425330962	0.210746217879202	0.0266865797652902	0.0357873745556648	0.0314223287106735	4.14417084895656e-08	0.180307918679964	0.438396921968695
S10555	0.0209614707442126	0.0562580276566251	0.235547685816908	0.0365487951393108	0.0338809025823819	0.0253008624750098	1.79582953078187e-09	0.170078827605064	0.421423426184659
S10559	0.0146427148737011	0.0587734636718218	0.233017321842744	0.0257519626793047	0.0374202273566852	0.0269346650838456	1.71716564707227e-07	0.173824540318198	0.429634932457135
S1056	0.0260653048780606	0.0545155914178424	0.235990623540959	0.0283201352427015	0.0333566174984728	0.0280341145793343	1.0390691388291e-07	0.172007064429669	0.421710444506046
S10563	0.0276208771413474	0.0468266467784529	0.230939786599698	0.0302020022970643	0.0360433604320397	0.0288419476953808	4.92096589516958e-09	0.172893154997373	0.426632219137678
S10574	0.0100573625554339	0.0660370542328621	0.241595201425891	0.0283953508561331	0.0358774048643327	0.0250708502170872	3.74358263649288e-09	0.168849496122628	0.424117275982049
S10576	0.020700850713041	0.0540052231353823	0.218967709205154	0.0274614922089441	0.0360355385824644	0.0287573923694903	1.44317807683818e-07	0.177926237563911	0.436145411903806
S10578	0.0115318315361998	0.0607598524427422	0.221518243341158	0.0284117334749458	0.0339872707875636	0.0288038669271231	2.47032815883878e-09	0.175409750827156	0.439577448192784
S10579	0.00474355794827716	0.0721767397364532	0.225987868230823	0.02919446717447	0.0345387782514094	0.0264748828232987	2.34691342323486e-09	0.174626399147591	0.432257304340764
S10582	0.0263208992379844	0.0523068831476762	0.226444290436741	0.0275313984595997	0.0341010631856423	0.031542848998549	1.47523009883881e-07	0.170604489917979	0.431147979092818
S1059	0.0260095541374668	0.0502318732215567	0.228106160620894	0.030797770492238	0.033641619281841	0.0287730199758071	5.77215909893646e-08	0.175691407361679	0.426748537186926
S10599	0.0241927450852505	0.0489642059868905	0.230241343224681	0.0234574735689766	0.0343292158951584	0.0282885801035868	5.08411259509796e-09	0.17543731899325	0.435089112058094
S10611	0.00856669933669794	0.0660290565234862	0.234103456680489	0.0279267176671369	0.0349401539361831	0.0271165267065075	7.8240139478617e-07	0.173217828343782	0.428098778404322
S10614	0.0169331876037038	0.0553840924820279	0.22528642343647	0.0279786457243803	0.0370818295503924	0.0287827695076384	1.31300736213285e-09	0.172877340115394	0.435675710266987
S10624	0.0102581209722189	0.0725608805684311	0.228324543467254	0.0298791354372515	0.0313427056953835	0.0317311378393932	1.80772038898224e-08	0.178183352913371	0.417720105029493
S10632	0.0216010159968076	0.0563828203909741	0.22305665067859	0.0236284874039847	0.0383439673753957	0.026385988784384	6.72229564443293e-09	0.179896120019946	0.430704942627622
S10634	0.0250064789862828	0.0554273216663172	0.231700350632128	0.027740030323148	0.0376230722015338	0.0234689464178993	2.19300475204404e-08	0.171380916362268	0.427652861480375
S10638	0.025623376111563	0.0462972730030714	0.234191912035635	0.0289684235265134	0.0338491777018495	0.0286272053948625	2.5486035139884e-09	0.174704844563459	0.427737785114442
S10644	0.0145496232970783	0.060340445448088	0.24715677687961	0.0261414166020305	0.03705672913357	0.0242146045248707	4.76343803785657e-09	0.168745508638877	0.421794890712437
S10649	0.0161810365661865	0.0572124888170531	0.221366972498695	0.0293362174268894	0.0343692252384844	0.0298113938513655	1.8204457394632e-07	0.173788388451838	0.437934095104915
S10652	0.0282175053119408	0.047963806693629	0.208895235454488	0.0285089879976984	0.0353196368186118	0.030471065730243	3.13933602196795e-09	0.180111773571433	0.44051198528262
S10654	0.0181572154542583	0.0589093974468899	0.231424738763968	0.0255547968113535	0.0347494198010114	0.0258563487007937	2.69797860285513e-08	0.174129257545573	0.431218798496366
S10655	0.0101947301426316	0.0644373393920875	0.23390339444803	0.0284461743141344	0.0358640590618198	0.0281444615937682	2.22186697109098e-09	0.172110406010525	0.426899432815137
S10656	0.0166330588970751	0.0556054879035101	0.239588685908842	0.0288687096637235	0.0331420097692525	0.0284115239189097	9.19698797607848e-09	0.169254570647343	0.428495944094356
S10657	0.0235343142873395	0.0515354634142944	0.220828176672633	0.0295128267859892	0.0326277867411673	0.0314987596851897	2.96305816790973e-09	0.17798363044892	0.432479039001409
S10658	0.0221164875315162	0.0558616756046404	0.236668237586871	0.0276399797115771	0.0354000690286755	0.0251562395379786	4.78441636715478e-09	0.168270733171694	0.42888657304263
S10660	0.0113682059825405	0.0651130675315053	0.231677671145661	0.0313955994189685	0.0388163708814579	0.0232050033728451	6.0217350690757e-09	0.178735105350039	0.419688970295248
S10661	0.018645271951449	0.060781939903528	0.240144558482316	0.0276361582478069	0.0348388256020653	0.0267547771835959	3.24057517002098e-09	0.170647923456572	0.420550541932092
S10676	0.0191983271052713	0.0576183505384737	0.218059201163888	0.0259856309687904	0.0275165363586615	0.0340592424249512	1.19811549879542e-08	0.174721408717073	0.442841290741737
S1068	0.0299336769238338	0.0485257757655446	0.235790918961655	0.0291273202214333	0.0358275484586066	0.0260679702970155	4.16104829055073e-09	0.17053872443566	0.424188060775202
S10681	0.0195063804166436	0.0565264718451001	0.215873124875821	0.0296984313772635	0.0356380939851918	0.0273865871217154	3.57833255038123e-09	0.180629999913648	0.434740906886284
S10686	0.0125338958305946	0.0668974896534102	0.21980290192961	0.0277766994383844	0.0356321362478994	0.0268677066276068	3.30945356873207e-08	0.176883911169313	0.433605226008645
S10688	0.0188836887484451	0.0545721858666743	0.252129090458434	0.0256722553290541	0.0340478070559909	0.02566300235016	3.25435299595844e-08	0.168656588876505	0.420375348771207
S10690	0.0114175201695556	0.0647298926130538	0.218717109737173	0.0295043642071698	0.036925932594561	0.0265954035311794	1.69455021045498e-09	0.180760677008635	0.431349098444123
S10698	0.018893303725361	0.0572541136511016	0.240145625422613	0.0272555795169381	0.0354737172002509	0.0252358112061723	2.41497092626283e-08	0.170154631925455	0.425587193202399
S107	0.0115496582722152	0.0637499875734681	0.23824656957528	0.0313924828880313	0.0338724976167003	0.0289699237096758	1.34576199279613e-10	0.171094331364013	0.42112454886604
S10703	0.015976498670365	0.0554801082940937	0.239824030685026	0.0305090171395954	0.0358916094555024	0.0254202061580849	9.58509519906945e-08	0.171877796781914	0.425020636964466
S10726	0.0283300909735491	0.0510051849329148	0.23321725247389	0.0271071339091074	0.0349851268667568	0.0268882598979147	4.88834992298527e-10	0.173303342133216	0.425163608323817
S10729	0.0181439795867599	0.0592259724978885	0.223509038048472	0.0275850285396002	0.0355215487363226	0.0290832896416007	1.75643344470854e-09	0.178284388924519	0.428646752268403
S10733	0.0166450036933707	0.0563655658485305	0.237346393515518	0.0262870389350304	0.0351187737602386	0.0267862573845254	1.01026912443014e-09	0.172204538188535	0.429246427663982
S10734	0.0166957813384106	0.0627562369413367	0.234332157720352	0.0292915385866126	0.0351989328703741	0.0264884405345228	5.34727575126223e-09	0.174504321098645	0.420732585562471
S10735	0.0229768013854786	0.0563233545037602	0.225182387592556	0.0289178475384496	0.036646995123923	0.0273044892564169	1.03575084116341e-08	0.175201045069471	0.427447069172437
S10740	0.020836976969572	0.0495377521776696	0.231159817566349	0.0273021809821462	0.0333591012781598	0.0335676125541789	1.05575702859157e-08	0.17191551372775	0.432321034186605
S10745	0.0269586545524978	0.0519541470440251	0.212389980662206	0.0263611321130883	0.0342740436900829	0.0327317176966302	4.44112627229994e-09	0.175307189056702	0.440023130743641
S10748	0.0264084718558985	0.0523049697078402	0.230777832115231	0.0272617119317215	0.0364874897022419	0.0264305650643431	3.08904451286118e-08	0.173139768543556	0.427189160188723
S10753	0.0284310377853975	0.0459046871338231	0.237192450638267	0.0268535430083115	0.0345074446059618	0.0297955419826264	1.26174917632808e-08	0.16780346898167	0.429511813246451
S10756	0.030653073001046	0.0446357609433516	0.230052711522913	0.0269888282809339	0.0349883587092694	0.0272278338389392	5.20541664499389e-09	0.172233054168861	0.433220374329269
S10757	0.022166376343778	0.0541857288106067	0.254622455157225	0.0295917258826219	0.0353076535072573	0.024513838550414	7.6377151256965e-09	0.169692188475576	0.409920025634806
S1076	0.0315589911335558	0.0455555243204929	0.232921428288067	0.0255917732119171	0.0357945718522365	0.028507357099778	9.30498671538013e-10	0.172689268158638	0.427381085004816
S10764	0.0213771597406986	0.0559610183540239	0.220325579626634	0.0291465823374514	0.0365315072479148	0.0278478335264158	2.80886900331775e-09	0.179299561628034	0.429510754729959
S10767	0.0234171524842886	0.0547397163390577	0.231109778759435	0.0320596314597332	0.0369581455866223	0.0225431963971276	3.18049387965499e-07	0.175517335386656	0.423654725537692
S10776	0.0266985067997223	0.0504462778889854	0.227979546679834	0.0269194527511479	0.0338656891759456	0.0298969739909549	5.34728329036006e-08	0.172472052768311	0.431721446472266
S10778	0.0170388994701338	0.0564704364274206	0.232449968282265	0.027724978655923	0.0354112458377005	0.0285816020274915	7.19735618159772e-09	0.170326326405171	0.431996535696539
S10784	0.024757309747371	0.0537898920026585	0.220668905637037	0.0251017813448992	0.0351663554098051	0.0335956355219774	3.75196907849097e-06	0.171052318531178	0.435864049835995
S10787	0.0178669189632891	0.0606221409407147	0.227176684582972	0.0292521828466121	0.0372985224885279	0.0260244258910835	3.77870354387162e-07	0.178088503940456	0.42367024247599
S10800	0.0408085560163422	0.0429015858862454	0.226889954680585	0.0285080395651164	0.0357041677788066	0.028274215534578	3.38017153846409e-09	0.173028748394033	0.423884728764121
S10805	0.0292920418057624	0.0491587395566577	0.219125278127546	0.0279698937459299	0.036834250763419	0.0291944418621974	4.45353686587925e-10	0.173901764741074	0.43452358895206
S10813	0.0231703313670711	0.0561229064691411	0.224685663817303	0.0283793649924774	0.0334852928173609	0.0294065843096976	4.79524233120765e-09	0.176487529319527	0.42826232211218
S10814	0.0109731328602857	0.0644663601655033	0.21427505234435	0.0283370147541564	0.0361394261428351	0.0284345435931159	1.8701649915635e-08	0.184789362214119	0.432585089223984
S10815	0.0200642359257123	0.0544898179709604	0.233801953157704	0.0267913351784548	0.0343221382841753	0.0292850044961489	1.32626446627642e-09	0.169376293440694	0.431869220219886
S10817	0.0248032038232672	0.0494348016499664	0.231910604521493	0.0308489461591261	0.0359115469391925	0.0259668119367766	7.01395894249786e-09	0.175594831399074	0.425529246557145
S1083	0.0191798353192545	0.0579561028171438	0.238412181448819	0.0288246498491736	0.0340179297697463	0.0258927728805138	2.24247970907271e-09	0.171294836418584	0.424421689254285
S10835	0.00654913847032678	0.0625219107865057	0.228337185449319	0.0258001593660319	0.03190846289995	0.0312378692838064	2.8555694053469e-08	0.175226778261182	0.438418466927184
S10838	0.00613844679745906	0.065734205938683	0.233575576667523	0.0306932540816884	0.0337176118467977	0.0278276149113717	1.93756956045942e-10	0.170249192204775	0.432064097357946
S10844	0.0241083028902936	0.0567707812429551	0.231552515744632	0.0273209484986918	0.035152249436088	0.0243864255458469	1.8853613594156e-10	0.178646552510095	0.422062223942861
S10845	0.0184444384620452	0.0571767873724138	0.225412696301412	0.0261811690745959	0.0335859101998793	0.0299725435176038	1.61652360750397e-07	0.174164963879325	0.435061329540364
S10846	0.0460777462770836	0.0356784034522237	0.236560646067421	0.0293851177362025	0.0349809989030067	0.0240707717394659	3.65275493276192e-09	0.175785647734672	0.41746066443717
S10853	0.0114091383890088	0.0611077910291625	0.21060462432212	0.0275149878222247	0.0349905070965855	0.0272541742963008	1.80379518248682e-09	0.177564128401048	0.449554646839755
S10854	0.0279296247880988	0.0506495277273813	0.24185290730756	0.0289812460032068	0.0381146609230984	0.0226154005425612	2.12616403788966e-09	0.169581604182484	0.420275026399446
S10865	0.0294337101027757	0.0454680416109753	0.228397877971965	0.0268776064029892	0.0375855437079875	0.0280096435745675	4.13972324786344e-09	0.172801776959857	0.43142579552916
S10866	0.0181520822418665	0.0573069546663048	0.226081679533704	0.0301075195827381	0.034564111034482	0.0265104956951444	2.40548266294905e-09	0.173986654317942	0.433290500522335
S10869	0.0123218969900512	0.0632033357427458	0.209554376100302	0.0303790304795408	0.0344910839325576	0.0307641074721413	1.02466140586982e-09	0.177116655730508	0.442169512527493
S10873	0.0189610703188407	0.0588396265731152	0.22374761848172	0.0288226173992077	0.0340517632956387	0.0315840219332796	5.71910548549112e-09	0.173846531996733	0.43014674428236
S10876	0.0208305701744525	0.0541279903280379	0.243006399791739	0.0282560714404222	0.0388795029681506	0.0230402858200387	3.8921258380014e-09	0.169161802620074	0.42269737296496
S10883	0.0214862827001511	0.0546149994867296	0.214376359386765	0.0276981569055317	0.0364814544424507	0.0277544598483508	1.39324565906721e-09	0.180699015826636	0.436889270010139
S10885	0.0243256610087554	0.0485882778074753	0.227089785888008	0.0261531322117422	0.0347447611121892	0.0288055046848853	1.17525923264954e-09	0.17370912578465	0.436583750327035
S10893	0.0187686577882294	0.0533207386616207	0.229465393383059	0.0263840100722157	0.0347548706110248	0.0281462777751825	1.26982973206764e-07	0.175666827875258	0.433493096850437
S10895	0.0167423963350574	0.0544601052026347	0.224919498073057	0.0274781797520399	0.0369621393959313	0.0280663727926794	2.2209003684893e-08	0.174662641196826	0.43670864504277
S10902	0.0173700428420008	0.0640458253766366	0.22965686129564	0.0280244599660584	0.0326588336163499	0.0285923506937693	3.67080319639227e-09	0.175551651449794	0.424099971088948
S10903	0.0163381299204613	0.0537519199061684	0.216778827591023	0.0295632930572185	0.0357588109587723	0.0273379334845169	5.11827866806768e-09	0.178837951505038	0.441633128458523
S1092	0.0158651176676912	0.0584204181643136	0.231822032034917	0.0248189213034521	0.0346419165200925	0.0306280662971476	1.41881579548427e-08	0.169804839993579	0.433998673830649
S10925	0.0222268648528799	0.0553072755200109	0.221827671488292	0.028989214832136	0.0388478611707004	0.0246226575954858	1.31029121666462e-08	0.172614951140944	0.435563490296639
S10927	0.0165744464308844	0.0553819106063007	0.236207315729396	0.0266368921526987	0.0357237241379392	0.0275712481883042	1.32492388818072e-06	0.171484801515062	0.430418336315527
S10936	0.0140055506231338	0.060931740944681	0.237030415296803	0.0317686832091768	0.0353906140805778	0.026390756094069	4.01540642765901e-10	0.170486416158363	0.423995823191655
S10945	0.0272181097396875	0.050858440610074	0.223828569576963	0.026872280197503	0.0347363908684791	0.031159304337336	2.26721493285145e-08	0.172771692864403	0.432555189133406
S10947	0.00819190598675897	0.0695919433444893	0.223668491436607	0.0278518545977813	0.0362411674285179	0.0270148587307534	1.30449721992555e-09	0.179464347952966	0.427975429217629
S10949	0.0210838814156863	0.0525781635147391	0.243691305578098	0.0262884211974542	0.0345138464399981	0.0224892128806125	3.90728896809376e-08	0.171033076115819	0.428322053784704
S1095	0.0198484675696294	0.0565549947109668	0.217181278951373	0.0283967483226486	0.0383764167421691	0.0274405479308942	2.44232460040864e-08	0.183048201766317	0.429153319582756
S10961	0.011998108640875	0.0584871167100576	0.221741164824222	0.0312686526659228	0.0334795514495951	0.0296090062542059	3.39607176370277e-09	0.176393525500665	0.437022870558385
S10969	0.0165330845061558	0.0587534456048938	0.237534777072861	0.0266953162390964	0.0357813266611471	0.0270527280625321	5.73632920425857e-06	0.17240099777136	0.425242587752749
S10972	0.0324823456517868	0.0476309001257821	0.216197490152923	0.0305952401913151	0.0345821536499858	0.0295107404463369	7.67155765253673e-09	0.176217784252299	0.432783337858014
S10973	0.0316639385807088	0.0452658893737271	0.219766172416764	0.0308787605834107	0.0333973335536122	0.032980712322638	4.77694335167791e-09	0.171007367763973	0.435039820628223
S10978	0.0141319037843311	0.0609977470171309	0.23017647776145	0.030777847099167	0.0333344053323639	0.029829920381526	8.62618756998801e-10	0.169642563312766	0.431109134448647
S10979	0.0150511328778016	0.0632551830603891	0.232877450491556	0.0268019020703971	0.0358839470021977	0.0283515230695624	3.1646238940496e-09	0.172026241786469	0.425752616477003
S10986	0.0127900531245626	0.0568249530499751	0.231934365620949	0.0256441416231192	0.0390228429218365	0.0274692367657864	1.47027591268554e-09	0.17326496483343	0.433049440590065
S10989	0.0138478795661156	0.0603801704814495	0.237532826047097	0.0282947683079475	0.0361643610702782	0.0256811898175964	4.02190368270027e-09	0.171442934346788	0.426655866340824
S10995	0.0113901544730412	0.0599553908239662	0.240109493709072	0.0269634597403591	0.032868576850253	0.0283309206119546	5.38254604053988e-08	0.168451607312979	0.431930342652914
S11005	0.0200512750309889	0.0587691604493487	0.231859629713173	0.0266105477014838	0.0365278218544782	0.0254980183209213	4.81115008337448e-08	0.174337983490688	0.426345515327418
S11008	0.0303349619488405	0.0460034431185725	0.227715799116257	0.0265685530411488	0.0336284533115463	0.0302399165734048	1.90970063045753e-09	0.173478362251695	0.432030508728834
S11010	0.0070552481141135	0.0645734020328243	0.226007214271956	0.0283185535715337	0.0389181188707312	0.0270127364272682	4.77400155702788e-09	0.179054868666818	0.429059853270754
S11013	0.0179810448401677	0.0557630531876251	0.233608308823473	0.0306119307865047	0.0369151046309339	0.0254373794577464	7.37292596631218e-07	0.173983931920059	0.425698509060893
S11016	0.023826652389955	0.0521009541061651	0.23469355986033	0.0279328971151765	0.036912240272443	0.0243930049235563	2.43822279933641e-09	0.17174355155315	0.428397137341001
