B.cells.naive	B.cells.memory	Monocytes	NK.cells.resting	NK.cells.activated	Neutrophils	T.cells.CD4.naive	T.cells.CD4.memory.resting	T.cells.CD4.memory.activated	T.cells.CD8	otherCells
S10001	0.0331041107263384	0.0239520779757346	0.0055681840056225	0.0233642901069976	7.29708652022885e-09	0.240400642299683	0.0112846667679224	0.019734157043195	0.0203446353569125	0.0430723583740099	0.579174870046497
S10006	0.0342620587497607	0.0241714019610251	0.00553517966626825	0.0236475199565241	8.74197550361362e-09	0.238391149516581	0.00206839478093949	0.0219393073748332	0.0229893596493875	0.0490966503614821	0.577898969241223
S1001	0.0297300908906502	0.0257334444492373	0.00616869683651902	0.0249119703100202	2.19744709664793e-08	0.23188321175082	1.98187265455989e-07	0.0239826493548107	0.0222055990487508	0.0541695984138974	0.581214518783558
S10010	0.0254999990710346	0.0265218277155643	0.00631985655271736	0.0254269625436353	1.79097618311021e-09	0.248820486844124	0.00606486839001378	0.0186357812073537	0.0226651126716715	0.0508462169637009	0.569198886249209
S10011	0.0319049209765377	0.0251759878437532	0.00649364704270914	0.0240963842520024	4.43464238799313e-07	0.232558585155377	0.0112994515621944	0.0158362840966266	0.0224573869844774	0.0508608193670919	0.579316089254992
S10014	0.03048874588397	0.0250197904891923	0.00584481900209362	0.0261535084072357	1.3854440112935e-08	0.232046487269975	0.0048997474522414	0.017509724307488	0.0228295489278455	0.0527849098239023	0.582422704581615
S10026	0.0262776434206514	0.0304278032224314	0.00578280030675257	0.0260108903069688	7.69705866911862e-09	0.241864182760545	0.00394083223955738	0.0285878676742148	0.0209053192011426	0.0428111135493212	0.573391539621356
S10032	0.0359176549670952	0.0228550990576511	0.00665554715564879	0.0261981610350859	4.40254383342147e-09	0.232378984900302	0.00458208074860226	0.0231705535163576	0.0225926130248228	0.0447353159793277	0.580913985212563
S10036	0.0258522775415626	0.0278779386327076	0.00556595833429847	0.0244867599964821	4.26601627854291e-09	0.241461031787819	0.00293064771141274	0.0284430470781002	0.0200233809907048	0.0430196073439389	0.580339346316957
S10042	0.0318573895865758	0.0252355124638048	0.00598114568945041	0.0267536078002139	4.90853272024102e-09	0.238228511913354	0.00240066794265788	0.0234179878831306	0.0213252185464378	0.0500491241134105	0.574750829152431
S10044	0.0274946875107479	0.0291215461419587	0.00554152184387971	0.0251253416092412	2.90831599088883e-08	0.241288747098528	0.00613538022150986	0.0251261657899726	0.0216312169074034	0.0446695330626401	0.573865830730959
S10049	0.0315620363312159	0.0266560966264803	0.00532986484668462	0.0216161922121354	1.79760559160782e-09	0.23942952500946	0.000552587053966565	0.0274774484310338	0.0219207052954971	0.051991724749774	0.573463817646147
S10057	0.0277824049246539	0.0292416229969822	0.00565266862099253	0.0270055843944108	4.29531777168084e-09	0.221999076554102	0.00322159914914438	0.0211168592597581	0.0232893851814809	0.0515917694966381	0.58909902512652
S10062	0.0300079845187897	0.0266329096728024	0.00622106045180194	0.0220978652485922	5.94211091661264e-09	0.239591308353432	0.00599364460896059	0.0228604306412596	0.0223963160246883	0.0490602337018355	0.575138240835727
S10066	0.0270000220520431	0.026161606559977	0.00608892282474755	0.0228417142357667	1.8168924404952e-09	0.247831821845693	0.0106185501265222	0.0223126170821373	0.0223124233492226	0.0426885067988607	0.572143813308138
S10067	0.0307601679216062	0.0263565322106151	0.00572816454829379	0.0263163281599965	2.43207748794061e-08	0.233024392203339	0.00418550219730056	0.0239925276363778	0.0223119125562825	0.0524292363227761	0.574895211922638
S1007	0.0364874256161723	0.0211675375064372	0.00573380583242299	0.0256253019025841	3.13684183877444e-09	0.233890217365062	0.00319963026521464	0.0248872582097582	0.0221392650510318	0.0432597020180261	0.583609853096449
S10073	0.0302062831751298	0.0253202260215414	0.00555327573483959	0.0237954914837071	4.51627352246498e-09	0.23905541054443	0.00391591670053583	0.0232402038468335	0.023798438072903	0.0556729449183803	0.569441804985426
S10077	0.0338436037595455	0.0256000526988183	0.0062092141276335	0.025146678484859	3.01559614333594e-09	0.230499612059634	0.00763556407341754	0.0177710545041803	0.022658988764035	0.0501557428073118	0.580479485704969
S10080	0.0357681411423494	0.0225380547400997	0.00646357308834474	0.0270123147883403	6.03307697202164e-10	0.234172927321573	0.00143208524966314	0.0187647410828983	0.0230397064048886	0.0542226084240591	0.576585847154475
S10082	0.0312991891395667	0.0271903620990364	0.00607598801861919	0.0199246246610885	4.63577864674639e-08	0.235656810552477	0.00377075430700734	0.0294996301914406	0.0238347944612824	0.0478875369625638	0.574860263249132
S10087	0.0336915568928407	0.0259280867787194	0.00577286969103838	0.0223852771953156	5.61651266393844e-08	0.236233876022699	0.00373837214082872	0.0259820109202468	0.0228264003721039	0.0484923597661044	0.574949134054976
S10089	0.0297928582191239	0.0260590417356264	0.00515229528489466	0.0249652236520534	4.62951530723755e-09	0.244348981531401	0.00899494391350204	0.0194594954402781	0.0199940945062306	0.0471118650465082	0.574121196040867
S1009	0.0367578335211075	0.0242378284864922	0.00572368378080535	0.0230277935945446	1.25612765288928e-08	0.223537481156774	0.00524894756672915	0.0232261717820856	0.0239996821651011	0.0538771612895089	0.580363404095575
S10090	0.0301794937415094	0.0230132323272679	0.00555964347553307	0.0208065296597725	1.71731650591646e-07	0.241421871092692	0.00773247554750957	0.0177232134598044	0.0240040555673484	0.052786380294229	0.576772933102683
S10093	0.0296387088892746	0.0231549454955189	0.00614304563027338	0.0271512665364419	3.1789552912744e-08	0.235808853522109	2.43330904430176e-06	0.0262984095026243	0.0215026174455857	0.0471124121301044	0.58318727574947
S10094	0.0292699857246993	0.0263087595085348	0.00606569836021967	0.0267974062946326	2.21608147440692e-08	0.239462395399673	0.00359965814941765	0.0270553219097858	0.0212922219003529	0.0442759394577142	0.575872591134155
S1010	0.0290050629372026	0.0284001767488862	0.00585325768643418	0.0229386664086034	1.01622933454088e-08	0.233487671879935	0.00489996782365616	0.0215889863203311	0.0227552899778071	0.0533913640577353	0.577679545997115
S10111	0.0293304974022566	0.0265515872100753	0.00572771905384693	0.0259861293252582	5.09824285125879e-09	0.234157888575869	0.0044146086396804	0.0265241549434214	0.0234103139922318	0.0498317430535051	0.574065352705612
S10116	0.0296268640729714	0.0275660040269414	0.006460535627599	0.0266271389823454	6.32413827966969e-09	0.214465873596123	0.00774020133226938	0.0136704223129151	0.0232143243890191	0.0645169771780248	0.586111652157653
S10119	0.031918598395788	0.0259244555131935	0.00598944949163136	0.022737552348678	4.64799129056779e-08	0.232447733407141	0.00194688552037086	0.0271292302354806	0.0220469994583766	0.0506846944886117	0.579174354660815
S10121	0.0295717565860587	0.0264774886095022	0.00546401678151628	0.0241075189848759	1.27154712893916e-08	0.239569440075572	0.00599064839137703	0.0168013557300538	0.0230979334387623	0.057005390087524	0.571914438599286
S10130	0.0292606562864894	0.0264299290076519	0.00592484301218586	0.026096169162524	1.7269906589622e-09	0.242623933013292	0.00943670745155909	0.0172292959305242	0.0212541468070418	0.0455748007208668	0.576169516880875
S10140	0.0342336175055329	0.0258945596137063	0.00565170888504185	0.0240355761826212	2.57058375494431e-07	0.245713570565157	0.00304447612595799	0.0187055198164048	0.0236180577077714	0.0472541240919986	0.571848532447433
S10142	0.0329813755672269	0.0270148738223967	0.00589534400002664	0.0298383622221833	4.91578581562326e-09	0.222904906470701	0.00275271143325782	0.0209229200433124	0.0224052871994511	0.052373781991196	0.582910432334462
S10150	0.0324649845959878	0.0223353980793538	0.00634657219007438	0.0283502833065281	4.94236415485413e-09	0.250112301924885	0.00526222901004263	0.0113390640896147	0.0222168111044788	0.0522752613260867	0.569297089430584
S10155	0.0315253213836437	0.0255967438725648	0.00593678702084741	0.0242861492098604	1.38670521122674e-07	0.235198969951907	0.00625886979912137	0.0220520110377474	0.0227234033853036	0.0490877663627269	0.577333839305756
S1016	0.024027151034318	0.0311356854822877	0.00618854697757118	0.0260656407955034	1.29711435849307e-08	0.235850005616573	0.0045173097026934	0.0221809257810396	0.0217420606614365	0.0490548908224766	0.579237770154957
S10163	0.03668055782752	0.0206191580602173	0.00627456035104328	0.0278162253037578	2.57516860092925e-08	0.234151637899733	0.00946517464684132	0.0120971815020734	0.0213773437000969	0.0544736613155372	0.577044473641494
S10167	0.0332644418657576	0.0217161024183443	0.00552948213595358	0.0269534688132675	3.68322285976066e-08	0.232560140237752	0.00013882343846542	0.0171789603978422	0.0234630969922676	0.0565175499066852	0.582677896961436
S10168	0.0337204312728641	0.0239450743798874	0.0057705431983259	0.0297335788684672	5.48315370655816e-09	0.228991383734458	0.00502782031892532	0.020245886837433	0.0233298735856705	0.0528087465234527	0.576426655797363
S10173	0.0331816286673219	0.0289072532344675	0.00607241879706623	0.0226730798365044	9.85793564786185e-09	0.229062139704542	0.00428036068982319	0.0231017615938488	0.0240827897613683	0.0523608116120284	0.576277746245094
S10175	0.0315831426943514	0.0251964049437734	0.00579206762735339	0.0257009906308607	2.01154687648259e-09	0.237968530221355	0.00384822229530834	0.0244759793160851	0.0224936012929189	0.0454317368770134	0.577509322089433
S10179	0.027281627671214	0.0279938037890625	0.00645353234212667	0.0271916620233967	1.13717691805202e-06	0.226498264176291	0.00209528006559877	0.0224398082840735	0.0258821390707782	0.056701029382879	0.577461716017662
S10186	0.0359707667601834	0.0256187068880173	0.00609565663028987	0.0242519123416805	1.0076947418272e-09	0.21218200062071	0.00829573094237511	0.0202194033145331	0.0255012463512442	0.0536115291361454	0.588253046007127
S1019	0.0316977144775547	0.0264478235905193	0.00601551666056692	0.0264317859413304	2.91475652629393e-09	0.227666032403661	0.00616855929246529	0.0232167225386118	0.0236762934851653	0.0474158912754465	0.581263657419922
S10190	0.0328678381636774	0.0260100619050291	0.00589476514270904	0.0200231574206788	3.83571794811476e-09	0.236260579243012	0.00238208838084181	0.0275770520182856	0.0242903074778541	0.0508835032565254	0.573810643155668
S10195	0.0316842322432307	0.0246507465092802	0.00561705094399137	0.0251734063158286	8.20712279077811e-08	0.245079433763594	0.00616956892693777	0.0197953324803578	0.020700073430866	0.04657770581421	0.574552367500476
S10196	0.0283181740359481	0.0262193402170473	0.0056046673132541	0.0264219367933299	6.15543234974136e-09	0.239939675383487	0.00466397922234761	0.0270348727426184	0.0225250563630608	0.0439842483380738	0.575288043435401
S10200	0.0235288282660646	0.0296448866179321	0.00586617237865364	0.0291110371764944	4.66831076556001e-08	0.24181524427962	0.00442510204380748	0.0206013141253458	0.023360391877978	0.0490020250760409	0.572644951474955
S10201	0.0321175874231088	0.0245832325366485	0.00543776376669585	0.0264028354532767	2.39985119835267e-09	0.255861497540042	0.00760453315100036	0.0113704514818224	0.020902469656143	0.0470148738196934	0.568704752771718
S10202	0.0327465460891178	0.0222309996449612	0.00644910061447728	0.0289819971936237	7.81020848983007e-08	0.232906444983497	0.0046722171859004	0.0168492299376965	0.0239528228472597	0.0580612015686337	0.573149361832748
S10205	0.036105939655305	0.0224738797901032	0.0051130749793462	0.0269259181614744	1.18419830433761e-07	0.240937342190461	0.00436875976117626	0.0262348934301445	0.0227818281545184	0.0437743441933436	0.571283901264297
S10211	0.0262279881711643	0.0275928459815805	0.00551698392439178	0.025097435694554	1.51638124972556e-06	0.233785088217987	1.09284309662047e-07	0.0277299379818842	0.0226906712557817	0.0480669926367678	0.583290430470329
S10221	0.0312029545329624	0.0247624524932546	0.00584427236987104	0.0234021219582005	1.10100655901868e-08	0.237265004167829	0.00159625502868928	0.026881690264412	0.0226609574076892	0.0496065137239677	0.576777767043059
S10222	0.0306623713446525	0.0266449991510333	0.00526021783678003	0.0211291260949948	4.6494683377095e-09	0.244499076960077	0.00732725554920241	0.0150655239283191	0.0237873569532002	0.0500701330982762	0.575553934433996
S10226	0.0310153021154768	0.027204577049825	0.00561631271922696	0.0221716194062876	7.03168618881454e-08	0.244494170261813	0.00491510436908285	0.0225159284515334	0.0222928496144069	0.0481688740175925	0.571605191677894
S10227	0.0277041391893236	0.0278491610553358	0.00601151752740919	0.0243877494548252	4.23546424242683e-08	0.241869108127694	0.00389581943913712	0.0259768594827419	0.0215978339690742	0.0435925127653453	0.577115256634472
S10228	0.0242133241057161	0.0309470194483664	0.00591015741627405	0.0251298515689296	1.43046610601858e-09	0.237547438063648	0.00686026637485932	0.0220247831449769	0.0234897839262696	0.0482869109153258	0.575590463605168
S10232	0.0327056228358734	0.0263645751244532	0.00604755489339138	0.0242633063187142	5.69236146661115e-10	0.219505395594936	0.000657208654414009	0.0264508605232488	0.0232976128144552	0.0552100729966255	0.585497789674652
S10248	0.0307895444223917	0.0255298692654227	0.00533173131990251	0.0227552474746405	2.51916158734424e-09	0.243775597249193	0.000849295151210891	0.0304703231715531	0.0209875565629128	0.0460107167696935	0.573500116093918
S10249	0.025044202354935	0.0291354096858475	0.00659535864366656	0.0258993094682782	7.32091766465082e-10	0.242177859984432	0.00898910739752301	0.0162701788107621	0.0230211141939221	0.0446693623844829	0.578198096344059
S1025	0.0303993427906756	0.0277883554879865	0.00561764057185271	0.0275950751988262	1.19859263537402e-08	0.230671273079411	0.00274012458591021	0.0269394242554298	0.023457987576459	0.0477780803048904	0.577012684162632
S10266	0.0289195395136884	0.027150987997343	0.00567819525187618	0.0231044590894609	2.4770401175932e-09	0.245585885316432	0.00779161448455159	0.0175393841975294	0.0220883606661108	0.0504035856784837	0.571737985327484
S10269	0.027332558293712	0.0324372267346487	0.00562688777653821	0.0250073691404254	2.04317760931944e-09	0.239978622713028	0.00442765870633171	0.0186512339374005	0.0215857036017317	0.0503052075827087	0.574647529470297
S10272	0.0243363950156671	0.0295970976079138	0.00522196185820317	0.0240274832093101	1.01399814838799e-07	0.24804329068099	0.00394190427868842	0.0236151105048609	0.0199718887369534	0.0454422534014718	0.575802513306126
S10273	0.0374798665867559	0.0228141384907774	0.00572411571471114	0.0286717023746197	2.37640648325797e-10	0.23989940717253	0.00489906889853184	0.0200999238930253	0.0209355855863275	0.0473337579142031	0.572142433130878
S10274	0.0299324608223654	0.026342789257119	0.00587604674092992	0.0250419062433119	2.39517237240876e-08	0.241619349532323	0.00282003503264357	0.0256212249510621	0.0215051838988313	0.0461429990010488	0.575097980568642
S1028	0.0316072710146784	0.0240409212069414	0.0058053888527615	0.0223703478336499	2.02173854643651e-09	0.242525116175832	0.00210714167393952	0.0287567112935511	0.0223043116614221	0.0440181077021654	0.57646468056332
S10280	0.0341948830519036	0.0217094608462999	0.00646871727016809	0.0231660419492556	8.82500181267863e-09	0.231414638136306	0.010174654020829	0.0143908547907845	0.0253071009898872	0.0545820009616053	0.578591639157958
S10283	0.0323534082215115	0.0257420671341831	0.00619035633644536	0.0257320353336628	4.33344698615783e-09	0.225058027448672	0.00298105891052443	0.0239900975410032	0.0244198915901197	0.0550114807675219	0.578521572382909
S1029	0.0328231247339325	0.025342242605382	0.00578783852678474	0.0264816888558745	7.66318292908695e-10	0.233173836632677	0.00699276035804342	0.0192760097698739	0.023167080269236	0.0497645144606228	0.577190903021255
S10292	0.0334454470045689	0.0244583335071499	0.0052197228020685	0.0227285614258624	5.14208339849711e-08	0.230264910683668	0.00616773345648177	0.0240358962971148	0.0230628106788905	0.0504371563480047	0.580179376375357
S10294	0.0316434616274669	0.0261748187609385	0.00589113364593026	0.0259394288779453	1.98187557320269e-08	0.227985339189583	0.00144078252146515	0.0237738723654096	0.0241372954889833	0.0521787590701083	0.580835088633414
S10302	0.0274463512147468	0.0271607224406067	0.00570741997499085	0.0253244518420425	1.23281526914025e-08	0.236077702753737	0.00171350479093472	0.0273851257442473	0.0201087100047452	0.0503242540836146	0.578751744822182
S10303	0.0341098832535793	0.023968537247961	0.00616896389930397	0.028906773392666	2.51121225966615e-09	0.232627094180077	0.00421237840342281	0.0192175100863904	0.0220298543814878	0.0529865849010593	0.57577241774284
S10323	0.0303971490197618	0.0267821536905614	0.00572472008387522	0.024571076016996	2.00945357782595e-08	0.236671131404152	0.00533085643579824	0.019538672121762	0.0220570433244863	0.0521132034508736	0.576813974357198
S10326	0.0280180768708594	0.0285537707690082	0.00574540066365761	0.0267810309394241	1.44323001959547e-08	0.23895876866717	0.00313466629955261	0.0220696196805531	0.0216723133750369	0.0493871463225739	0.575679191979864
S10328	0.0303081715189074	0.0248623931835268	0.00549669622169308	0.0276344685246542	1.90763658179496e-08	0.234078221192638	0.00517591379303692	0.0157900873081079	0.0242885401294773	0.061184956770128	0.571180532281465
S10329	0.0342391778011386	0.0255142607354214	0.00564378142382519	0.0251220675350831	2.2478673675459e-07	0.232996987813012	0.00307021146449344	0.0252548087734022	0.0241379295280042	0.0484039056733281	0.575616644465555
S10336	0.030221898577229	0.0271098610814243	0.00582574400159945	0.0299788727872143	2.44115451828157e-09	0.234541590567187	0.00463088305764558	0.0178620598770304	0.0215853418948001	0.0514726414674221	0.576771104247294
S10340	0.0369303271539057	0.0222655182008782	0.00529452943221534	0.0208031604994665	1.29177426840529e-07	0.241856458299754	0.00280965312594138	0.0250494832252572	0.0231975630028825	0.0507206893105967	0.571072488571676
S10347	0.0307869194124123	0.0254923216427793	0.00570530113199713	0.0262545289447496	2.81680315828354e-08	0.229510563577518	0.0100353381496236	0.0141228389548955	0.0225586799500009	0.0530834779876199	0.582450002080372
S10353	0.0316119310239085	0.0290349793717135	0.00583487026509659	0.0237987659274873	2.93650433325402e-08	0.236994281623708	0.00245247127197175	0.0244157860799623	0.0203769759678778	0.0493682126564433	0.576111696446787
S10356	0.0354334502827955	0.0232799346263807	0.00622313371253388	0.0250201648007056	5.29090730231716e-09	0.228510783001187	0.00934868593279975	0.0213546484369577	0.0211870042624867	0.0472665440352551	0.582375645617991
S10358	0.0268848984913886	0.0275842222873552	0.00588361962626734	0.0253116998956651	7.61814268874882e-08	0.243176890474648	0.00624568123196759	0.0240251482134759	0.0225187591712302	0.0454953909098318	0.572873613516744
S10365	0.0287958618706639	0.0263275142717885	0.00609823793858744	0.0250163864601357	2.13206715898459e-07	0.24344885530658	0.00525194117034643	0.0215150291606647	0.0221288623915198	0.0470387594336546	0.574378338789343
S1037	0.0339177259905913	0.0254774506111605	0.00559531190476508	0.025144628333898	4.62570346525923e-10	0.221305799054805	0.0056968868472941	0.0220939124797102	0.0249038556786103	0.0564550376531745	0.579409390983421
S10373	0.0345892474354951	0.0241844121753035	0.00574397044712817	0.0262112937970106	2.4223108124722e-09	0.229734072188294	0.00328777760221916	0.0274887435858765	0.0206758961920294	0.0471539820681911	0.580930602086141
S10374	0.0314544708038866	0.0244402758303166	0.00547865818063945	0.0203904908019871	3.72187495871477e-09	0.234020817696275	0.00108535546056059	0.0288168874896051	0.0206513833645194	0.0438242441682527	0.589837412482083
S10375	0.0331825601336319	0.0222403436252078	0.00633387114698713	0.0293967988178469	2.34535861637174e-08	0.239295069193281	0.00272346600599533	0.0222058107907166	0.0227231458987243	0.0485866839780536	0.573312226955969
S10377	0.033611018572968	0.0243055718432697	0.00597312381517384	0.0229739464833639	8.22244504224097e-07	0.224328769747637	0.0027225799557029	0.0215954694734767	0.0227207419251806	0.0514032607273709	0.590364695211353
S10378	0.0313400511597554	0.0270278539586459	0.00549985788043911	0.0269151961375225	2.43842057801133e-08	0.239545959000973	0.00243763991632292	0.0241251699298991	0.022354757468759	0.0501616380837464	0.570591852079731
S10390	0.0352807510532561	0.0225593491827547	0.00564528452828102	0.0203283548447806	5.36385334452049e-09	0.228076805493396	0.010566030513547	0.00757154079264181	0.0226906977472002	0.0591127906335634	0.588168389846726
S10391	0.0314734502781763	0.0261267549189774	0.00572688515771852	0.0244702125992639	1.59113411265361e-09	0.227398972816435	4.21295135063147e-05	0.0251078490569327	0.0197616484307893	0.0470439817080551	0.592848113929011
S10393	0.0294644428686448	0.0252428916714319	0.00535458154286142	0.0257864353705659	2.60354022798975e-07	0.241735449161052	8.24528553843995e-08	0.0280710133928631	0.0216995279698661	0.0490115728025265	0.573633742413311
S10400	0.0323919186937529	0.0234517068422296	0.00655663380296786	0.0256168628340614	3.9319878432411e-08	0.234533645727233	0.00617512097428271	0.0216622117074508	0.0217110516742789	0.0472704773710509	0.580630331052814
S10401	0.0334077817963942	0.0258724706500354	0.0060029511066875	0.0251661346278658	9.7047401285801e-09	0.23113429489556	0.00161200524305104	0.0192602480108926	0.022631468379302	0.0564660194370164	0.578446616148455
S10406	0.0293288202610265	0.0256133603991009	0.00570444416417577	0.0221798440949274	2.26699661243465e-09	0.249378201529626	0.00264516566389483	0.0227514498992023	0.0208251029027626	0.0471298352381447	0.574443773580143
S10408	0.0352885829372984	0.0224259757773107	0.00556700768576089	0.026015027011661	2.10177271540497e-08	0.239484999140324	0.00526283666239869	0.0140004100486169	0.0217684156039689	0.0570274160853022	0.573159308029631
S10409	0.0298473997308458	0.0271856645623203	0.00568877902838785	0.0254920770359726	1.64847262531514e-08	0.235229463226586	6.96239053725564e-07	0.0296502266541761	0.0226986109566666	0.0486145514925922	0.575592514588673
S10418	0.0292177751798435	0.0266872396625718	0.0053746133963439	0.0215605782977353	8.52345995801068e-08	0.244049430593631	0.00681287510186145	0.0150435268741183	0.0216401129865184	0.0469868429821794	0.582626919690597
S10431	0.0250056479922513	0.0281673716340123	0.00605350040336523	0.0263419364984438	2.58296972990087e-08	0.235563360558	0.00964482207668564	0.0233947297703083	0.0210436638040335	0.0449504252130448	0.579834516220158
S10438	0.0309918757903635	0.025470456899858	0.00607517413337008	0.0262685771460741	2.25989183870825e-09	0.231482828939673	0.00423464968819258	0.0236455078041397	0.0217900708917749	0.0471299982272635	0.582910858219399
S10439	0.029964016990512	0.0259148724303329	0.00662536475936144	0.0265633180025378	2.8205885020585e-08	0.236315502470357	0.00350248922357923	0.0222726165892745	0.0227465279513531	0.0493155307839587	0.576779732592849
S10441	0.0293169774985276	0.0258366933188953	0.00634665103565954	0.0264960093356297	5.22003344674085e-08	0.241272178364719	0.00723657495896535	0.0180778422195695	0.0233016167554788	0.0460641759744502	0.576051228337771
S10442	0.0315232576400574	0.0256905088058633	0.00630198676583229	0.0279802541528943	3.42847637341665e-08	0.235057121863832	0.005594863598677	0.0223616383536822	0.0223730714751183	0.0465490426948834	0.576568220364396
S1046	0.0328339958402801	0.0235170019170701	0.0060181656408147	0.0259661115738821	3.64773304188307e-09	0.245933239115139	0.0071688420900063	0.0208468976010305	0.0213303690618379	0.0429287586109877	0.573456614901219
S10478	0.0311753045047917	0.0278182065538291	0.00612944702293834	0.0201804709629563	4.6318518088828e-09	0.255674816308301	0.00343608379987574	0.0220412488723748	0.0209050060979142	0.0424049535480328	0.570234457697134
S10480	0.0312648469263435	0.0298302890078918	0.00536036798956838	0.0286271064863898	1.66658741508571e-08	0.21711563892109	0.00441971146914068	0.0220781480947886	0.0225279164693893	0.0522940676175835	0.586481890351941
S10484	0.0303699685739396	0.0263359657261119	0.00598428671916033	0.0250535249458765	5.24670108657832e-08	0.238608210103351	0.00395762189825309	0.0189198968953328	0.0222254625221438	0.0523036086520345	0.576241401496785
S10492	0.034808497958423	0.0220072354072246	0.00615839854079819	0.0233004687938959	5.33123462023266e-08	0.230257610781928	3.44529043279755e-05	0.0293428604057216	0.0234708886707051	0.0524806418721939	0.578138891352436
S10496	0.0316188032692426	0.0300918424900229	0.00515701711347912	0.0277349215972476	1.62806148087406e-08	0.235537980221268	0.00265108212168469	0.0271283965198379	0.0228865037825659	0.0450450070623874	0.572148429541649
S10510	0.027859145077632	0.0281439459611243	0.00580689005697636	0.0208644878211346	7.20958533333582e-09	0.231370089531057	0.00311128328102551	0.0247808093300066	0.0231445980108948	0.0488838873944452	0.586034856326118
S10513	0.0257383260794126	0.0270334335790349	0.00663958505170332	0.0285838953655212	2.14919046195909e-10	0.233360256217241	0.0073610981300772	0.0208393298581204	0.0203031598061294	0.0468253751349518	0.583315540562889
S10516	0.033533874717062	0.0243199585074562	0.00623904390433654	0.0272137896790207	4.02153852559238e-09	0.22972908948441	0.00606425322772826	0.0200668451075054	0.0213789429508025	0.047929284732103	0.583524913668037
S10534	0.0314522062668504	0.0267354839564524	0.00590316305283941	0.0213728825677217	5.40322479787406e-09	0.237087442357714	0.00690105569121013	0.0230047073630684	0.0224694263237069	0.0475748369426259	0.577498790074586
S10535	0.0313812045242865	0.0258700788984753	0.00585392176114261	0.0217455272145398	1.14044403411712e-07	0.229734443032365	0.000616993065485244	0.0316614308257314	0.0238893232984642	0.04848897999042	0.580757983344686
S10537	0.03304299305984	0.0257432370694434	0.00638331860961424	0.028025992036089	1.79862577739442e-09	0.234255936459069	0.00625872183580811	0.0216103608423023	0.0236234804274293	0.044623873832512	0.576432084029267
S1054	0.024819292977711	0.0316992722840061	0.00577489286774605	0.0235551214321264	9.75655459235622e-09	0.229288409159229	0.00343554775766633	0.0183848274545018	0.0236342824878862	0.0578547827061078	0.581553561116465
S10543	0.0275965455653561	0.0311599587438507	0.00532101650495656	0.0279661148162006	3.5805329994638e-09	0.237976551961987	0.003840133248063	0.019326699314085	0.0236070017720271	0.0521018467471356	0.571104127745805
S10546	0.0310864867331766	0.0256508037396388	0.00553610882762609	0.028943314714352	7.1313378155349e-08	0.233670974106334	0.0040287583189206	0.021260268066091	0.0215602323380821	0.0454805995000959	0.582782382342305
S1055	0.0284893667934226	0.0253277499118784	0.00609628820507186	0.023184446370204	1.60132337876592e-08	0.247288423623734	0.0039845421185872	0.0190411411662933	0.0217881575562207	0.051536863847341	0.573263004394013
S10551	0.0300261593461625	0.0278953484995495	0.00615647280155553	0.0250087329237306	6.79590250297149e-09	0.22969189058574	0.00394931806119786	0.0241484891083319	0.0215109469297151	0.0494587203994439	0.58215391454867
S10552	0.0297841319166293	0.0264546476724115	0.00586171199266518	0.0272047360284006	5.56221452295923e-09	0.241275100872518	0.00523647748144684	0.0119267786834955	0.0230893216737462	0.0519598281624633	0.577207259954009
S10555	0.0310735507715779	0.0261458876147622	0.00597646429599544	0.027151381368582	7.80736885732225e-08	0.231488730153656	6.8597325703321e-08	0.0202377273089526	0.0251002864230027	0.0624238929925066	0.57040193239995
S10559	0.0286675012918242	0.0264079672316605	0.00598635383402161	0.0254123788213179	7.14799534281382e-10	0.239428579182386	0.00568308758281766	0.0239809312485351	0.0232500383927078	0.0437111202202589	0.57747204147967
S1056	0.0340022094688194	0.0265475483664514	0.00577251415208006	0.0217139238268063	2.55351294126924e-09	0.234064428765203	0.00422981687543619	0.0243248250641036	0.0227207824982848	0.0499067744408668	0.576717173988436
S10563	0.0325430655201667	0.023322770678641	0.00555481584648261	0.0240202937969667	3.70798585546394e-08	0.24397409702461	0.00391659528209351	0.0185324350457383	0.0238522473118422	0.0562846071817473	0.567999035231853
S10574	0.0255908897166158	0.0309328115081323	0.00573899762008817	0.0264858565891982	1.30005118835532e-07	0.23368990125196	0.0042225444741239	0.0286628043301247	0.0238216925843956	0.0463808582603941	0.574473513659848
S10576	0.028816343156264	0.0266648346394557	0.00535014374765212	0.0233129067026762	3.3907864286902e-09	0.248614451064779	0.000852320177707621	0.0228245277017932	0.0217967404481794	0.0459366743957908	0.575831054574916
S10578	0.0261367714361871	0.0283667878736579	0.00604672744999131	0.025075760936533	1.28675129281017e-07	0.24336677223574	7.39338024062101e-07	0.0241247488877975	0.0226160846340422	0.0468299267669282	0.577435551765969
S10579	0.0236173406520209	0.0318045309829843	0.00516729584337672	0.0260943201341306	5.0912784159207e-08	0.249175675186264	0.00584651068885345	0.020053430282132	0.0217958882998054	0.0467027233138135	0.569742233703835
S10582	0.0319333724088277	0.0262315178100644	0.0057069934573599	0.0276225355211322	7.37027316573112e-09	0.242534210825908	0.00279783865509288	0.0252430576907179	0.0213121892551267	0.0455490813482106	0.571069195657287
S1059	0.0332821516037476	0.0247602874238842	0.00578935146002176	0.0283623394507475	2.63774682618571e-09	0.234921190837576	0.00359246239639728	0.0206984450893971	0.023983879326069	0.0519823499803826	0.57262753979403
S10599	0.0323425474183224	0.0246364212247267	0.00623931082200115	0.0244050161882052	3.31345242729411e-09	0.245265958243783	0.00418259426658734	0.0254256748139373	0.0224914484210445	0.0416443540361047	0.573366671251835
S10611	0.026082780594902	0.0297980821047476	0.00560839736404712	0.023305678449846	2.91853382694171e-09	0.242167082384985	0.00565012253706299	0.0281455226073678	0.0221215473910484	0.0411053263812412	0.576015457266218
S10614	0.0288396944098112	0.0261727758335332	0.00606121740729874	0.0263036479295272	2.03104190192545e-08	0.244897399424371	0.00716659205533047	0.0180222022121253	0.0206999405990286	0.0481939915945948	0.573642518223961
S10624	0.0257784859824714	0.036082994535081	0.00608688810262375	0.021188359817674	3.53037847163611e-09	0.22863584603724	0.00676523739908059	0.0166016155756518	0.0231449771746823	0.0528235290147672	0.58289206283035
S10632	0.0312322808169101	0.0255015245760678	0.00577881279845946	0.0243548684967677	3.57329350332796e-07	0.234778592452923	9.27018038104389e-06	0.0274381670960777	0.0217839558911535	0.0468675522290389	0.58225461813287
S10634	0.0345140975427448	0.0252065856657394	0.005265390130252	0.0234599175330592	6.47607643725208e-09	0.239335037802438	0.00523078589218653	0.0259458145663783	0.0222029299460033	0.0434161349307319	0.57542329951439
S10638	0.0337524439305413	0.0233785802032756	0.00620127261237629	0.0203562590268753	7.65986954718795e-09	0.239146912489301	0.00913076044268157	0.0121374052136814	0.0249583600282856	0.0537859397274994	0.577152058665613
S10644	0.0296983058173266	0.0272319922686638	0.0060563249486379	0.0258940168107915	2.86505476855087e-08	0.231320598317619	0.0033900057100343	0.0250849042705514	0.0235563785075798	0.0524981859576045	0.575269258740643
S10649	0.0267396724369602	0.0282925872486856	0.00512831884886227	0.0244258091812157	4.41673614592717e-09	0.253531779214229	0.00532357187212601	0.0210381872670686	0.0224868401612114	0.0450280425079208	0.568005186844984
S10652	0.0327601255716642	0.0248641700923382	0.00593721505915398	0.0273734192473253	1.30709911494096e-07	0.241082391476101	0.00479088626970526	0.014472716648398	0.0210520575321781	0.0496961102929158	0.577970777100308
S10654	0.0272415579786451	0.0297322215957904	0.00534981210837446	0.0299764195465318	7.43175887418079e-10	0.237025524607882	0.000798650765966417	0.0299064891188032	0.0229916446851084	0.0429244074477866	0.574053271401936
S10655	0.023387458689592	0.0321725559472397	0.00598763518005288	0.024603217089232	1.76727842238594e-09	0.238058881404731	0.005471221442005	0.0225956846201179	0.0218178450523186	0.0488440477015175	0.577061451105915
S10656	0.0288227221712213	0.0266790175649376	0.0053726960711282	0.0298567367292407	6.37387595866242e-08	0.237479959665317	0.00280710660006398	0.0284905974583941	0.0230844571101447	0.0467309921301643	0.570675650760628
S10657	0.0309262209590696	0.02681522422829	0.00573165347111759	0.025360295974825	1.65994773398835e-08	0.233043307194957	0.0057993202774917	0.0139076003711283	0.0236838448713442	0.0524269723046866	0.582305543747612
S10658	0.0309777103893275	0.0283102468579571	0.00555640758620146	0.0263936651635181	1.84685329491379e-08	0.241241988681275	0.00148475620162248	0.0284631340005539	0.0222167112383355	0.0465120878101835	0.568843273602492
S10660	0.0264892184779015	0.0311778115348639	0.00631427314972707	0.0240391365589007	3.83461132490313e-09	0.212875699632007	0.00340373161568348	0.0207964333411326	0.0237448616538124	0.059976484261556	0.591182345939804
S10661	0.0310929779129238	0.0286655346952618	0.00550356211581379	0.0235344276843618	3.75623096652843e-09	0.233689826846928	0.00543582221422817	0.0239031426048729	0.0236464508086845	0.0493377893893111	0.575190461971383
S10676	0.0271001269160089	0.0319514236975897	0.00587929910213885	0.0277194273343541	3.81693939437316e-09	0.239476269443596	0.00136609008046388	0.0225631893700168	0.0224923283648089	0.0428704959242074	0.578581345949876
S1068	0.0343335492950909	0.0253616761077885	0.00574683892833325	0.0232917218538625	3.53251989260799e-09	0.23191744079838	0.0046038106903167	0.025221562153125	0.0226303248380769	0.0506410480009602	0.576252023801546
S10681	0.031177684634359	0.025067482775377	0.0053321984376113	0.0243503188489192	4.73754295147268e-09	0.238288932986918	0.00263593818156882	0.0200344719797971	0.0218802633265814	0.0489871094713822	0.582245594619943
S10686	0.0257721724179245	0.0306071312956669	0.00596862589952093	0.0234147944154019	8.84822758020874e-08	0.237325192387226	0.00293660061546795	0.023205426325685	0.022024137412356	0.0493092825737859	0.579436548174688
S10688	0.027678279365343	0.0278559851297472	0.00553028268203793	0.0232213828522611	2.82754758275454e-07	0.238712517874685	0.00918090235134373	0.0204239179902238	0.0250334101014783	0.0491665371768227	0.573196501721299
S10690	0.0255219946909813	0.0304696137903252	0.00571129619576295	0.0304851039730428	3.55007260971862e-09	0.233097336291115	0.00555784782324239	0.0173074585508704	0.022496543417884	0.050210235315946	0.579142566400758
S10698	0.0286908896163938	0.0290608598289111	0.00618236930129312	0.0239399288807621	3.80598595247427e-09	0.230996189344865	0.00506422178199115	0.0229298797342237	0.0236481604973991	0.0525546370202369	0.576932860187938
S107	0.0256112853602776	0.0299701052243639	0.00568664889578834	0.0234531386127677	7.10456701432936e-08	0.236602052960064	0.00468153333844594	0.0220349642288861	0.0223871162297242	0.0555076265874231	0.574065457516589
S10703	0.0300388818409804	0.0258858120637874	0.00621564994398104	0.0266351046667013	5.71105671679172e-08	0.229734911215289	0.00370958074861007	0.0278456987904474	0.023395676228041	0.0490029609089279	0.577535666482667
S10726	0.0340810667903444	0.0247983103563645	0.00574783544134505	0.0215723883329754	8.51015556845631e-09	0.234973963582588	0.00422449179076189	0.0261670672650701	0.0223556591507336	0.0478418817035362	0.578237327076125
S10729	0.0300055264744199	0.0263885829512615	0.00652117999326536	0.0248954928254839	1.46556663689478e-08	0.22897634990752	0.00163810244646996	0.0230716584251324	0.0213469180173611	0.0504152946657048	0.586740879637715
S10733	0.0285016655320029	0.027730720826064	0.00611045717658595	0.0249005286832581	1.95050574984107e-07	0.239096720708407	0.00155284869547816	0.0281540426729362	0.0230168851372351	0.0474260859256512	0.573509849591807
S10734	0.0306691888769336	0.0276817932013043	0.00625058921896628	0.0248034411860152	1.5441851753986e-08	0.224965296277223	1.37146712006362e-06	0.028721718985189	0.0229806180427902	0.0483066821840349	0.585619285118572
S10735	0.0310443641067219	0.0296649895555361	0.00577360227467066	0.0234131594950587	4.81018798942065e-09	0.233991044348852	0.0031358609847704	0.0223569103919225	0.022511130818184	0.0498825766884132	0.578226356525683
S10740	0.0315601158835073	0.0232138584222646	0.00644227094259808	0.0228717444284621	2.16030619392659e-08	0.241735354897589	0.00747999065908348	0.0205814766408371	0.0236449117402883	0.0482847449773977	0.57418550980491
S10745	0.032397015366897	0.0259319396389394	0.00590131255304702	0.0271609090119486	5.50525821117508e-08	0.248120443456713	0.00386124764900933	0.0200006263526254	0.0206590690529394	0.0440677901461244	0.571899591719175
S10748	0.032552584607124	0.0250499238013175	0.00583554363661659	0.0245208020983849	2.41929199692067e-08	0.23182277806508	0.00414231529441753	0.024467365715184	0.0229595194697585	0.0489402328033203	0.579708910315877
S10753	0.0337172230190485	0.0235002476153792	0.00613595647997944	0.0244265857958961	3.78780880016741e-08	0.239069352679235	0.00433153443233384	0.0257151712692552	0.0224456345429577	0.0478622560283623	0.572796000259465
S10756	0.034123656537887	0.0254255187204893	0.00582068520817056	0.0249660472763698	1.30585185880491e-08	0.237286825042991	0.000612428130733715	0.0277023666403689	0.0222140619772312	0.0468627309518567	0.574985666455384
S10757	0.0319565121564541	0.0268112787695126	0.00557004560643723	0.0228187348810342	9.66351043086603e-09	0.229481423142423	0.00786054437394052	0.0220273124392105	0.0250993733496308	0.0529255462863708	0.575449219331475
S1076	0.0336722471170767	0.0257341454758648	0.00602476811863473	0.0267685729922863	2.03601686803532e-09	0.235248885737	0.00631290048176133	0.0228415975815935	0.0222294796135687	0.0470571838982738	0.574110216947923
S10764	0.0316459337396937	0.0250677740516799	0.00583016070991629	0.0249334318826307	8.37611844349008e-11	0.230418207643017	0.00518230881749435	0.01703894262981	0.0219827351196415	0.0527093269728422	0.585191178349513
S10767	0.0321272813311857	0.026311565489077	0.00574935099763872	0.0270627564997728	2.59220102907226e-08	0.222110765681851	0.000341495438387836	0.0243398859351543	0.0223414109194955	0.057537603448785	0.582077858336642
S10776	0.0333324262778777	0.0240214413868509	0.00604303918917645	0.0264966570296672	1.10038386226795e-08	0.244187613924492	0.00335563846689317	0.0242601486638481	0.0215835439907231	0.0465811758113938	0.570138304255239
S10778	0.0278671166638156	0.0284838786206417	0.00572552339670927	0.022547878546825	1.88413268743819e-09	0.248019345407632	0.00356898960001004	0.0242506611904897	0.0231755327983157	0.0496118918437361	0.566749180047692
S10784	0.0334607569611495	0.0241285933199997	0.0059470456279426	0.0280339422173056	6.07243180977913e-09	0.244906904374264	0.0072377009741393	0.0200617026752481	0.0205688184011	0.0430589776699012	0.572595551706519
S10787	0.0294326760371126	0.029119866458762	0.00603470400970826	0.026742940306395	3.40311982217311e-08	0.230045022723662	0.00532504528058195	0.0202384759392513	0.0237416134505932	0.0509058734092167	0.578413748353519
S10800	0.0399797597623549	0.0247310252455302	0.00555483696547612	0.0247353225583619	2.2903352172189e-09	0.236380367585191	0.00286288677292781	0.0207278224666514	0.0227233761177068	0.0488992413779313	0.573405358857533
S10805	0.0341338894408887	0.0247792398774562	0.00585039786561318	0.023630259119878	1.53658693571221e-09	0.239123457632501	0.00454666194148636	0.0164618670065059	0.0217019990081455	0.0523877206904302	0.577384505880508
S10813	0.0323299338431571	0.0254170451273913	0.00591909119611824	0.0287232798159516	1.23257973454722e-07	0.2392128811597	0.00230552806865397	0.0233758690572507	0.0227312221494813	0.0472380399527874	0.572746986371535
S10814	0.0286067138191651	0.0260975817144423	0.00491005222112478	0.0236648691291429	4.31959053405884e-07	0.241118225340903	0.002720821262702	0.0251908132461312	0.0206670163316966	0.0445371837379192	0.582486291237719
