Bcells	CD4_Tcells	CD8_Tcells	Monocytes	Neutrophils	NKcells	otherCells
Mix_1	0.135446455821175	5.97490410842924e-08	0.0555255664557015	0.0426994294801428	6.30256402707485e-07	0.359499104474781	0.406828753762756
Mix_2	0.279258554188609	0.0658001876689138	2.05461480512538e-07	0.0155653508347404	3.97350882421406e-08	0.262837165182983	0.376538496928185
Mix_3	0.0944575861450361	1.3464253376621e-09	0.200629690098421	0.0098012644835174	2.54022517472228e-07	0.388759170611524	0.306352033292559
Mix_4	0.141482149033028	3.3874095606366e-09	0.159936991021739	0.00416991377543232	8.36976058372829e-08	0.354580618107621	0.339830240977163
Mix_5	0.388445741083487	7.96947201344292e-07	0.015474334660973	0.000260110670938751	1.51943801482137e-07	0.344775273265653	0.251043591427946
Mix_6	0.230896032588816	6.83970270664185e-08	0.0715770382365297	0.0496325320011276	2.27681767147612e-07	0.294799125784198	0.353094975310534
Mix_7	0.173928144474669	5.39806277920148e-10	0.237327859571684	0.000425273871648647	3.73746297791721e-05	0.221411117045379	0.366870229867034
Mix_8	0.25493249636695	0.0107776860514567	0.188731486379514	0.0268971024416718	1.16573256667674e-07	0.0512244715877513	0.4674366405994
Mix_9	0.243220464815205	1.8257570960362e-08	0.119422755864056	0.0108735006505826	5.19881229155713e-07	0.288336948244252	0.338145792287104
Mix_10	0.302287955060035	3.3261812247697e-09	0.120617371001062	0.0240120287861379	2.97982789669003e-07	0.233821638744312	0.319260705099482
Mix_11	0.220215751114407	0.112830184407025	0.00180961640742098	0.00617307301963887	1.78552970252062e-08	0.257774761445219	0.401196595750993
Mix_12	0.0623236819423897	4.52605106737981e-09	0.155018235979072	0.0314791410403375	2.3478091325765e-08	0.359659467936789	0.39151944509727
Mix_13	0.325349875184339	1.53104403613393e-08	0.14183905015867	0.00625871163343838	8.51458597818381e-07	0.209383978530613	0.317167517723901
Mix_14	0.0970368555763235	2.22334996286235e-08	0.230124324676307	3.65562221661446e-10	0.000205679217108812	0.365433832691664	0.307199285239535
Mix_15	0.142273824107176	0.00701492612526996	0.22491109233383	0.0105316816782485	5.36776716662922e-08	0.17702494507163	0.438243477006174
Mix_16	0.230526577265981	1.11756504953784e-07	0.217581230801782	0.0164789369462126	1.45631490031167e-08	0.127043734003479	0.408369394662891
Mix_17	0.163265451424516	3.90591633020132e-08	0.25669107068758	0.00671958912010785	2.10350418136758e-06	0.179911325214514	0.393410420989937
Mix_18	0.147788487365228	0.133602608320169	0.101513304952012	0.0142382388295424	9.24532393207456e-08	0.103425363719754	0.499431904360055
Mix_19	0.108886524213573	1.76102610855831e-08	0.169502937138653	0.0334141296244008	4.11917987672526e-08	0.349208204807389	0.338988145413925
Mix_20	0.271888160328796	3.80886261338326e-09	0.147508407930814	0.024740764209125	7.85428635769887e-07	0.171616638115821	0.384245240177946
Mix_21	0.250451906989299	2.26721624084382e-08	0.171582729718242	0.0350352636232368	1.23547957854354e-07	0.133438850781861	0.409491102667241
Mix_22	0.109630168615888	7.8430704632787e-09	0.171443210592997	0.0419810598572319	9.15989328769617e-06	0.289804976275716	0.387131416921809
Mix_23	0.356645560042244	0.0525087193211802	0.0276370973164493	0.0124597934004995	3.64577811126946e-08	0.166410477655729	0.384338315806117
Mix_24	0.0147282108078712	3.58010713083651e-07	0.377988423943834	0.0207099324898854	2.74855385961132e-09	0.0607074787969026	0.52586559320224
Mix_25	0.309450366173305	8.67204397356856e-06	0.171958136661227	0.000259200683045407	1.1944978232974e-06	0.191238835027321	0.327083594913306
Mix_26	0.218388918000057	2.96733380980883e-05	0.256027368236997	0.00469955198965328	2.96044797471892e-08	0.119478158179167	0.401376300651548
Mix_27	0.270043566254316	2.03201209500028e-08	0.293214878757926	0.0256463058594827	1.3743014119895e-07	0.0250200988163495	0.386074992561664
Mix_28	0.207104107627	1.77402924251493e-08	0.136212698602906	0.0309931941582343	1.20804358334923e-08	0.224229257404331	0.401460712386801
Mix_29	0.255558297919866	1.94768858005471e-08	0.246930116512442	0.0057544965677128	4.83300808717017e-09	0.107856049996923	0.383901014693162
Mix_30	0.178407310963794	6.58477962280292e-09	0.192471055122745	7.81036324803855e-09	2.82868835410753e-05	0.377212405355243	0.251880927279534
Mix_31	0.244605803440436	9.51133919808184e-08	0.184658200340444	0.0146484318158349	4.84814552204859e-08	0.162524007256881	0.393563413551557
Mix_32	0.144060207454714	0.0701926089852574	0.177897269152443	0.0226094237978439	3.51182159798869e-07	0.071591283737487	0.513648855690094
Mix_33	0.0916579627671027	1.7400124569174e-08	0.26788906533018	0.0208169391957708	2.77182973850632e-08	0.174181784008178	0.445454203580346
Mix_34	0.255413149208344	8.28252271602336e-09	0.0960681123198729	0.0419350625423284	1.42870633905019e-07	0.255570155660905	0.351013369115393
Mix_35	0.194417393904954	0.00791594591033007	0.101595603424374	0.0067398314670417	4.75093339858631e-08	0.330379044195455	0.358952133588511
Mix_36	0.232534757712699	1.49777735213981e-08	0.167258089071732	0.0100878698172145	1.57932789160182e-07	0.239374515481084	0.350744595006707
Mix_37	0.107375650765354	2.94102132718127e-08	0.172445837520482	0.0119890516287676	5.01919118517832e-08	0.40563310200517	0.302556278478101
Mix_38	0.0706435067967177	2.60540741414322e-07	0.172644808510751	0.0284209341322421	5.22703026431221e-08	0.306363670230217	0.421926767519028
Mix_39	0.330081136982195	1.1240960105804e-06	0.123052730350304	0.0431003818330473	4.43219649005341e-07	0.0604859690255975	0.443278214493196
Mix_40	0.215604347534093	4.2247971565254e-09	0.137239353048654	0.00360480562470189	1.42606256008755e-07	0.388842602680291	0.254708744281207
Mix_41	0.181702035877549	4.41174570332649e-07	0.0421927775356489	0.0130943165829945	2.06758668869329e-07	0.446597079101048	0.31641314296952
Mix_42	0.227134490308172	2.62722594861022e-09	0.283010566354475	0.00706909521819075	0.000451852499440203	0.0693950818714695	0.412938911121027
Mix_43	0.280510243765082	6.45544016803305e-09	0.10759928611212	0.0222821233109455	8.16878398913298e-07	0.280162287530252	0.309445235947761
Mix_44	0.108332623271854	2.80976470833056e-07	0.0845622642437515	0.0272544923338284	6.13791600300223e-08	0.406937134307867	0.372913143487068
Mix_45	0.125566218624148	4.61380747645974e-09	0.294685129898833	0.0194661321898444	4.36697947371655e-08	0.192901939802523	0.367380531201049
Mix_46	0.240930690047748	3.49229978506627e-08	0.313770751128001	0.0163234159476467	1.15491174982862e-08	0.0301638533289655	0.398811243075524
Mix_47	0.201060402133023	1.06466913546415e-08	0.118534136273219	0.0323477703194944	8.69516695220905e-08	0.274404077837342	0.373653515838561
Mix_48	0.238430406202563	1.9018953172688e-07	0.139209617974269	0.00911426006715058	7.16409374533111e-08	0.238749290224036	0.374496163701513
Mix_49	0.119318514162004	3.26376085246478e-08	0.116602714313022	2.60661730423802e-08	1.37126549908095e-07	0.457600373199277	0.306478202495365
Mix_50	0.0973749704354631	4.97680151280229e-09	0.363623327885147	0.0157308772436158	6.72280952777095e-08	0.0738458460802606	0.449424906150617
Mix_51	0.232161420125569	0.00252149066446174	0.162704059843617	0.0137683449187061	7.2798151029015e-08	0.177072073080672	0.411772538568823
Mix_52	0.05578831302728	3.52077935669704e-09	0.293223309470871	0.0107264276666051	0.000367888653747594	0.292678346702578	0.347215710958138
Mix_53	0.213062035474124	1.96582879457895e-08	0.210993214385886	0.0283769839417551	6.30441360113309e-06	0.144056861203781	0.403504580922565
Mix_54	0.11203189732182	2.46486422517483e-09	9.43330278660703e-09	0.0338580129491012	2.89976453896536e-07	0.601539871447767	0.252569916406691
Mix_55	0.0666999359543575	2.6350180530956e-09	0.153903628056694	0.00921727512920566	6.7155089522082e-08	0.476033165351379	0.294145925718257
Mix_56	0.111365295396243	2.13368897906748e-09	0.324670347117311	0.0223530902951253	6.99380100416452e-07	0.128984828109058	0.412625737568474
Mix_57	0.0178280405732505	0.0386473104415638	8.13420426938836e-10	0.0142235563957393	5.5628070052523e-07	0.609607412952067	0.319693122543258
Mix_58	0.137994269204227	5.47029318448433e-07	0.229686924973259	0.00853759071175314	8.42855517860855e-10	0.186818485210124	0.436962182028462
Mix_59	0.107198890995687	3.40731913501967e-08	0.0683845888129219	0.00585046538918684	2.14458415364616e-08	0.566887313520808	0.251678685762363
Mix_60	0.324051493709768	8.72300957680925e-10	0.297065896513772	1.38499462621294e-08	0.00132758044578505	0.076075218526628	0.3014797960818
Mix_61	0.324977441409625	1.49122251230838e-09	0.0600843510498527	0.0167693129112919	0.000384273375875493	0.305904969296418	0.291879650465714
Mix_62	0.367305707353397	7.12304579310932e-09	0.025513140069466	4.00074273974411e-07	0.000106120572523643	0.384021301585358	0.223053323221936
Mix_63	0.0731524071590691	4.98655198348529e-08	0.0358291664405901	0.0329176061551712	7.41931851104107e-08	0.551010755509189	0.307089940677276
Mix_64	0.224124117176139	7.76413700440069e-09	0.154181309035784	0.0405225974129202	1.64874278456515e-06	0.198595559908883	0.382574759959352
Mix_65	0.222779752504794	1.72385820561667e-08	0.18863001440257	0.0295964722641378	5.09791543801879e-07	0.164733693107132	0.39425954069124
Mix_66	0.248507014215396	2.48787277302279e-08	0.1615598079561	0.00160061399891393	9.05493253782003e-08	0.254595799430661	0.333736648970876
Mix_67	0.409870647266489	8.60710755934431e-08	1.95807166432037e-07	0.0297029080108324	2.54195762920576e-07	0.218006113016026	0.342419795632647
Mix_68	0.151844652282654	2.69209997479781e-09	0.323031204129358	0.0220311527099629	1.88036858718246e-07	0.0813904114578391	0.421702388691227
Mix_69	0.338928621880691	2.75157266538378e-08	0.119723917271409	0.00692514550711748	0.000259673984014539	0.239671880228802	0.294490733612239
Mix_70	0.137567406401488	3.11119374272499e-09	0.31167587569395	0.0170817984435492	2.07336137446923e-05	0.106309963277204	0.427344219458871
Mix_71	0.172942661596777	1.45299758544303e-08	0.178295273865524	0.00834996506390155	2.53798013575808e-07	0.354429738712867	0.285982092432941
Mix_72	0.123834548463725	0.0117625889993704	0.245814835222788	0.0371570127156437	3.26330778723033e-08	0.0450910070014727	0.536339974963922
Mix_73	0.0534884071322404	3.52491990324417e-06	0.157292803005965	0.00662329939262273	9.83691434472211e-07	0.475595309033436	0.306995672824398
Mix_74	0.314843454977523	1.63379973647824e-07	0.041275993405295	0.0217725135610912	2.87254815026248e-07	0.333671758850887	0.288435828570415
Mix_75	0.177221767039969	9.10494915344942e-07	0.0585139229727057	0.000365039234449007	2.61956709141737e-07	0.466413423895042	0.29748467440621
Mix_76	0.17230225371768	1.16815124983965e-05	0.107307198237576	3.66913732461633e-08	3.61911186270603e-08	0.450267763984465	0.270111029665289
Mix_77	0.171565902139926	0.000165118679338104	0.0709053974323327	0.034711750732878	1.33940333120218e-07	0.316570857232062	0.406080839843129
Mix_78	0.0773903821074624	6.61235541467294e-08	0.251163094387224	1.7980846095072e-09	6.82972391537017e-06	0.325593412725017	0.345846213134743
Mix_79	0.0886608059104648	6.834907801888e-09	5.57747894918573e-08	0.0206488045122954	5.40104454361971e-06	0.665309357813559	0.22537556810944
Mix_80	0.1965931964604	0.0750778580877981	0.0757216313499636	0.0154131926600003	2.20989364048513e-07	0.213197224538456	0.423996675914018
Mix_81	0.18986862321691	3.09951905759268e-09	0.132627335178148	0.0197122145833832	0.000429816057521626	0.344521739692655	0.312840268171863
Mix_82	0.232260493086886	1.83494524842874e-08	0.188775793273063	1.81901369471196e-09	4.18790171205851e-05	0.314311481196378	0.264610333258087
Mix_83	0.279245076890773	7.67255659285817e-09	0.104757202046857	0.0165991701445398	8.50346650363214e-05	0.269794834573902	0.329518674006334
Mix_84	0.179652802479544	2.35425178175898e-09	0.244003314740492	0.0224394471121287	8.88803051429784e-05	0.143667921762586	0.410147631245855
Mix_85	0.193913808238681	1.28225095685987e-06	0.122833361898089	6.7481610065735e-08	1.13087181449533e-05	0.367632949339132	0.315607222073386
Mix_86	0.137595007529881	4.65265035841455e-07	0.139423352511881	0.0217185196551816	3.95998800711441e-08	0.396876897033171	0.304385718404969
Mix_87	0.468873883808758	9.54003949827378e-08	5.93307023802621e-06	0.0208593646606217	2.66651909225664e-07	0.244761819249484	0.265498637158594
Mix_88	0.26189092396487	5.37092980511838e-08	0.275919269738391	0.0119113405141204	0.000472829199307197	0.0193071353743948	0.430498447499619
Mix_89	0.035697497988629	1.85670922971941e-09	0.122570518200663	0.0363560743591977	6.38453804590283e-08	0.420605284331583	0.384770559417837
Mix_90	0.197138985008755	1.36488611234561e-07	2.73662142667225e-09	7.81782588345818e-05	1.12004219850528e-07	0.585873631347082	0.216908954155876
Mix_91	0.4424190688105	0.02852411941243	0.000265298941117695	0.00223119338492975	2.41520652569752e-07	0.214456501636718	0.312103576293652
Mix_92	0.228818761010526	0.00921480560064246	1.14963762955464e-07	0.0150554792843672	1.82269056430723e-09	0.437381308194223	0.309529529123788
Mix_93	0.136973863510899	0.00160477762068373	0.275428269877696	0.035785766217709	1.35978742047621e-07	4.65853082425182e-08	0.550207140208961
Mix_94	0.302366586414626	4.25430395269288e-07	0.215741335489931	0.0118153662786785	3.22155098453046e-08	0.0657465024222664	0.404329751748593
Mix_95	0.171978388381589	0.0918230344695682	0.00625137502744033	0.0100066226390275	5.90798596344867e-08	0.330274160630808	0.389666359771707
Mix_96	0.0912367479139253	5.43843703466898e-07	0.257372019590365	0.0116469703899165	1.72373734432716e-08	0.19571102326702	0.444032677757697
Mix_97	0.245577733290372	7.75564347984762e-09	0.0697892944738855	0.0253746709769798	4.67781209517685e-07	0.346539149015738	0.312718676706172
Mix_98	0.369211346414761	7.62616704912367e-09	0.0648003787104846	0.0671916452068471	8.02653602245126e-07	0.00216735426107291	0.496628465127065
Mix_99	0.0176937377472314	0.0585709717138262	0.241313898743207	0.00596026354819593	1.12875766379363e-08	0.183863045541165	0.492598071418799
Mix_100	0.223809852363576	0.0264494906437494	1.14641554310897e-07	0.0388174571723559	1.72867289241303e-07	0.313175808852143	0.397747103459332
