Bcells	Monocytes	NKcells	Neutrophils	CD4_Tcells	CD8_Tcells	otherCells
S10001	0.00260922694732018	0.00294965625595864	0.0363949579721935	3.73109595712479e-08	3.0126757878146e-08	3.18074635976393e-07	0.958045773312174
S10006	0.00337167711333557	0.00289911902410095	0.0355142103686853	1.54712308821393e-07	9.55251136467526e-11	8.28749007012888e-09	0.958214830398554
S1001	0.00314388948584644	0.00293394993092987	0.0359237173987124	0.000107955905524219	2.01365835144872e-07	4.65489425186334e-09	0.957890281258258
S10010	0.00231648208380249	0.00312121244563512	0.0366692202089172	5.08743895998498e-07	5.63769904818485e-09	1.6288902266939e-08	0.957892554591148
S10011	0.00303142260321592	0.0029750794437568	0.0362903395896338	1.53074392759272e-08	3.70124898181404e-08	2.06370154323901e-08	0.957703085406449
S10014	0.00213141851759071	0.00292510539504598	0.0367364975658244	2.65888022898941e-07	7.54276782721659e-08	4.9410145471342e-09	0.958206632264823
S10026	0.00300660678853159	0.00299099940873934	0.0360368545864228	3.02218463041559e-07	9.1635094209791e-10	2.01540943482354e-07	0.957965034540549
S10032	0.00331819261208119	0.00307972392476843	0.0358975343387254	3.09621448262823e-08	2.17752238814295e-08	9.23453065325989e-08	0.95770440404175
S10036	0.00266160362075905	0.0030027947345467	0.0354824363233524	1.31000019772989e-07	6.94945380274853e-07	1.16783297106571e-07	0.958852222592645
S10042	0.00281271572984685	0.00300373480592145	0.0364744108318076	9.34914047144771e-06	2.35274416399454e-09	2.61896548060987e-08	0.957699760949554
S10044	0.00305681764930283	0.00298827082602799	0.0362294962955009	2.37590822154984e-06	5.6896225677533e-08	8.87800091803177e-09	0.95772297354672
S10049	0.0033175595731678	0.00299317914482858	0.0357285704588373	0.000109908521747538	1.12237328184291e-09	1.2416615340374e-07	0.957850657012892
S10057	0.00299960100577874	0.00282154932785147	0.0356593737261112	2.66481452789111e-05	3.57306427462665e-09	6.5298506007362e-08	0.958492758923409
S10062	0.0025767770192032	0.00290340538245749	0.0366441859376296	7.68066855464769e-05	1.05399028499902e-08	2.47770508567678e-08	0.95779878965821
S10066	0.00235228168294069	0.00314447074008285	0.0364132602310168	2.88802986064153e-06	4.31067269144337e-09	3.07500725617131e-08	0.958087064255354
S10067	0.0030993706564152	0.00288055989651489	0.0361301703195535	0.000184606534157382	1.55291817444339e-07	7.18376043387206e-09	0.957705130117781
S1007	0.00317696066828834	0.00286226845313208	0.0359911900862845	8.51959135194529e-08	5.57122647796794e-07	6.76434785738457e-10	0.957968937797299
S10073	0.00298160723924779	0.00294497418072016	0.0369146069088032	7.02657206906332e-06	2.39614122051991e-08	6.38668481372918e-09	0.957151754751063
S10077	0.00259822425381028	0.00296190218208855	0.0364354069720527	4.11595071623168e-07	3.90184708224497e-10	4.14067897526207e-08	0.958004013200002
S10080	0.00257187638824907	0.00300846286796358	0.0371033632334324	7.3442846870981e-09	1.10396008829776e-09	3.08067052912992e-08	0.957316258255405
S10082	0.00292210757029197	0.00290404409173131	0.0364132277982788	1.06566309916087e-06	3.621621852355e-10	1.59616665792848e-07	0.957759394897771
S10087	0.00301950915186986	0.00294135496904284	0.0362255158141662	5.39863215040514e-06	3.60838905508466e-08	7.39593273042966e-09	0.957808177952947
S10089	0.00286192565898432	0.00288683541259432	0.0358924205657466	0.000587546803427158	1.75023070474691e-09	4.19227618848848e-08	0.957771227886255
S1009	0.00334268753004632	0.00286940178052617	0.0363419088568965	4.69661184247405e-09	2.3727636805288e-08	1.84999011446993e-06	0.957444123418168
S10090	0.00264916843698004	0.0029293409447734	0.0357067096217815	3.26903597285983e-05	9.45568522235521e-10	3.63749730422991e-09	0.958682086053671
S10093	0.003049922094998	0.00295998164134184	0.0352948634963057	0.000161358723192028	7.70848869977101e-09	1.02179020209133e-09	0.958533865313883
S10094	0.00267368136665853	0.00299930588446806	0.0366685749994055	1.48645885484802e-07	6.4651536952825e-09	1.20728745868445e-08	0.957658270565554
S1010	0.00352104444297099	0.00292332733056489	0.0360395031063816	7.42614037194971e-05	1.95659989441152e-09	2.22469580831181e-08	0.957441839512805
S10111	0.00307950081894008	0.00290625822189651	0.0366704259699807	3.3253622294708e-07	1.27036746053212e-08	1.80140088471808e-07	0.957343289609197
S10116	0.0030219396062865	0.00284135559008725	0.0370253771658583	2.14744211422898e-05	2.21144712920282e-10	3.19515692069993e-06	0.95708665783856
S10119	0.00319541845411022	0.00295077509223436	0.0358778744191615	8.47759977940828e-06	1.65704924239884e-09	3.87782273227709e-09	0.957967448899843
S10121	0.00293928240272759	0.00287054590299943	0.036278325859037	7.5392552664492e-05	4.46686011496786e-09	2.95657723571397e-08	0.957836419249939
S10130	0.002615550456802	0.00298226730803373	0.036198076304995	1.01892175298846e-06	2.10815262711188e-08	1.40807282201983e-09	0.958203064518817
S10140	0.00165930652357582	0.00319699629101485	0.0369824211201225	5.31283710248997e-08	2.53491646796162e-08	4.80957990968197e-08	0.958161149491952
S10142	0.00294653379577704	0.00279897382090856	0.0367437420081317	2.66573526660493e-07	2.80468649671558e-06	4.81178766465991e-10	0.957507678633981
S10150	0.00205952863214296	0.00310016144330892	0.0367648875211894	0.000927230591189314	1.04119602184407e-07	7.0913266733651e-07	0.9571473785599
S10155	0.00312276574312348	0.00298859906639466	0.036264970940152	6.26196968303121e-06	2.57533648038325e-06	6.2578574075777e-09	0.957614820686309
S1016	0.00253658918509882	0.0029827896886702	0.0360021372954377	8.13569155314998e-07	1.14514338888824e-07	8.47860460698881e-09	0.958477547268694
S10163	0.00259065046844458	0.00302661121161271	0.0369615221779548	4.5439948470145e-07	8.88066798727784e-08	3.30106474297174e-09	0.957420669634758
S10167	0.00260312474609011	0.002888035384865	0.0365429757905218	1.82152614021574e-07	3.90090245565542e-09	9.7119904747048e-08	0.957965580905102
S10168	0.00344776836475287	0.00288157412488541	0.0358281788662513	2.17820460282879e-07	3.12825392300694e-05	2.90873057694321e-10	0.957810977993547
S10173	0.00375637318939266	0.0028356076703739	0.0362604523184375	0.00011116440339705	1.50943630677258e-09	1.07373325168363e-08	0.95703639017163
S10175	0.00298333365030774	0.00286359220413053	0.0364019140017851	1.83254392522482e-05	3.30856587475772e-06	5.27077949916798e-09	0.95772952086787
S10179	0.00297481165739336	0.00289540885389064	0.0368565238680305	2.70296719369974e-08	1.0207100789389e-09	8.4875233375104e-08	0.95727314269507
S10186	0.00349261684996571	0.00284845725244986	0.0357890472205509	4.66214278945464e-07	1.43006831861494e-08	3.62033662700684e-09	0.957869394541735
S1019	0.00313842475267668	0.00285686689929207	0.0359995146553539	7.70698059037027e-05	4.46118963606849e-07	1.41019590004675e-07	0.95792753674822
S10190	0.00307816534223248	0.00295476297894121	0.0360930284621788	5.68733641823631e-07	9.52911662883601e-10	1.83923253464186e-07	0.957873289606841
S10195	0.00261625906275759	0.0029099569040108	0.0362294964255917	3.8559482812053e-07	5.6488596298391e-08	7.74935411661905e-09	0.958243837774861
S10196	0.00303594747967966	0.00296485921969043	0.0365684019058761	4.76951303561263e-06	5.3913922847342e-09	1.16751339786329e-08	0.957426004815192
S10200	0.00249191667507124	0.00296017278826378	0.0368235038373034	8.44697854635026e-05	1.21489954588682e-08	2.9049344280646e-08	0.957639895715558
S10201	0.00233383677814534	0.00298779972704172	0.0357845085677287	0.000725379344076606	7.68197894322857e-09	1.43981606491319e-08	0.958168453502868
S10202	0.00254577372637765	0.00286796466178442	0.0370207832447327	0.00033444029832468	3.63698503390257e-09	9.440394423839e-07	0.957230090392353
S10205	0.00285835447749989	0.00294028204378317	0.0368047943546432	2.7638099787089e-05	3.82371837107285e-09	1.61728330518397e-08	0.957368911027735
S10211	0.00303427697555423	0.0028705410748413	0.0351583844035392	0.000117268144431577	6.9736211197783e-09	1.40881258067582e-08	0.958819508339887
S10221	0.0028156022638388	0.00303685029630976	0.0363626354056191	7.72926781018987e-07	4.39817433123769e-07	2.36165519760289e-08	0.957783675673466
S10222	0.00260565186920371	0.00293261890578963	0.0356986283336	0.000549615401356749	8.33405600981625e-09	8.33150673100103e-09	0.958213468824487
S10226	0.00284656400088141	0.00300306922785114	0.0364627290359599	2.46120480703512e-05	8.10070668677605e-10	4.88544159051118e-08	0.957662976022751
S10227	0.00263144245662698	0.00303035100010705	0.0362885185834782	1.48646940648504e-06	5.97318645795751e-09	9.11652983616165e-11	0.958048195426029
S10228	0.00268813644898767	0.00298524592353045	0.0364804415690676	1.66419653491884e-05	1.46533102381816e-08	8.84316007580415e-09	0.957829510596595
S10232	0.00340838036453378	0.00276842697951721	0.0359732654336485	2.91937651776281e-08	8.44889401694523e-07	1.16433500501027e-07	0.957848936705633
S10248	0.00303355565308311	0.00289479223712271	0.0358882281780407	5.75831399419715e-05	9.04353210373984e-09	4.29421106387346e-09	0.958125827454068
S10249	0.00241969559771205	0.00317064667414887	0.0363955531743978	2.78063938679647e-07	2.31731727689949e-09	5.04461803358435e-09	0.958013819127867
S1025	0.00295550235084336	0.00287823620302426	0.0366543108332829	4.13964046634766e-07	2.3225005631662e-09	4.39819905674772e-07	0.957511094506397
S10266	0.00286103244712323	0.00305913303701579	0.0360743723325457	1.16304674179644e-05	2.07419344792623e-09	7.38204786430793e-08	0.957993755821225
S10269	0.00263252984694916	0.00299010092313851	0.0359939635514519	6.56922722025511e-05	5.33298166642732e-06	1.19390684682052e-09	0.958312379230685
S10272	0.00262399262175022	0.00300907043152282	0.0354718115055316	3.59598785259021e-07	8.2509580304283e-10	4.94575276625879e-08	0.958894715559787
S10273	0.00289521174279532	0.00298617197307282	0.0362676025741173	1.46416603069516e-05	3.50489439498865e-09	3.81533578011122e-06	0.957832553209033
S10274	0.00288486786206094	0.00294522172562642	0.0361150349359362	0.000186561696882062	1.73556406817903e-09	4.32943108300935e-08	0.95786826874962
S1028	0.00332732358432582	0.00299150308273788	0.0357225000452419	6.57897827468606e-07	1.47961824363805e-08	1.88560284428903e-08	0.957957981737656
S10280	0.00267418670528115	0.00300467166571818	0.036449791901203	1.65674302886924e-07	3.02699615966997e-10	1.09130924829495e-07	0.95787107461987
S10283	0.00320328922182833	0.00286151710462956	0.0367252941871013	6.01527853565506e-07	2.35798148211677e-09	3.12586237469688e-09	0.957209292474743
S1029	0.00260471574018743	0.00287492602213298	0.0367818382364706	1.37419120557977e-08	2.42495231948717e-08	2.76684427153652e-06	0.957735715165502
S10292	0.0032945976367659	0.00275570574415369	0.0359951019375058	1.43627102420037e-07	1.46775374713149e-08	8.82539275872359e-10	0.957954435494396
S10294	0.00281000068226979	0.00283447120536402	0.0365969479510515	2.46393053007685e-08	2.76942754477429e-07	9.88801956308007e-09	0.957758268691235
S10302	0.0035437129087416	0.002742694862725	0.0360697735567938	0.000434763867395225	6.09091743374674e-09	4.03924806099031e-08	0.957209008320946
S10303	0.00288746582065568	0.00302358498917568	0.0362338810952516	4.94161346593145e-05	7.14342652307147e-07	2.14592141275937e-09	0.957804935471684
S10323	0.0027546975047645	0.00297654664537906	0.0360886494183858	0.000346627180268054	1.08348808738486e-08	3.25602708917045e-09	0.957833465160295
S10326	0.00225707877620603	0.00292270628835469	0.0369878458300837	1.85013558475645e-07	9.6429128673602e-07	1.05086761364581e-09	0.957831218749643
S10328	0.00252525486573038	0.00286068791220304	0.0374480562720883	3.38336557227422e-07	5.03918930344496e-09	3.36479975389111e-09	0.957165654209432
S10329	0.0031257557692622	0.00287369675830385	0.0363361580543454	8.40622464010128e-08	2.55978160112076e-08	1.40937502404813e-09	0.957664278348651
S10336	0.00251297718681527	0.0027846724010869	0.0374277791533225	3.33738174551825e-09	1.67450786558355e-08	1.15959351736998e-07	0.957274435216963
S10340	0.00308952036680989	0.00295455292507844	0.0358623326380482	0.000259259723788002	4.03663402916071e-09	1.48330483505207e-08	0.957834315476593
S10347	0.00264495782138152	0.00275793172729142	0.036133072848762	5.88765166848381e-05	4.64831992914969e-10	1.35698392452631e-08	0.958405147051209
S10353	0.00328860325476931	0.00295083802465548	0.0358082467852419	8.94957016011656e-05	4.68866984117583e-09	2.46806456749423e-08	0.957862786864417
S10356	0.00298096200621412	0.00291153256893934	0.0361125660888482	2.02241416135157e-07	1.76315714498293e-06	2.22967697896715e-09	0.95799297170776
S10358	0.00227134811377006	0.00295369319041365	0.0368219613405874	4.26385148866227e-07	1.96086991721279e-07	4.56694357703588e-10	0.957952374426394
S10365	0.00243367717710454	0.00306132365770364	0.0361696179965801	9.42459149905327e-09	6.76075025254956e-08	2.03528385845377e-08	0.958335283783679
S1037	0.00323083653263145	0.00266768497031523	0.0368606831664743	2.80835030599368e-07	2.92036177536784e-09	7.4863913824605e-06	0.957233025183804
S10373	0.00317885190053645	0.00285052715269377	0.0359785277154745	5.37890359611892e-05	5.40827923359025e-09	6.85311800230863e-08	0.957938230255875
S10374	0.00324641031330716	0.0028557890208152	0.0348345625423224	2.57518754050656e-07	3.16600094146718e-08	1.14512800329631e-08	0.959062937493512
S10375	0.00267775627611522	0.00302211420494959	0.0368620674378696	4.10974731137661e-07	9.60839844858443e-10	2.08572974850615e-06	0.957435564415746
S10377	0.00346042679112832	0.00288715980486784	0.035092680084298	3.15488927476785e-07	7.37931312719338e-09	8.87608275101543e-08	0.958559321690638
S10378	0.00316045423942618	0.00292668047383248	0.0366288164561885	0.000294003072983228	5.98053989141775e-09	3.45570375553749e-08	0.956990005219992
S10390	0.00281812866118852	0.00294470167698527	0.0350459514537724	4.16580765848111e-07	8.20216097582091e-09	2.40013801350621e-08	0.959190769423747
S10391	0.00294647403227538	0.00297401608260537	0.035355407991437	7.35941127023067e-08	3.18180199060874e-08	1.64552084005886e-09	0.958723994836029
S10393	0.00328705998622664	0.00291644598084439	0.0355917340316538	0.00047138419272157	1.98734183447963e-10	3.85316880197049e-08	0.957733337078131
S10400	0.003123748221161	0.00311008906607522	0.035597539380341	1.51375313732554e-06	9.07215857065764e-07	7.88043162225283e-10	0.958166201575385
S10401	0.00270284933701524	0.00305699326351722	0.0361369085976178	6.92512954530028e-09	1.76222994737904e-05	1.45682462703734e-09	0.958085618120422
S10406	0.00258848685614094	0.00303755190231377	0.0357881199645898	8.28636897470763e-07	2.83324610418936e-07	3.22104290409574e-09	0.958584726094405
S10408	0.00297214584619422	0.00301923900985527	0.0364788115652179	1.3417482593928e-08	6.18576834040805e-09	1.25046637520063e-06	0.957528533509106
S10409	0.0041957716090692	0.00289909941342379	0.0351949186907162	1.44774513158393e-06	3.59481358571861e-06	2.48625983495687e-09	0.957705165241814
S10418	0.00243575557564835	0.00279295446541041	0.0351612943040602	0.00070099919385335	4.10509065280572e-09	1.06349665080522e-07	0.958908886006272
S10431	0.00323347797038232	0.00288322494307562	0.0357802768608447	0.000123084632380426	6.37531232646746e-09	6.37778911467647e-10	0.957979928580226
S10438	0.0031941604004397	0.00293357355028516	0.0356824039363243	1.4407863090035e-05	1.84963730851281e-09	9.78119045765892e-08	0.958175354588319
S10439	0.00276287640151042	0.00306049499647045	0.0368245574046566	8.30851960605016e-07	1.91464090552678e-08	2.36382137763516e-08	0.957351197560779
S10441	0.00233220005912863	0.003038557580608	0.0361966748193275	0.00048888272603779	2.16577026685413e-08	1.39844381444651e-08	0.957943649172757
S10442	0.00243630574378341	0.00310003304163089	0.0365933099774462	1.38772549942235e-07	7.73203186617105e-09	1.13020600394122e-08	0.957870193430498
S1046	0.00311934396676999	0.00301190602340472	0.036042364019143	0.000197999820780528	5.72153430925249e-07	1.0229368069148e-09	0.957627812993534
S10478	0.00248540640298089	0.00318136768093766	0.0357654317452907	1.23306134072794e-07	1.01652232312695e-06	3.50908551748899e-08	0.958566619251478
S10480	0.0031565721396761	0.00274690230020877	0.0361526603730862	1.46525738718901e-08	9.57998024000364e-09	6.09205990995884e-09	0.957943834862415
S10484	0.00221803963035302	0.0030303907762517	0.036753300486896	3.34895879066845e-07	4.07933454471114e-07	4.46853278707847e-06	0.957993057744379
S10492	0.00331365115886936	0.00297583284949974	0.0362671566900162	5.08853712947498e-05	3.38433701231883e-08	1.51498715409996e-09	0.957392438571963
S10496	0.0031290153458265	0.00290262844290303	0.0363268762319326	4.08686116316276e-08	1.60137972250803e-07	2.07363681595453e-08	0.957641258236386
S10510	0.00283170715315236	0.00291000870739512	0.035225770701676	4.01503290979378e-06	5.365549278442e-06	1.51567110635087e-09	0.959023131339917
S10513	0.00243587004523824	0.00309151722554925	0.0365841344766352	2.98522137070735e-05	5.33093320022986e-09	5.96084123528441e-09	0.957858614747096
S10516	0.00251296205240579	0.00291132154114691	0.0361104040701966	4.22512593758886e-05	6.41202571069989e-09	1.09352590692663e-08	0.95842304372959
S10534	0.00269233897406268	0.00299362681213109	0.0355112732060759	9.70681648988616e-07	1.76783284432329e-10	8.69007711014401e-08	0.958801703248527
S10535	0.00335464659676881	0.0028822709984818	0.0352972658094466	4.31463449478029e-07	6.69710483156889e-10	2.7520532676895e-08	0.95846535694161
S10537	0.0031140038600438	0.002986263366836	0.0364564625020669	9.70174654749386e-05	8.95085062806e-10	9.46733639919859e-09	0.957346242443157
S1054	0.00267065707248681	0.00304017516733165	0.0357541572443007	1.39406188127071e-09	4.18315351337262e-09	2.96672471462033e-06	0.958532038213951
S10543	0.00278951846766042	0.00288261556839706	0.0366853585265696	1.06750782869663e-07	1.10571862639209e-08	1.25957911250495e-08	0.957642377033613
S10546	0.00273331887448805	0.0029910725163035	0.0356719286636592	0.000180046830199912	5.28421247008008e-11	2.01177288053614e-09	0.958423631050734
S1055	0.002548841310182	0.00317904729670302	0.035676303864717	1.49957224290703e-07	1.41722451550958e-08	2.84318009605777e-08	0.958595614967128
S10551	0.00308536126680961	0.00300311799563155	0.0356277161785754	0.000188579508309606	1.21746863546721e-08	1.08225321345556e-09	0.958095211793734
S10552	0.00236860774701544	0.0030773347273374	0.035827642734637	6.52538369829335e-06	1.14218980634354e-09	7.57979330054381e-09	0.958719880685329
S10555	0.00329645770168674	0.00272727024465066	0.0371261528400941	3.11923740334579e-05	1.65524272785982e-09	7.44562759423599e-08	0.956818850728016
S10559	0.00315548760402603	0.00304934662048986	0.0355485415729681	9.34119400145966e-08	2.53996955865756e-06	3.8175959768464e-10	0.958243990439258
S1056	0.00295136078420009	0.00291540348497851	0.0360767662503542	9.08505079750074e-07	6.6008178819767e-08	6.08739862314604e-10	0.958055494358469
S10563	0.0025075033491807	0.00306628162838895	0.0369876595203801	6.22543632090698e-07	6.6504532503744e-09	6.54682724984705e-09	0.957437919761138
S10574	0.00256725460927223	0.00291383685498279	0.0367030698751412	1.60994819423812e-05	1.9935017013313e-05	4.35309800070041e-09	0.95777979980855
S10576	0.00293536553160353	0.00297511629886329	0.0354240718278998	9.29273386142538e-05	3.65641518641163e-08	3.2327054883242e-09	0.958572479206162
S10578	0.00268986595991549	0.00307105166265183	0.0358765882398295	4.27194140592032e-07	1.12783796778825e-08	8.54436143185302e-09	0.958362047120721
S10579	0.00266291429667483	0.0030902286529774	0.0360370069255404	1.48840684948586e-05	2.2065136034775e-09	1.06923565965341e-05	0.958184271493203
S10582	0.00278132738801947	0.00294986318840728	0.0368025042560131	1.8410958340835e-05	1.51801061980019e-09	1.20192454634158e-08	0.957447880671963
S1059	0.00295679791052789	0.00297915452722434	0.0365276449943056	1.75370016177775e-06	4.7564286946982e-08	1.63352392899752e-09	0.95753459966997
S10599	0.00294392695606007	0.00313481410362317	0.0360597053306914	4.74855200439473e-08	2.25198602572435e-07	2.63293355280943e-08	0.957861254596167
S10611	0.00331734036310943	0.00300417455144189	0.0354845943037713	1.40811257894646e-06	1.63172307600497e-09	1.20320671988754e-05	0.958180448970176
S10614	0.00239246897411461	0.00308480145561233	0.0367025392779525	0.000251341812845843	5.20056628848654e-09	9.16339867069978e-06	0.957559679880238
S10624	0.00311870213952221	0.00293430650442565	0.0357702290633031	4.25890300685787e-08	2.23984764457909e-09	1.32421392718142e-08	0.958176704221732
S10632	0.00269814422996375	0.00284128163703091	0.0358740041085936	0.000473795826459029	1.46658846159692e-09	1.13725760164662e-05	0.958101400155348
S10634	0.00311126367713053	0.00282031857003164	0.0360678405390423	9.62224955912829e-07	2.73663180852737e-09	1.53157907485566e-07	0.9579994590943
S10638	0.00275196038600134	0.00305371244483896	0.0358556658450344	4.79081176097925e-07	8.01118327790008e-10	6.95700312193712e-07	0.958337485741519
S10644	0.00298688286047726	0.00288174015430854	0.0367559549922932	8.15805030723671e-08	5.08306004797188e-08	7.45037654788253e-07	0.957374544544163
S10649	0.00250561779196703	0.00296869285472425	0.0361547674230667	0.000249636095811953	8.81979053025436e-09	7.92200681822693e-09	0.958121269092633
S10652	0.00277082140208056	0.0028789040912272	0.0357263123097423	0.000173707794193694	4.09471622656469e-09	1.07091125490634e-05	0.958439541195491
S10654	0.0029032039624217	0.00285679743563029	0.0362033022163229	5.33495086751916e-05	4.30200094676322e-09	3.61884398242627e-09	0.957983338956105
S10655	0.00295394141731336	0.00288795760829699	0.0360170509973464	1.49953211005517e-06	1.68871705292398e-09	5.00290001004827e-09	0.958139543753316
S10656	0.0037008085358828	0.00280591168375649	0.0373228136575378	0.000560038475607717	7.6881243394259e-10	3.5721646728777e-05	0.955574705231674
S10657	0.00269778303664919	0.00293997195810573	0.0361549154563633	9.80692869962555e-05	1.48953099639114e-09	1.05087357116985e-07	0.958109153684997
S10658	0.00283092979193181	0.00291368822169042	0.0366314826987454	6.8206354265862e-05	5.98833852559912e-09	1.98255870005804e-08	0.957555667119441
S10660	0.00344030613337628	0.00284664692521048	0.0354633420430705	2.26095094164094e-06	3.94649404817133e-09	1.88415284088538e-07	0.958247251585623
S10661	0.00330029498111942	0.00283734118758422	0.0362625670704741	1.02022943898999e-06	2.02243926550016e-08	1.72123356689035e-10	0.957598756134867
S10676	0.00248316654981974	0.0030219423053246	0.0364217374020613	2.16299995235805e-09	4.04828874096653e-08	6.8218097260404e-10	0.958073110414726
S1068	0.00329342076502998	0.00291593327692477	0.0362309365719532	6.78451421195949e-07	1.22028125384765e-09	5.59594838421954e-08	0.957558973754906
S10681	0.00257500367644255	0.00298314309318002	0.0352315639186365	2.45637049802343e-05	1.1534659967609e-09	5.1297427694662e-08	0.959185673155867
S10686	0.00298851678459964	0.00294389624283306	0.0355703790525324	3.16800330721683e-05	3.11536768764906e-08	1.4538563030455e-08	0.958465482194723
S10688	0.00283647058033506	0.00296790426224491	0.0362699928667614	1.6435530147894e-05	1.60495111049484e-06	2.15638269681582e-09	0.957907589653018
S10690	0.00254381055816612	0.002840832016597	0.0363778688864908	5.7881590070214e-08	1.24000744037079e-08	2.50119924527348e-06	0.958234917057836
S10698	0.00284371418488006	0.00283007064542863	0.0368447084804856	8.65616780191052e-08	2.44804061312812e-06	1.36702313401164e-08	0.957478958416683
S107	0.00286840426421671	0.00292379040193087	0.0365148294052376	8.45663795225623e-08	3.31206486572364e-09	8.39540228292144e-09	0.957692879654768
S10703	0.0028437553647801	0.00292580285230519	0.0364318874503561	1.23240663808839e-06	3.71448837271923e-09	1.44310779426288e-05	0.957782887133489
S10726	0.00327603314008599	0.00295796830359893	0.0356925915376329	1.05272367290569e-07	2.0477078220853e-05	8.00080691741376e-09	0.958052816667287
S10729	0.0028448075587531	0.00292707999293251	0.0358415373645149	5.04751607066243e-06	1.95036818605139e-09	1.79309863545343e-08	0.958381507686374
S10733	0.00329421379494101	0.00296900173706223	0.035860423776432	7.47679285300415e-08	2.4753594089115e-05	6.74233369414226e-09	0.957851525587214
S10734	0.0027011221958858	0.00291796947704325	0.0365180919428101	8.16416324602898e-10	6.37300499962841e-09	6.05539874991582e-07	0.957862203654964
S10735	0.00300581896185063	0.00286364818304893	0.0362726712116792	5.9343090806492e-08	4.55925516669287e-07	2.02185267370381e-08	0.957857326156287
S10740	0.00290377089170125	0.0031547208457587	0.0362885992335234	2.66547661286421e-07	1.52084918188123e-08	4.84345080289343e-09	0.957652622429413
S10745	0.00264181210583699	0.00306090687829434	0.0361560115456565	9.5153962506251e-08	1.12398113299592e-08	5.75592404435829e-10	0.958141162500846
S10748	0.00258936705235498	0.00298563812706262	0.0362260166773817	2.21841614570442e-07	5.56493155107254e-07	7.55309730164246e-09	0.958198192255334
S10753	0.00283503269953902	0.00313123755309606	0.0367062329801232	9.6586652457449e-08	1.00168329905838e-08	7.05884113822593e-10	0.957327389457872
S10756	0.00320512293965544	0.00291518847399054	0.0360880308584231	1.86957322092509e-08	1.52344189969092e-06	3.26056141297633e-07	0.957789789534158
S10757	0.00297217451341393	0.00262091434384887	0.0372433583535318	1.23615364015638e-06	3.27670885119924e-06	6.4467468060847e-09	0.957159033479967
S1076	0.00382655035886048	0.00296964340538348	0.035787469984379	8.85943768654538e-05	2.68050470157141e-08	8.01681887544158e-10	0.957327714267783
S10764	0.0027428238807388	0.00292824293476743	0.0359254332357837	3.34267197808807e-09	1.21153322050256e-08	1.99973488541543e-07	0.958403284517217
S10767	0.00398393335044271	0.00272843174322849	0.0361110512998896	2.68710126079669e-08	4.55786430697776e-09	5.15529233679634e-06	0.957171396885226
S10776	0.00277546596553537	0.00293211054038117	0.0366758218868569	0.000376315646168708	1.0770088533986e-08	4.07125961598709e-08	0.957240234478373
S10778	0.00309123551664273	0.00287589074698448	0.0364401875924084	0.000861861350236898	9.94753744211711e-09	2.06114422967589e-09	0.956730812785046
S10784	0.00268393198685005	0.00306897689254225	0.0365207714025482	3.80391287557382e-07	4.42972711146976e-08	4.07019317033801e-09	0.957725890959308
S10787	0.00268723882385014	0.00286821659872548	0.0363536802934698	3.61736756002727e-08	1.44405011772739e-08	6.22858283888116e-10	0.958090813046919
S10800	0.0035883319531049	0.00288760182775933	0.0359387890305406	6.4211153637441e-07	5.41260485969906e-09	1.69250193272217e-09	0.957584627971952
S10805	0.0026741888887573	0.00299045524618205	0.0360966594708636	5.68388211986879e-05	1.2608971888945e-08	1.70057717498064e-08	0.958181827958255
S10813	0.00265356225524817	0.00301899153860348	0.0364031150914874	3.28000261927676e-06	6.48197958089673e-08	2.27557666549467e-09	0.957920984016669
S10814	0.00278472946107448	0.00287308302464547	0.0348717092611908	0.000306884645493974	1.55618976332736e-08	1.09654389437672e-09	0.959163576949154
S10815	0.00285068606757368	0.00287463390836319	0.0362611348488751	0.000178928743897463	1.38348770898264e-08	1.65121293513256e-09	0.957834600945201
S10817	0.00332072064936884	0.00283457232639399	0.035716774631691	1.43482843045711e-06	6.34427416707484e-09	3.33822955795459e-09	0.958126487881612
S1083	0.00252436788114874	0.00285774425898795	0.0368901950896472	6.21731757533436e-09	2.02400632944996e-07	1.00083242523001e-06	0.95772648331984
S10835	0.00281224069770396	0.00305562532229501	0.0358297196947357	3.53404272439832e-06	1.79819862573635e-09	4.44591977074927e-06	0.958294432524572
S10838	0.00275662352385839	0.00296289553946632	0.0361607383953501	4.16436815705122e-05	9.27926581059088e-08	5.13563399976846e-09	0.958078000931463
S10844	0.00323497621399458	0.00289489957575641	0.0357374715458349	2.02415873096836e-06	8.12604483213108e-09	2.98710495421248e-08	0.958130590508589
S10845	0.00279189342639898	0.00307278256090976	0.0357398723225465	1.09477181925143e-07	9.15202426675507e-06	1.649331972615e-09	0.958386188539364
S10846	0.0034984223805925	0.00283253978413239	0.0362057241454316	6.10969114046799e-07	2.08275950907466e-09	4.98956493538422e-07	0.957462201681476
S10853	0.00290243218548145	0.00307326157957088	0.0353422759374016	4.62221230144057e-07	1.32040726542124e-08	4.61863289669168e-09	0.95868155025361
S10854	0.00271413235269298	0.00290876694174924	0.0364099394706824	7.75429645255757e-06	6.47431851366493e-09	4.32530465376943e-09	0.9579593961388
S10865	0.00242108196124635	0.00290067850217476	0.0372063751997542	3.05663301544373e-05	1.09005190710037e-08	3.24804522186037e-09	0.957441283858106
S10866	0.00268465644237185	0.0030114011153683	0.0363328467185688	1.32536266945914e-05	9.23645189599885e-10	7.80151225020917e-09	0.957957833371839
S10869	0.00194078612364474	0.00322686450131028	0.0367139617820621	4.06200067549965e-07	2.45426690712935e-08	3.95219708820675e-08	0.958117917328275
S10873	0.00224354664223842	0.00292665608802749	0.0370395252304329	9.29742701762656e-05	1.5984689774333e-08	6.6901118356046e-09	0.957697275094323
S10876	0.00312535391426931	0.00294214317772661	0.0363634486950733	0.000126345466307068	8.32465732996163e-09	4.32568050621745e-09	0.957442696096286
S10883	0.00396428152348728	0.00308145049366244	0.0347206551717051	5.0261830743485e-05	3.50716184697211e-09	2.57848610713248e-08	0.958183321688379
S10885	0.00329902039000616	0.00303973759114904	0.0355232196935357	0.000225712441583814	4.4300911356687e-09	8.83429119345835e-09	0.957912296619343
S10893	0.00275825269665077	0.00302462759328969	0.0359545103528005	0.000445268332653376	4.79838032085538e-09	1.55228269033299e-08	0.957817320703398
S10895	0.0023736406574775	0.00297774670407637	0.0368884535789524	1.1768744269569e-05	1.26461099212464e-09	6.37539280192995e-09	0.95774838267522
S10902	0.00335378801420279	0.00281646972409301	0.0358202286565861	0.000235091416157994	4.76869495760215e-09	8.49869028100005e-09	0.957774408921575
S10903	0.00289014368237004	0.00301004952523111	0.0359887087617938	4.28250924780892e-08	3.10507822737884e-07	1.01525741456156e-08	0.958110734545116
S1092	0.00303486381178551	0.0031049811628633	0.0354815303617127	3.74733527472044e-08	5.51250892301714e-09	1.53087870908262e-05	0.958363272890686
S10925	0.0029995675619017	0.00296667008996456	0.0356778524337664	9.32259059148353e-08	3.28718543016439e-09	2.90461706596449e-08	0.958355784355105
S10927	0.00254739783734743	0.00304050639905623	0.0369103810461879	2.02831310791115e-08	3.69490330092029e-08	1.80440058895262e-08	0.957501639441238
S10936	0.00287646297980005	0.00288080567354862	0.0365893363572091	0.000225291208672578	2.65511828866921e-09	2.17808858420217e-09	0.957428098947563
S10945	0.00267430845378791	0.00304436086350079	0.0369304010086011	2.71243901834459e-07	4.67150682257317e-09	4.89466240519334e-06	0.957345759096296
S10947	0.00281100021923063	0.00286007740140055	0.0355919138408898	8.60604255128628e-05	5.75503265266449e-08	9.93936537965299e-10	0.958650889568703
S10949	0.00316539830570767	0.00295158877758631	0.0356220296671455	1.59344834445781e-07	1.00620881943882e-08	1.26920901805884e-07	0.958260686921736
S1095	0.00236010784308639	0.0028908881555296	0.0360230767340894	5.86603048328339e-05	5.16369532605137e-11	3.92871934585509e-09	0.958667262982106
S10961	0.0022571596884872	0.003013674596196	0.0366580831543077	1.94224005771785e-06	1.27851621790517e-09	9.22627983443132e-10	0.958069138119807
S10969	0.00306972541040288	0.00289511769025792	0.0363833207719587	3.03548095841595e-08	4.08707492256902e-06	1.33952605377253e-07	0.957647584745043
S10972	0.00272332444696009	0.0029967078887775	0.0365992447171216	5.16512414766812e-06	5.69188566447587e-09	5.14545702019318e-10	0.957675551616562
S10973	0.00214965074637479	0.00307177195718672	0.0368979837029121	0.000152118245773982	4.31660337677842e-09	1.05592632385613e-07	0.957728365438517
S10978	0.00249336353258927	0.00295830077939245	0.0370400494565391	8.99725845973372e-06	2.08314581772567e-08	3.64686705937065e-08	0.957499231672891
S10979	0.00289421949273658	0.00295634168855868	0.0364204131524332	5.2748654012707e-05	1.25175840151275e-10	9.02010452422506e-09	0.957676267866979
S10986	0.00302199484706781	0.00295071847244626	0.0361724677563157	1.00508054839601e-07	2.13868250975774e-06	6.65223026584738e-09	0.957852573081375
S10989	0.00301661983261208	0.00287875822671168	0.0356859607982941	5.42912498782367e-07	6.20294821434534e-09	1.10075093108144e-08	0.958418101019426
S10995	0.00291951836867351	0.00302040570913261	0.0363489886877138	2.09256933611933e-05	2.77380877563806e-10	4.37432649226932e-08	0.957690117520473
S11005	0.0031520419823803	0.00292935713689864	0.0361050966759538	9.69981536747711e-05	1.21145597252153e-09	1.2753929291034e-08	0.957716492085707
S11008	0.00287381466391674	0.00293219303204541	0.0360231019223661	0.000303734020335464	6.91584832563998e-09	8.01131211674213e-09	0.957867141434176
S11010	0.00280993641494719	0.00280934282345951	0.0346141309282171	3.08706860222197e-05	2.14424436489483e-09	4.25921263473962e-09	0.959735712743897
S11013	0.00238606537902054	0.00303612325724304	0.0368998508688464	8.33522131035733e-05	2.00602487251107e-08	4.66524946943957e-09	0.957594583556288
S11016	0.00315610818184965	0.00306380189414306	0.0357524258860178	8.34870946764284e-08	5.97372543650277e-06	2.60475150096097e-09	0.958021604220707
S11017	0.00243375396981159	0.00309024714590931	0.0368281121696102	2.1241853847932e-08	1.26961554882131e-07	3.99673968446697e-09	0.95764773451452
S11020	0.00248461031178601	0.0030885339962702	0.0371223649876412	1.67684119911261e-08	1.18965649068384e-08	4.68758962922635e-07	0.957303993280363
S11027	0.0026310130151849	0.00324191564468686	0.036019333909731	9.13851742721528e-09	3.86403540108752e-10	1.31348407582722e-05	0.958094593064718
S11035	0.00287366204093928	0.00302962493739344	0.0356900192355551	4.84632522436338e-07	2.6724728467938e-09	1.69113460198451e-08	0.958406189569771
S11041	0.00255036744880843	0.00287031813799929	0.0365575000144587	2.82597874023151e-07	1.22633072997017e-08	1.21685671556432e-09	0.958021518320696
S1106	0.00241213205456616	0.00305289384283215	0.0365831765408249	8.50267397834783e-08	1.18542558745974e-07	1.75767274375327e-08	0.957951576415751
S11071	0.00368773056436168	0.00285695147906282	0.0364980422955539	6.57989279549481e-06	2.89608834754668e-09	1.31326190457365e-08	0.956950679739519
S11076	0.00306288682357531	0.00287283775855863	0.0358879134164045	4.13575029384784e-09	1.48923278061245e-08	4.59956529278144e-08	0.958176296977731
S11078	0.00307732373422952	0.00300311256188716	0.0358265938769094	0.000260024406551238	1.39513676318579e-07	1.90480949737451e-10	0.957832805716266
S11081	0.00284217664700905	0.0029575304022056	0.0367615703638511	6.72441228766662e-07	2.74231835931552e-08	4.33006116243987e-09	0.957438018392461
S11086	0.00306462292393237	0.00287172064784859	0.0358669259150049	0.000278433540600628	2.45003562433889e-09	2.34098489109801e-08	0.957918271112729
S1109	0.00335082193737131	0.00320099031085446	0.0359441521431147	6.04663616639743e-08	2.93625267976065e-05	1.0290728314564e-09	0.957474611586427
S11096	0.00275914480442744	0.00320190359102439	0.0362501843199601	4.83691372645075e-05	4.32446851129332e-10	8.13180677380859e-08	0.957740316396809
S11100	0.00289618120656432	0.00289141415771769	0.0363194672114266	5.9555182523994e-09	3.48248425592821e-08	1.15437132935084e-08	0.957892885100217
S11107	0.00284130155976129	0.00307492284782701	0.0361228510951834	2.80870126368112e-06	8.96009653930728e-09	5.12151077260994e-09	0.957958101714357
S11109	0.00235737992158509	0.00297462355933329	0.0359415747569975	2.26756681573323e-07	2.00368996604763e-08	8.10693830920846e-09	0.958726166861565
S1111	0.00305790033693004	0.00281275517607231	0.0363419342770124	5.02745912059736e-06	7.83079264222334e-09	6.36158964042828e-09	0.957782368558482
S11119	0.00282267825876498	0.00292004159523737	0.0360384749980552	9.54745890955437e-06	2.53730058581403e-08	7.66364180914713e-09	0.958209224652385
S11127	0.00299832504875049	0.00295144524508536	0.0361973019505116	4.91717383051182e-07	1.78879859640903e-07	1.01500827544553e-09	0.957852256143402
S11136	0.00318102938706684	0.00289892432121859	0.0355193712335245	0.000109008186768723	1.04673750297746e-08	5.01353555856074e-07	0.95829115505049
S11147	0.00298770234973101	0.00287763473531682	0.0357815303446885	0.00076665180225845	1.37063694781769e-08	2.3140494754872e-09	0.957586464747586
S11150	0.00257167811432855	0.00298130734919579	0.0363247766834538	0.000283058139246949	5.59523304289189e-09	8.44837935057355e-09	0.957839165670162
S11152	0.00212759503537823	0.00314954116110138	0.0362398893758704	1.09602437154898e-07	3.11532752729261e-08	1.73420536227032e-08	0.958482816329884
S1116	0.00380604742947645	0.00297838167965233	0.0359762102253977	1.90120242294457e-06	2.96225588257499e-05	1.02272416897796e-05	0.957197609662535
S11163	0.00283306634989351	0.00281305490414276	0.0366995853976014	1.97975686328411e-08	7.10073550279587e-08	6.47869270353512e-09	0.957654196064746
S11164	0.0020952248271525	0.00308139878832809	0.0365878988421123	1.21031783957455e-07	6.74516074077134e-09	4.54624445207902e-06	0.95823080352101
S11166	0.00325282519678835	0.0027225808092308	0.0347837136684485	3.39051668023058e-05	3.35127594762611e-07	8.25705939916031e-09	0.959206631774076
S11173	0.00314156191372397	0.00303282786873387	0.0360907993936008	2.56087894565772e-05	1.5827996780187e-08	4.73362864479114e-10	0.957709185733125
S11174	0.00385975018300652	0.00292241952986024	0.0348257686252046	0.000201262613633254	5.62210436060495e-09	6.67557348042631e-09	0.958190786750617
S11182	0.00278212553424175	0.00292815576301819	0.0366482200510332	4.97130989357982e-08	3.68623697790444e-08	3.38877790453966e-09	0.95764140868746
S11188	0.00273120675046396	0.00294861802921257	0.0364418612785626	1.7740385215705e-07	3.48565360371965e-08	6.99423380245677e-09	0.957878094687139
S11189	0.00273305898722143	0.00299326590981226	0.0366563725836706	0.000251097204070471	1.9790050933874e-09	6.51586641944447e-09	0.957366196820354
S1119	0.00341056708880692	0.00282432638722705	0.0361303284457152	1.86691682043552e-07	4.33813591027075e-09	8.4540715070759e-10	0.957634586203026
S11195	0.00348851771828641	0.0029327025704927	0.0371613367352707	1.70726240164835e-07	3.57590252911089e-08	2.50580737228188e-09	0.956417233984877
S11197	0.00272249274675139	0.00288354541714764	0.0353953348944045	0.000206274470481366	9.78259197549074e-09	3.17342060674718e-09	0.958792339515202
S11198	0.00190089431614791	0.00324760863177894	0.0365284196361942	1.01746796213774e-06	1.96385876119203e-09	1.83892882390136e-08	0.95832203959477
S11211	0.00281680370868603	0.00283797376483417	0.0371884540843384	2.65542578814415e-07	7.19950792787166e-09	2.19242978833565e-08	0.957156473775757
S11214	0.00318904770124336	0.00292754395066197	0.0353109808549925	1.11973530155633e-07	2.06151919119659e-07	6.17560325325689e-08	0.95857204761162
S11216	0.00238114853858722	0.00305869291868675	0.0372528200698595	5.98448781899748e-07	3.6903363102068e-08	1.0834873837723e-09	0.957306702037234
S11224	0.00242264287588631	0.00292486812530411	0.03659108501333	1.33221837542818e-06	1.11387416093435e-10	3.11904263576123e-08	0.95806004046529
S11236	0.00312873177873102	0.00300951186932526	0.0364345200060754	6.19501662718751e-08	2.98944076418995e-09	8.09140920056529e-06	0.957419079997061
S11241	0.00277523100921238	0.00308783239280923	0.0351701017548003	1.61280773744435e-08	4.53605931875994e-09	1.59007021455972e-07	0.95896665517202
S11243	0.00272553147469983	0.00302970426471296	0.0361331583116523	6.03562041785082e-08	5.10311386761554e-09	1.78515811756465e-06	0.958109755331499
S11245	0.00327968736556451	0.00285786249901844	0.0355259146640672	0.000382914378422544	2.99192997265669e-09	4.97956123996031e-08	0.957953568305385
S11249	0.00345737168388069	0.00277762120345819	0.0357420792708887	6.14008733358267e-07	6.11499641751757e-07	1.42766550657304e-08	0.958021688056742
S11274	0.00243855594800762	0.00286606919865296	0.035890250767213	3.35357729438657e-07	1.04697274368686e-08	4.7355133228377e-09	0.958804773523156
S11280	0.00288971052264669	0.00292533037086544	0.0367091533025444	6.23853792589764e-08	2.79027987800846e-09	2.65088375049574e-08	0.957475714119447
