B.cells.naive	B.cells.memory	Monocytes	NK.cells.resting	NK.cells.activated	Neutrophils	T.cells.CD4.naive	T.cells.CD4.memory.resting	T.cells.CD4.memory.activated	T.cells.CD8	Macrophages.M0	Macrophages.M1	Macrophages.M2	Mast.cells.resting	Mast.cells.activated	Plasma.cells	T.cells.follicular.helper	T.cells.regulatory..Tregs.	T.cells.gamma.delta	Dendritic.cells.resting	Dendritic.cells.activated	Eosinophils	otherCells
mix_1	5.90712198576873e-05	5.05990665274138e-05	8.16293175938467e-06	0.00109473217066584	0.0561197042871762	7.22626033895916e-05	2.31474757756546e-06	7.06817361225012e-06	0.106312958702523	0.245225203376061	4.09904977333526e-05	0.0116014175934123	0.0235381551122281	0.015806779599685	0.0111943127870032	0.0123324323777619	0.0610023692647423	4.78677491154523e-05	0.0713901094722934	0.00869108543301783	0.0469212774108316	0.0905526514596734	0.237928473963352
mix_2	0.000275639927334237	9.45659102796594e-05	1.63823298271566e-06	0.0491754273011707	0.00727049652356281	1.47410226545922e-06	1.59788967512582e-06	1.0674227343788e-05	0.0975276397272701	0.203977224283119	1.59997712545772e-05	0.008967775929637	0.000639644730865036	0.052018275829333	0.00616542595947031	0.0318194481155853	0.0723431889700627	2.97299989990264e-05	0.0312206510384365	7.92286997728583e-05	0.0585854018304433	0.104766133742915	0.275012717258221
mix_3	0.00902386215214617	4.578231074959e-05	0.00208425733938177	0.0340355506287403	4.04445463509893e-06	4.00925936131875e-06	2.58108850022274e-07	0.0159734107351012	0.0513531092931236	0.134763414263325	5.45256674089967e-06	0.0346660544691048	0.0468659237642513	0.0457652707683272	7.71470257956019e-06	0.0221177914499153	0.10442628328203	0.000131965887566711	0.0001138613381572	0.0188142569060491	0.0617036531734429	0.0972470439161578	0.320847029230263
mix_4	0.000143127313018994	8.57462522129739e-05	4.51968805138882e-08	0.0229649522317408	0.000428029453323671	2.56721253696722e-05	1.44515588638672e-05	0.0277777465662209	0.107587727354243	0.224215092295354	1.47579765905678e-05	0.00157488578737758	0.00141723726465382	0.0202608377235713	0.000153911509554347	0.023718039791133	0.124382684772639	0.0317974631568452	0.0165947798759637	4.49563491145094e-05	0.0620098628558349	0.0914412115875244	0.24334678100197
mix_5	7.99675855841909e-05	3.73145339347069e-05	7.34207114201625e-06	0.007847712753173	0.0202546318947161	2.33816853985765e-05	2.65571980777922e-06	1.92616389264309e-05	0.105325893251608	0.225076456879579	2.41655505754667e-05	0.0124400915033281	0.0121241154109685	0.0261598949408712	0.000396642833432399	0.02623995872018	0.106812052496846	6.3061453676794e-05	0.0364176663650532	0.000244442868714197	0.0587856301449114	0.0930508877280163	0.268566771969557
mix_6	9.77338913723679e-05	8.18394348985899e-06	1.69305767059702e-06	0.0265181763233028	0.0198619557570138	3.81161691566216e-05	5.80109898534e-06	0.000283536113159689	0.11425986048508	0.264104911972862	1.35413195211823e-05	0.00289287481158296	0.00173268628154512	0.00861334022089912	0.000118149928826748	0.0234393670378555	0.130456913299346	0.00613388483046685	0.0051620722316688	0.000119572363746599	0.0606248408961189	0.0868216613090462	0.248691126657283
mix_7	2.05373129602913e-05	9.91753578966284e-06	6.21172921885162e-06	0.0320506826048024	0.00390948716452439	7.7214425698859e-05	4.01554931011558e-06	8.91213326951613e-05	0.080357543214643	0.189984395352261	6.46702059051819e-06	0.0214889791241563	0.0146033756064827	0.0437832143458323	0.00395474216758099	0.0261030739226689	0.110390895481816	3.62908115539243e-05	0.027523975358318	2.88965187705819e-05	0.0600454887716575	0.0989126988475115	0.286612775801157
mix_8	6.76834280120709e-05	1.94634649053794e-05	1.82697205412885e-05	0.00177920353228747	0.0557615495093411	3.1231524804218e-05	8.91301843594539e-07	4.77801603670667e-05	0.0827275660463215	0.217318443827892	4.64466991667756e-05	0.0148956380472807	0.00584368042619985	0.0466589021649079	0.000522760065023735	0.0187861300101624	0.0874576122743392	2.27020370078543e-05	0.0393348269210741	0.000475070098160388	0.0566164724409379	0.0927797767515837	0.27878789954784
mix_9	4.13927591959519e-05	1.51420287251282e-05	5.88337102388545e-07	0.00554137243672757	0.027000234414332	0.000124105444414739	2.40458217443821e-07	8.48910105306387e-05	0.117400493445639	0.273242230306492	3.0810038316929e-05	0.000538832425070816	0.00404724019746023	0.000726626775823752	0.000159311459947996	0.023336141764856	0.123829121071252	0.015942318808346	0.0251682313607748	8.78701654634779e-05	0.0577478867051685	0.0854137871813172	0.239521131404826
mix_10	0.00297652572226034	0.0049592634580978	0.000330014157299781	0.00595180356569933	3.80415980505843e-07	2.94688748456807e-06	3.9239735443882e-06	0.0992989484353758	0.0584855337782169	0.102361637964066	1.63575133086954e-06	0.0054840933857236	0.0382193379780142	0.0384714201908609	4.55261654239646e-06	0.0262185110664516	0.108071080079701	0.0682043974911621	1.06898602102391e-05	0.00633263127246986	0.0683745148132191	0.101551706273076	0.264684450863212
mix_11	0.000158512201163659	0.000128187986517018	4.42075267071511e-06	0.0011051741146367	0.0470261924627742	0.000125143798852697	1.90204047523818e-05	6.44783837981775e-07	0.102769763254578	0.221988345314197	4.27397922559403e-05	0.000390430268941095	0.0278736175252326	0.0329594278820437	0.000394486796054458	0.0257834206274558	0.0755606846682539	2.46069944833086e-05	0.0609626658303422	0.00630800363889299	0.0556606674711944	0.0969990694988966	0.243714773931972
mix_12	8.27437591226402e-05	2.02989709316683e-05	1.03887659742924e-06	0.0368594150267555	6.43260987544275e-05	1.48232021802997e-06	5.09072081887e-07	0.0362316011995976	0.108663461600919	0.223435246232925	4.8168239086668e-06	0.010223842390822	0.0145637842746088	0.0165211773043862	0.000247393599507319	0.0125187118069442	0.117129619660579	0.016904292767579	0.000980897052914987	0.000282968251995607	0.0614327986905938	0.0904032224775096	0.253426351740746
mix_13	5.71646731107545e-05	2.78277007412052e-05	9.33693851300979e-07	0.019747779943176	2.24143737183948e-05	3.34752734877766e-05	6.80132512980273e-06	0.106487695091082	0.0780595047104131	0.148931790974204	4.76447972827356e-06	3.98926986560905e-05	0.0141822082576639	0.0051315787702995	2.0386781276653e-06	0.0125908878468046	0.117440229270783	0.0928369028256406	7.32450819492208e-05	0.000105966018070519	0.0712149286455432	0.0911151671903006	0.241886802477518
mix_14	0.000110531456357446	5.37006424346886e-05	1.76102859931118e-05	0.0283958032992355	5.09325827193887e-05	1.29522965024529e-05	1.43633314701365e-06	0.0526259533299305	0.103249927080643	0.195149740038746	1.64929943383903e-06	0.000530529009079217	0.0294207179724459	0.0164943599417437	2.25320920505943e-05	0.0228757295163795	0.106336285888674	0.0422106451267673	0.00138939738647822	0.00341665888414054	0.0629003292862336	0.0954074050343239	0.23932517321654
mix_15	0.000164100749103381	3.46242035357661e-05	5.41020355156269e-06	0.0154382406766542	0.0205196414630109	0.000247341932941443	1.92600806865974e-05	0.000230569430167955	0.11169337560675	0.252492211119008	5.00225748493669e-05	0.011360451613298	0.00977524931041569	0.017390368350501	0.00015262285286089	0.0229486442011024	0.0986479839690015	4.42256117474785e-07	0.0233584973385202	0.000759148041610111	0.0594675186158619	0.0878782772237786	0.267365998186673
mix_16	0.0127297001024023	0.000158975978742291	0.000417515779468755	0.0308858135562823	5.86151935868158e-05	5.20264988418603e-07	4.88435069067915e-06	0.000106435450084035	0.0485567908199995	0.144716261638418	3.0824125965641e-05	0.0397758146411655	0.0249183664895073	0.0170926244854984	0.00017024112340653	0.0459923510375823	0.104036099560422	5.28787099665803e-05	0.000124148222015306	0.00508611373231373	0.064172793059322	0.0860154246592566	0.374896807018914
mix_17	0.0128198420047169	9.9736247847882e-06	9.27490054332756e-06	0.0180464297101645	2.69116833611496e-05	3.8874559215358e-05	1.08258569763704e-06	0.0555859331682682	0.039965590781074	0.0925639516685593	2.07150472334615e-05	0.0370987893744413	0.0134197238903695	0.0388215054089444	1.98969993002702e-06	0.0343967201488536	0.124421173514817	0.021152932875764	0.000171717633273377	0.000490967987133131	0.0695370260071154	0.0878613472170269	0.353537526508713
mix_18	0.0111890214893095	0.00124741801320497	0.000112374375040261	1.42980770272226e-05	8.42037664099109e-06	6.49000171212275e-05	9.77646387253623e-06	0.169115250786545	0.0368226718567831	0.0197954837189474	2.05879445503257e-05	0.00112007188202714	0.0347170506700344	0.0468944635644131	7.43187152919893e-06	0.0177345192930408	0.118917689484021	0.104480181348299	1.06033543116426e-05	0.00112033240428694	0.0765052034723289	0.100727753967924	0.259364495568742
mix_19	0.00282191570933376	6.15768847019922e-06	0.000854307760393414	0.0348425207528258	0.000146867124810409	5.3549802884222e-07	8.51345932264301e-07	0.000204152696482306	0.0687174345868468	0.169874982868114	1.16577626238781e-05	0.0342679746625488	0.043691410506838	0.0410268550032502	4.9205807454473e-05	0.0141809480859725	0.0975514599040376	6.17309941025805e-05	0.0100233348706395	0.0173899830880306	0.0580671447240061	0.0924155757911976	0.31379299276806
mix_20	6.58066173883311e-05	7.9382383750667e-05	2.14011400414436e-06	0.0201154355868074	0.00467157544717619	3.23812524712596e-05	5.04238929501446e-06	0.0168961758028069	0.111539238908389	0.231524869946942	1.01685795554837e-05	0.000492618848255661	0.000437289313513381	0.00182821165648194	0.000108539906815292	0.0309052833001707	0.120105874160553	0.0281840425576034	0.0208956602930262	1.11020648355302e-06	0.0651461928717314	0.0874810833266653	0.259471876530114
mix_21	0.00086071709692721	0.00023465686319023	4.46105639656258e-05	0.0074524086838301	2.57967436815102e-06	1.27555964347091e-05	1.0671467781801e-05	0.142948156665198	0.0536222435477489	0.0733257828574725	3.9542106737284e-05	0.0223331108712163	0.0162877108868355	0.00950233924818606	5.58356166520382e-06	0.0190741764633384	0.122415370579777	0.0750486201534135	6.90376733421516e-05	0.000230836264370707	0.07179094097427	0.0836362587423317	0.301051889457599
mix_22	3.70334362067768e-05	5.78179835742385e-05	3.13399150996476e-05	0.0270265480068637	0.00565008484791	2.60618802649127e-06	5.82668948895742e-06	0.00014626126774717	0.113972568879122	0.231745205293271	1.27197076863021e-05	0.00394536440506705	0.0346717801570307	0.0370795092521229	8.9981258976933e-05	0.0156788521257719	0.104251415344418	0.00420335415534105	0.0221598533798843	0.00730542988049408	0.0577995982716052	0.0999072571707423	0.23421959238355
mix_23	0.000341801054055667	2.7064217599416e-05	1.6165263104522e-06	0.0200603498182514	0.000534446943612526	9.16683842703989e-07	5.96647896679012e-06	0.000856111040249487	0.111590726403243	0.229682759482435	3.07371783363428e-06	0.000234697853316162	0.0216051223126248	0.0144291806545206	0.000174406850627166	0.0235632177288829	0.118284595919478	0.0168786945778439	0.0409894092258516	0.00105804537988527	0.0641754217727389	0.0912513193547712	0.24425105600306
mix_24	0.000135353785443274	7.48667510964591e-06	1.28939393652171e-07	0.03471743869838	0.000213786948959328	3.75139084906269e-06	1.999511622291e-05	0.0182986483424566	0.100733568512258	0.225717327807827	2.51668912703129e-05	0.0155053587721648	0.00435048955057815	0.00705323862192968	0.000766697392328465	0.0252595358832434	0.121561815027743	0.0205246697904382	0.00109820464123144	0.000138945360887725	0.0611795913589683	0.0888388962771799	0.273849904215137
mix_25	4.82642023159319e-05	9.3784607052368e-06	1.46721375269719e-06	0.0215715009078275	2.48892013012819e-05	0.000183626846188673	2.10144333202987e-05	0.0161279823256586	0.117099689342003	0.247982961727371	8.11371121713119e-07	8.71330990457156e-05	0.00451020207960903	0.000181929441955603	8.90977009879197e-05	0.0257235272828495	0.12080407738534	0.0379168771939268	0.0200816728038815	1.97828749053677e-05	0.0622296350876855	0.0864804532010898	0.238804025817157
mix_26	0.00720889333389848	2.30865880205977e-06	0.00216436227646975	4.52772169794708e-05	4.40446151180319e-06	6.06822979121384e-06	1.87867872722025e-06	0.130598811446719	0.0384927781096844	0.0515941550115316	5.32540506048379e-06	0.0232365205697162	0.0403828009359623	0.0204712485624941	3.07210613721734e-06	0.0141101296032268	0.123780917972037	0.0756676373718983	4.95565975108237e-05	0.00824463430572589	0.0720557591941016	0.089902733246058	0.301970726705956
mix_27	5.55520118852165e-05	3.97677882210124e-05	2.956901636963e-06	0.0154002401040234	0.0211350382648686	1.42330591236742e-05	1.49397274737388e-06	5.52032189098633e-05	0.115422056720556	0.254208909263773	9.86628125044836e-06	0.000917431343587464	0.0192867169066508	0.00447619137869349	0.00770077976233052	0.0221049304375982	0.0916051941255442	1.1460271248192e-06	0.0529994608331938	0.00220796171600428	0.057736591075127	0.0915075811655975	0.243110697641551
mix_28	8.34108156935641e-05	3.39540584764912e-05	3.18893607405846e-06	0.0367420318958806	0.000178188518690331	3.1124200433077e-05	1.35997874412316e-06	0.000146030876173435	0.112631648257433	0.24696635772063	6.96000893459166e-06	0.00664603532398154	0.00482013266128434	0.00764050315600668	0.000112092090803792	0.0270453500987916	0.13672290035628	0.0146730910716571	0.00219258334370551	0.00010888673635602	0.0632679484835839	0.0874138789849781	0.252532342425408
mix_29	3.52665953426634e-06	2.25157738291004e-06	3.40250563344875e-06	0.00157611223833884	0.0411391722236637	1.01574657640566e-07	4.35112470441716e-07	3.29791533263048e-05	0.103132032733447	0.22516891693344	8.7829601552212e-06	0.00166520999102243	0.0205357414188603	0.0420888487290952	0.000556634986898389	0.0192943827307968	0.0837230831369913	1.22659703934438e-05	0.0618969898675181	0.00337561613056344	0.0570561323121989	0.0962917722196534	0.242435608833958
mix_30	0.0001043822457729	3.49520741939655e-05	3.19233664713457e-06	0.032362771887018	9.02093736194253e-05	1.55591984453777e-05	2.01266803949902e-06	0.0336715720002548	0.109605028959679	0.23367594627674	4.66960273979032e-06	0.00147724023006573	0.00896778903573567	0.00791829727529097	0.000210045575404138	0.019424105782899	0.114545207759623	0.0392269963239503	0.00231700210117912	3.50968012243625e-05	0.0624685891302935	0.0899769883466821	0.243862345014501
mix_31	4.90571153695332e-05	8.5805602430636e-05	1.77909494924608e-06	0.0298628180017053	8.74183321819148e-05	3.84267548904108e-06	2.00200099483513e-06	0.0570734443199874	0.0980185446411122	0.183421393146448	8.38042130358852e-06	0.00325152039684094	0.0263833692729207	0.0334094576245747	2.48050674470789e-05	0.0144496622540339	0.11028862461943	0.030120252296715	0.00248313717976389	0.00132429304004721	0.0654401042074264	0.0968217512712734	0.247388537417555
mix_32	0.00114080730283694	0.000492107207624057	3.0819930362285e-05	0.0128468433802899	8.4122916627674e-06	1.29141273819615e-05	3.97138339958788e-07	0.074536513450208	0.0900640121431049	0.169323659531334	1.48318180460831e-06	0.000129260558678996	0.0347935380810261	0.0311784451828022	1.14741788966346e-05	0.0204331769169976	0.104106726038952	0.0464731580667767	0.0107894819067552	0.00322042788627085	0.064482852388703	0.100785952699697	0.235137536409494
mix_33	0.000142281296635852	0.000112725498348227	0.000816786130507476	0.00929440446044916	6.03770087823528e-06	6.8406989103681e-05	2.87470449543635e-06	0.107173239165157	0.0692125075197699	0.127976632690462	6.30979762452882e-06	0.00929226853698416	0.0425460698184614	0.00165292983730068	8.03009091358075e-06	0.0131613155903751	0.116535280149508	0.0758757964590609	0.000156063178322736	0.00817160091467639	0.0703334199658699	0.0885001477223905	0.258954871782706
mix_34	0.0203130886564373	8.6572376271907e-05	0.00160072057824322	0.00186845508568853	2.86087888866185e-06	5.56577588725828e-06	3.07827220817e-07	0.107953681063844	0.0347775503606515	0.0376228843799028	6.90353653901926e-06	0.0198574817379333	0.0463027938342112	0.0829508941192142	1.98324856616502e-05	0.0179645142359899	0.105700438800921	0.0326601993063792	0.00517496897621228	0.0109578225043969	0.0684373555176551	0.108799600935403	0.296935507026447
mix_35	5.64242912231669e-06	3.10337858972169e-05	9.93576480694728e-07	0.00160050824264734	0.0264384119456385	5.61307782461074e-07	1.57428582777752e-05	0.0146571517532098	0.102119313261498	0.232133188231614	6.43640508049927e-06	0.00451830193743116	0.014989333352372	0.0336889184588216	5.93235955708137e-05	0.0138104442055133	0.117984387003428	0.0099237911487473	0.0247909559233916	0.000294631682288367	0.0618443135739462	0.0933466896009714	0.247739925720269
mix_36	0.000198599794719464	1.16732374920435e-05	1.26225098895348e-05	0.0274593317642974	0.000347601698338764	1.33982874446134e-05	1.55311349042495e-06	0.0257553822550031	0.0996126808938308	0.205629223447085	2.99347420557688e-06	0.0109396240341518	0.0282516328242559	0.0364838706397341	0.000124155126522693	0.0192328988607602	0.106248188777885	0.0106198787868412	0.00951129974417966	0.00316715854798147	0.0601175342535032	0.101646292725869	0.25461240520252
mix_37	0.000833461404956871	4.89492791610683e-06	2.26325457936492e-06	0.0325563345091939	0.000123322155850907	6.40636187766646e-06	5.37040708614649e-06	0.0246972282774365	0.0755471283042231	0.179343075444982	3.44718541128003e-06	0.0259882626254371	0.0220082832946046	0.0233259264381851	0.000117742105976985	0.0248155131186129	0.113422824664956	0.00414753713278553	0.00103643450830862	0.00286533660461909	0.0635419933727967	0.0894843883821782	0.316122825518025
mix_38	2.84244177943477e-05	1.72490082943327e-05	5.85093979388601e-05	0.0348702407763912	0.0175726119255248	1.75499767419648e-05	2.19050660806954e-06	2.38740805156403e-05	0.0882005933217626	0.207296278249186	2.5462985420845e-05	0.0212139237180132	0.0318259229979926	0.0159112196541716	0.000275350274471004	0.02463705329371	0.0949609091452088	2.44837181932498e-06	0.0173361017265053	0.0075823204197405	0.0587143411402539	0.0902019624719398	0.289225462139995
mix_39	8.22002999601807e-05	3.08804138103283e-05	6.73255762139153e-07	0.0430085027845952	0.0014798926868556	8.35946182889308e-06	7.64588528469489e-06	0.000485110726512205	0.114485997788016	0.255117772923609	1.18901164684021e-05	0.00148297634596285	0.0015493005989654	0.0238465702645059	0.000523153683634071	0.0235222620930356	0.117641016835346	0.00631546650162382	0.00100598521873074	4.24105602930109e-05	0.0631488008952277	0.0926980519836128	0.253505078676359
mix_40	1.33399417299038e-06	7.0027309044674e-05	2.1283938343439e-05	0.0277955588495561	8.22308398906401e-05	1.22320414885856e-05	9.82260071464204e-07	0.0597889741721782	0.0861545245521962	0.162923010078446	8.8405524283501e-06	0.00797433386823708	0.0333566076132012	0.0367070988666755	0.000171951240014325	0.0141603092809707	0.115985897688234	0.0365673852026037	0.000670789344348533	0.00471572047804167	0.0613485995195252	0.101175703985166	0.250306604325165
mix_41	0.00905863402883354	0.000144526427759044	0.00297459223492041	0.0167217734471095	4.3291433308998e-07	4.34121347382091e-07	1.55444200985429e-06	0.0945116326277235	0.0511241655239328	0.0820600506880335	3.87990254510828e-07	0.0229219238106326	0.048019446401429	0.0333766155023867	8.97958937168336e-06	0.0171345060410658	0.114079038136222	0.0435126873979349	3.84622817919156e-05	0.0142014388928705	0.0637057341465882	0.0938511098671322	0.292551873486317
mix_42	0.00284003830305447	0.000177360464268883	4.61087499753469e-07	0.000314497448808063	9.46821919802629e-06	2.69576058731921e-05	5.57700498650194e-06	0.122421527091854	0.0754705239475726	0.111325761605118	1.49743422770358e-05	2.16780348524549e-05	0.00287735959952995	0.051964950861033	4.06037575429018e-06	0.0255822509744873	0.117046796323869	0.0878351349554851	0.00011890871578334	4.21985150802624e-05	0.064158854695434	0.0986880234315304	0.239052636396651
mix_43	0.0108705285687091	0.000136407822482302	0.00138486248752969	1.01162747108675e-05	2.98625054911951e-06	1.59968946854137e-05	5.61402275321078e-07	0.115508434420878	0.0394824896456173	0.0547074357705812	3.2202547815792e-07	0.0138669651859026	0.040287298156995	0.0376010093652909	9.73022853800993e-06	0.0268486523664496	0.113989825024463	0.0781144582301523	3.85869265538168e-05	0.00856167862604174	0.0721008092817305	0.09900085200828	0.287459993036106
mix_44	0.000251614347084376	9.90208411008522e-05	6.37918551261887e-06	0.0245224084216167	0.000551446925113161	8.72561553821831e-06	7.13676535755063e-07	0.000273349532073036	0.106759710318034	0.230344111065506	9.02333426550563e-06	0.000254150171460414	0.0168102168788431	0.0217170412716723	0.000127810928344991	0.0300281847185193	0.104019698027281	0.0179496892515669	0.0284298925824546	0.000410214533320891	0.0647568931653207	0.0969412658734595	0.255728439335377
mix_45	8.02916972830533e-05	3.0231359559765e-05	2.96030705498669e-06	0.0276156311031761	0.00996538770146799	1.88882960962763e-05	4.43675572910332e-06	9.95436203243123e-05	0.102875699449578	0.208045882482855	6.70276211912549e-06	0.00579717738509775	0.00627058422170456	0.0568004716893832	0.00611924068041905	0.0231395108596919	0.0999986987697309	7.64926377031776e-05	0.0364788903351084	9.02315763573855e-05	0.0589514536498075	0.10079188268499	0.256739709974762
mix_46	0.00152444307695039	0.00027663913307088	0.00276596049892045	0.0208912735624334	1.79394916173384e-05	5.28879268713279e-05	3.44581544096787e-06	0.0704998906983413	0.0757868959164253	0.141601026696884	1.86603851035573e-06	0.0198431505719758	0.0533712548646601	0.0219434098047593	8.29785737918924e-05	0.0111814151358552	0.102755685169019	0.0320427988259493	0.000712155024768296	0.018342870795016	0.0602228333914976	0.0998323279295191	0.266246851057723
mix_47	0.0334837610204416	7.5354469760665e-06	0.00219043348132774	0.033656231199504	4.42740870842849e-06	1.4704231407573e-05	2.07259988137787e-06	1.16512965198782e-05	1.32092185342489e-05	0.0370290181365747	0.0067992290868475	0.0625211098977664	0.0196664937161265	0.023212042607598	1.15198402016085e-05	0.0550095901358453	0.0949696294590521	3.97685079988255e-06	2.41401664438468e-05	0.00828035311912246	0.0700613635300857	0.0644924950965916	0.488535012453643
mix_48	0.00366026434826127	0.0067216931795867	2.02299173876714e-05	0.00205260247473623	9.12095698533772e-06	2.42871550640186e-06	1.14841482611686e-06	0.126473676648633	0.0580590557270923	0.085150494774786	3.97212628599412e-06	0.000124169062253716	0.0310900614453863	0.0410195281628582	1.07321340944455e-05	0.0237696248148314	0.10872027909071	0.085634049778994	8.91705813954438e-05	0.00127008694529804	0.0707659603759403	0.101525051857717	0.253826598466435
mix_49	0.00297689745062044	0.000253399814452929	0.000880030327436629	0.00101482511564403	0.018534208467897	2.08845505607694e-05	4.43950364914477e-06	0.000551625776543042	0.0920016971554052	0.193857840254812	6.11740931376228e-07	0.00348786977430968	0.058277827196293	0.0541253237915689	9.48205121302694e-05	0.0133006412192047	0.101524347480409	0.00203390931336083	0.0332018012139289	0.0208878850687101	0.0569762934812597	0.105265925070651	0.240726895720222
mix_50	6.83203370558207e-05	5.55963749954466e-07	6.60454376422164e-07	0.000706260119214374	0.039215989500755	1.21680600259204e-05	3.68890006031399e-06	0.000195827187741117	0.100773749449326	0.241952268897617	6.51552875948652e-06	0.000595188067618934	0.00285479543569879	0.0405236287451822	2.56895843679377e-05	0.0191751238743176	0.128390685815998	0.00313219053679429	0.0190394817627195	0.000139449519835518	0.062238576634638	0.0935117342414261	0.247437451382722
mix_51	0.0133164522153695	2.76296764520723e-05	0.00155183605660536	0.00112893795117536	9.36012601783801e-07	7.72332280582043e-06	9.91912986980391e-07	0.108591118673269	0.0278069476811772	0.0457076722522789	1.82866020111395e-06	0.0290093431492849	0.0391116965581643	0.036477933592002	6.00865546350959e-07	0.0276174846563228	0.115073251185792	0.0568256871276913	7.74897814728593e-06	0.00772144537269964	0.0720763965077866	0.0937394629742535	0.324196874617386
mix_52	0.0110723095441391	6.32227471168479e-05	0.000816799895459043	0.00921886392165752	2.08932711342972e-05	1.54327854290572e-06	2.84297210562918e-06	0.0771363916213774	0.0530659800947558	0.108873640087421	3.1856789944711e-07	0.0189882792224391	0.0406463067805599	0.0367494534937987	7.85496494494518e-06	0.0214835114120486	0.109294020331683	0.0430442006623512	7.58970263191015e-05	0.00818546748837617	0.0705259880225182	0.0997326571121884	0.290993557481164
mix_53	0.0183377908942229	2.55772923838542e-07	0.000152047893136354	0.000591984432305277	2.25276321083548e-06	1.34203990649035e-05	1.47479619585308e-06	0.0684498182052135	0.0563943549272928	0.105147048183846	3.61804079366455e-06	0.00922932751706834	0.0379392838695977	0.0492846114918527	3.112375274236e-06	0.0417563880968401	0.098081880010876	0.0367087693775296	0.00954600324756807	0.00456170443535166	0.0699090417759761	0.101211546474821	0.292674265019039
mix_54	1.50033432302185e-05	4.86675210749865e-05	1.36702696800243e-07	0.00750066682316967	3.85783218746813e-05	3.90858027114492e-05	2.67452327883274e-06	0.0471128870208733	0.0924346834508908	0.186804508729483	7.02604347624872e-06	0.00714989909417288	0.0227211360859661	0.00138457139243136	3.62344542434321e-05	0.0236856020831323	0.122528289195049	0.0452116584915643	0.0200051811377686	0.000836571304915264	0.0664645987582877	0.0908115897383704	0.265160749981339
mix_55	0.00374089068420532	3.26177211166116e-05	2.3685125482192e-05	1.99730481158356e-05	4.38319433453992e-06	4.24253229912109e-06	8.09482741849163e-06	0.151843670902879	0.0471130488066957	0.060565983003426	1.85512236500679e-06	0.00998892151481571	0.0256302781946852	0.0206881965123662	5.58426435208936e-06	0.0134807623613616	0.116840500522727	0.10462977559859	6.58690248335851e-05	0.000175247759289923	0.0746157182973168	0.0897793844051292	0.280741316576195
mix_56	7.069522951939e-05	2.36101770248561e-06	7.83059704212349e-06	0.0246086593236901	3.10371991110091e-05	1.76941491036091e-05	6.86777262131358e-07	0.0688221197515044	0.103826674842442	0.194317290867886	1.48754401115523e-05	0.00343253411828482	0.0319983599961127	0.00237463444472534	5.56598468838369e-05	0.0112013557568435	0.111130072441894	0.0516852958077256	0.00125833382263792	0.00355584835765894	0.0630807304025886	0.0909779417734674	0.237529308035803
mix_57	2.82240273500907e-05	2.7763701201942e-05	5.22346828783038e-06	0.0194751634866212	0.0100683078733136	4.60248143340688e-06	2.01972135272673e-05	0.000128386835746266	0.12156334503945	0.249961591627307	1.34870798865054e-05	6.70583905015968e-05	0.00943449243889655	0.0186405408736572	9.57678394568752e-05	0.0231819375729911	0.112539627437719	0.0107739906573715	0.0323734341073457	4.02849083716731e-05	0.057966214763115	0.0914990895850859	0.242091268591363
mix_58	5.05241853731009e-05	5.32461871934994e-06	1.60969081098321e-06	0.0207760336230377	0.00210845692756915	1.17709231527616e-05	5.10320927392148e-06	4.46117824036456e-05	0.114471042308174	0.24092645309019	4.90339936696444e-07	0.0119310211757075	0.0135669849179074	0.0029783268089051	0.00145385515225699	0.0151285176206769	0.126463722457194	0.00477926977610862	0.0353063214003954	0.000192739232243362	0.0616635942318031	0.0853280492420523	0.262806177286107
mix_59	0.013191377873861	0.00560645586885877	0.00107992769673351	0.0125000288932648	3.48599730731461e-05	1.09328265832654e-05	6.91673635322422e-07	0.0674455202681995	0.053461052681504	0.0789090462319333	2.32987577946173e-06	0.0188176707488068	0.0455905461135272	0.0622149466113546	2.60795409854928e-06	0.0309933578362893	0.10225410779508	0.0119448475434928	0.0132584611990175	0.0110280369384789	0.0654340075934805	0.107717202033076	0.298501983769872
mix_60	0.000352591120222702	3.39985937755504e-05	5.25268139687565e-05	0.00493982895463137	1.45901678383422e-05	1.82411352045172e-05	2.47794702603306e-06	0.0797037835421778	0.0726896364627284	0.145129010376302	3.48349795175079e-06	0.0123804307750299	0.0341485390253601	0.00389000593139245	3.40786842290989e-05	0.0212449626794746	0.125738543214933	0.0727991996091042	0.000193927377283784	0.00294108428572522	0.0666142194348963	0.090223870217769	0.266850970152975
mix_61	3.43687246075874e-05	1.29940930066515e-06	4.80699790920644e-06	0.0226690618846197	0.000408621290393911	5.75342559208999e-06	1.07623902367498e-06	0.0147998553920726	0.101973331574411	0.212641724518449	1.8841424453158e-06	0.0111366531112543	0.0219613233804933	0.0218189244956465	0.000339283801535749	0.0234000435421939	0.113583265779817	0.00794218552674171	0.0195303843933244	0.000799309865777941	0.0637812028103775	0.0970166833881202	0.266148956305892
mix_62	4.90750876299762e-05	1.65286943176001e-05	0.00166139091643856	0.0297459876877268	2.30518739213372e-05	4.06075944568258e-05	1.77034958355125e-06	0.00315492578619332	0.0783500376061562	0.18648447711994	5.43687932209336e-06	0.0254944966635675	0.0445994667810408	0.0131377195918814	2.90017897677534e-05	0.0178085882793616	0.114438196393339	0.0171790858947347	0.00366870690071872	0.0137754149380416	0.0633722217725659	0.090030226810993	0.296933584588302
mix_63	1.24510744030648e-06	1.43058321526756e-05	5.39634464451892e-06	0.00268005657612382	0.0250735098723931	3.08864045944662e-06	4.33375228001371e-06	0.00298803893271025	0.100432177833246	0.244966944849774	1.42813392363022e-05	0.00921687784902888	0.0155753388056933	0.00226370630727804	9.18503053603121e-05	0.0160015646172728	0.137204588032464	0.0210957683192116	0.0141072605459583	0.000239006718589552	0.0629789351539847	0.0858926250771548	0.259149099187544
mix_64	0.0365858723264481	4.48268165431318e-05	0.000138466877557705	0.0329531271879873	1.12228280012895e-05	1.13250380750395e-07	1.48221878741032e-06	0.00427792022929099	0.00281556094510797	0.0513141550575462	5.81594187463349e-06	0.0427870389691812	0.0172255803110825	0.0685148531765023	3.98110604075308e-06	0.0595035829040368	0.0835008243264361	2.60483381930953e-06	0.000428134619284181	0.00162807674984752	0.0687824567548184	0.0929090815133674	0.436565221056058
mix_65	0.0153746243738698	1.71353691061462e-05	0.00213718057997605	0.0151168388957683	8.67321105022523e-05	1.2865955924945e-05	4.31684661512966e-06	0.0435985792123527	0.0563652394000562	0.134169270896369	5.50385297320905e-06	0.0215916674910463	0.0475357634450847	0.0347685789692949	2.20469045842252e-05	0.0183343161817051	0.10497928301164	0.0283317321330248	0.00014119876553464	0.0141489419271546	0.0673543711949358	0.0992405209044455	0.296663291578035
mix_66	0.0103305469753755	2.84185583346858e-05	1.61890962591747e-07	0.0178130478219131	0.00325308673057989	4.91075714924135e-06	5.99561143203672e-07	0.000113261391951923	0.0798605576717565	0.161958090293751	1.43094731095038e-06	0.0118846404930824	0.033101202234957	0.071117526806018	4.61098153123387e-05	0.0280626112871781	0.089921472977179	3.94802897036049e-05	0.036659456005175	0.00899039796182813	0.0594014047745191	0.109555394110582	0.277856190644237
mix_67	7.55150440050228e-06	5.99693379283231e-05	2.67232280155084e-06	0.0351626735163179	0.0227007813696316	5.5044271322139e-05	2.00314410836748e-05	2.11459888054267e-05	0.101143201246127	0.231473831710761	8.4476312331858e-06	0.0108850720788916	0.0310170936167323	0.000207300452243282	0.00818818303900168	0.0279261731714436	0.0780106543260622	4.35319402963492e-05	0.0366883069874066	0.00851156783728165	0.054834552621241	0.0925853572716494	0.260446856317337
mix_68	0.000697590763055292	1.58295194329968e-05	7.00880751252841e-06	0.0245963303367743	1.8359741829578e-05	7.95904856602546e-06	5.73447890987895e-06	0.0573096542362406	0.0772834364228106	0.161734059474459	7.94463319793776e-06	0.0133165539886573	0.0126204769547539	0.0366984330342163	5.16851470980292e-05	0.0236439964052894	0.10916624226021	0.030209831280065	0.000886019506026022	7.89814821542803e-05	0.0672970295838922	0.0922556970272326	0.292091145867617
mix_69	0.000370322114815511	6.44656228369893e-05	2.43015171435815e-06	0.0160258669096963	9.63674531886759e-05	3.82140424540617e-05	1.9068699090934e-06	0.0570015005269362	0.0978494309039704	0.192963792489585	9.01878986007366e-06	0.00144523112674228	0.000263581603816552	0.0143367522951817	4.43422572838771e-05	0.0342021788260541	0.119352625807863	0.0354975668544549	0.0117575380918949	2.00488062173254e-06	0.0663040913012624	0.0922950758796293	0.260075695200229
mix_70	0.0014951596577114	4.14171935974239e-05	0.000334640168060572	0.0147554935663157	1.28829797813348e-05	1.83496489387207e-06	7.91638968189003e-07	0.112198496209209	0.0469381471864163	0.0755029758404615	5.55408565116677e-06	0.031841232971096	0.0316623225952192	0.02116550011033	2.65089045900889e-05	0.0154209800030096	0.118562320333669	0.0561893854472781	3.66347950215725e-05	0.00439317331474426	0.0678474127416189	0.0875650005094255	0.314002134782932
mix_71	0.000715723307127531	2.28531477800176e-05	1.80019164506128e-05	0.00712897202130075	0.00942355935341667	3.13571587252872e-05	6.17350344860187e-07	0.00103730153001162	0.088135134904357	0.204859696277234	1.39257429655177e-05	0.0189577179120178	0.0288459389574055	0.0156134774235169	9.5305132012163e-05	0.0240482867370254	0.116742331888916	0.00153172903565205	0.0321258611030302	0.00335348477269442	0.0640359960356342	0.0897545120950769	0.293508216197305
mix_72	0.000388289542807985	4.8852926622801e-05	0.00126884266612079	0.0196902387545179	0.00390732060958935	2.43136469836346e-05	6.81202644232732e-06	9.8386331934368e-05	0.0874599028582498	0.18988324363694	8.50713841829307e-06	0.0310540028671336	0.0424185743344268	0.00348251189497859	0.000228722688556289	0.0239021866295769	0.100649240414205	0.000138267174749523	0.0304985549735301	0.0130870203500437	0.0572779935333045	0.0878367822446505	0.306641432756218
mix_73	0.00020802403209067	8.26086749280416e-07	6.76372820387705e-05	0.00568671662337327	4.71361329327085e-06	6.07179315253979e-06	8.97018518452043e-07	0.0795132375658588	0.0575627067716431	0.114924580605433	1.78875657393913e-05	0.0337659115827122	0.0212990547178046	0.000717587929355297	1.03745801935486e-05	0.0275103364666702	0.119611813898765	0.0633944072655898	2.34829074297811e-05	0.000513227673170422	0.0671459057245008	0.0841067521719255	0.323907846123992
mix_74	7.10277022551549e-05	1.81532768407801e-05	1.86550925854849e-06	0.0178829662418532	9.01136930871479e-05	8.03463097975102e-06	1.73171734425043e-05	0.0575933303032331	0.111680109852833	0.216238061388894	5.12346807702572e-06	0.000134851780421738	0.0108247866754645	0.00860904775593071	0.000104206095301232	0.0187521434702624	0.108033472333843	0.0485680937387664	0.0182399984078169	4.44137438285411e-05	0.0592499826876021	0.0900409731676572	0.233791926902352
mix_75	0.000852093583164291	0.000160987158259342	1.2254608995889e-06	0.00247340590700394	8.89925206861055e-06	3.27228179011258e-05	9.26392853796208e-06	0.0857989064133167	0.0688059790704028	0.133705292204085	7.73396038251557e-06	0.005595963363822	0.0268372922209291	0.0179090531628782	3.95952519443236e-07	0.0272291590193034	0.113262313163291	0.0792941786439177	0.000121272674648053	0.000585713376566094	0.0730849125293509	0.0959617637378091	0.268261472398943
mix_76	3.37613510675432e-05	6.28597929505815e-07	5.22578545993802e-05	0.0312774579264158	0.0354374724251906	1.78869598592696e-05	1.60088247173659e-06	2.00651797796931e-05	0.0906741879423885	0.210718193173141	4.42040384827728e-06	0.0206394358120553	0.0332001561851587	0.0194546750846553	0.00715383333984853	0.0185834020075247	0.078333029242561	9.57273223174329e-06	0.0305939745790965	0.0128174558408034	0.0508963227196413	0.0943941041366247	0.265686105623108
mix_77	3.77554119792977e-05	4.23635926418937e-05	2.59527027626474e-06	0.032924456444869	0.000153140283742158	1.57622202790657e-05	3.58648227817228e-06	0.0253060927873394	0.0951418048937905	0.211361489897597	3.6911338646001e-06	0.00184176085169239	0.0157934926061421	0.0248398609168007	2.18373257203958e-05	0.0257623368948086	0.115019884489415	0.0382971575566958	0.000244892937576467	0.000241216762913454	0.0641555669818816	0.0965795165348629	0.252209737722833
mix_78	0.000182868094126668	3.91525470365951e-06	1.44253289535085e-05	0.0219642882387235	2.37371215061687e-05	3.19967492756642e-05	1.19645426367414e-06	0.0580414893819113	0.0783332260397871	0.169348063437677	2.96361517838853e-06	0.0177666508877988	0.0232682052508773	0.00173886181719802	5.97486905986846e-06	0.0239472317726807	0.119586703774478	0.0430714556476163	0.000151923082732973	0.000473113055767428	0.0659026304031169	0.0837910423794526	0.292348037343114
mix_79	0.0136880935228935	0.00347456422019665	0.00554120656206047	0.0171846761708085	6.39756044445865e-06	1.26577240169758e-05	9.49654271888868e-08	0.0279152519711993	0.0440535700844062	0.098212589366771	4.29893830568085e-07	0.033431260818158	0.0541052514197898	0.00887326082969348	6.71962829414369e-06	0.0477031536740459	0.103653756838206	0.0321548485880843	3.28061649988778e-06	0.0185925266380302	0.0658385035338868	0.0888997354320327	0.336648169941224
mix_80	0.0149175139514131	3.46808070863679e-05	0.00243506118748485	3.88711469862277e-05	9.51317062281344e-07	3.98686719527476e-05	2.21184961964422e-06	0.0931198803651757	0.0495200417845488	0.0888021869432451	6.83436195720438e-06	0.00872150912557304	0.0448992568036195	0.0282674711437027	3.70481998467263e-06	0.0367326878942145	0.107193002924677	0.0626847749665919	5.84838398000894e-05	0.00913767445663062	0.073064064671214	0.104611437144631	0.27570782982283
mix_81	0.0251816593781389	0.000323545317603993	0.00505036819342058	0.0166267450463973	1.61119515968564e-06	1.80511505443735e-05	1.56150778112446e-06	0.0428822584516273	0.0486036961648857	0.091619295001345	1.23618636261838e-06	0.0232322095742554	0.0667329774653777	0.035820413167021	1.64730853285623e-06	0.0307179471573111	0.0890569548526441	0.00246973963702633	0.0165720495400237	0.02780772356342	0.0667424134346496	0.0995427240069386	0.310993172699533
mix_82	0.0169789767656431	2.12800816296188e-05	0.001584888870293	0.0301452576965396	0.000865302143396481	7.87396522759729e-06	2.76232305757881e-06	8.95191074280518e-05	0.005620652732814	0.0615795597054638	7.36176157482385e-05	0.0601206169623648	0.033398529590227	0.104449690616826	0.000587086984927119	0.0201096067506115	0.0899639882252958	5.13881213931691e-06	0.000417226500443904	0.0138991517507968	0.0595333491638926	0.0986079563769276	0.401937967258307
mix_83	0.000479620876960883	1.67655602259415e-05	6.48568408284496e-06	0.00131920485919109	4.09260893540729e-07	3.06859359209474e-05	1.57122372683281e-05	0.139713041078003	0.0477458812724551	0.0647334434682116	1.48693936865182e-05	0.0201420040451154	0.00386795734248189	0.0399259985749202	1.56975336361628e-05	0.0149275125446345	0.131355537300655	0.0863067829808376	3.91407895231437e-05	6.70108098112192e-05	0.0710423481518573	0.0906207661131887	0.28761312418644
mix_84	5.35385300282591e-05	2.25734266230494e-06	1.85607065543469e-06	0.00160072662952802	0.031287756085835	5.09489565462524e-06	2.2193527705841e-06	1.74399606807428e-05	0.0874752071583221	0.207835055330987	4.50545531890655e-05	0.0139147932776783	0.0225105687472549	0.037025074180757	0.000127967288311062	0.0208828683505038	0.11362390098521	3.5048538440701e-05	0.0330775596787317	0.000421019322563845	0.0613452450832787	0.0934919521183331	0.275217796518624
mix_85	0.0093173068797338	0.000147921884729407	0.000663123071495867	0.0051930580710275	0.0213667653285277	1.94182744693614e-05	1.30555877356504e-06	0.0104710720922946	0.0598109109164485	0.147127577513614	2.18404412407308e-06	0.0245624897801987	0.0428374573943441	0.057818940919223	5.07093104479925e-05	0.0182523393472507	0.101250077999455	6.81938844469402e-06	0.0206310253988577	0.0116931121507559	0.0625668748946571	0.103693953121563	0.302515556659563
mix_86	2.29463035745195e-05	3.960700873679e-05	1.05579980771188e-05	0.0180514963191943	0.000123429365970772	3.29729071359843e-06	4.98246472383831e-06	0.0283964929626408	0.104008238354209	0.219556469455097	3.18965011652587e-05	0.0100658125058239	0.0109702055863685	0.00148469844803721	0.000230526827965759	0.0277219795184892	0.115744685314105	0.0217447034119991	0.0200202147569141	0.000258427644939594	0.0646520404599929	0.087972643465719	0.268884648035542
