Bcells	Monocytes	NKcells	Neutrophils	CD4_Tcells	CD8_Tcells	otherCells
Mix_1	0.318650686612648	0.0577879835800046	0.24979204330642	1.69314297674236e-05	0.373693975448375	5.830788476665e-05	7.17380183318466e-08
Mix_2	0.337874694137587	0.0366972757272093	0.203540334861394	0.00110914909421344	0.4207777796576	6.24804568374094e-07	1.41717427018192e-07
Mix_3	0.190896478627451	0.0194557315235297	0.220839504446478	0.0140317268010121	0.554775090904533	1.40882927878428e-06	5.88677172297004e-08
Mix_4	0.189917415707625	0.0213765240034947	0.234206187806082	0.000601589869481929	0.553897863088878	4.16994976996266e-07	2.52946109940642e-09
Mix_5	0.405001352592169	0.00868640540125183	0.194619846914085	0.0262915449478601	0.365400619953209	1.67564566485995e-07	6.26268588575129e-08
Mix_6	0.396277543322519	0.0636285580852421	0.171279469880047	1.28682036672489e-07	0.368814108570287	1.86128084560873e-07	5.33178293932223e-09
Mix_7	0.282776287927854	0.00464453865356084	0.159872517449767	0.0154033245695671	0.433318638269518	0.103984657743208	3.53865237013846e-08
Mix_8	0.414342488918553	0.0419231393811422	0.0905897458310479	3.2980965934047e-06	0.398023735219011	0.0551175611592247	3.13944280192244e-08
Mix_9	0.254160284732828	0.0619834894395666	0.205005228155163	0.000377162825181048	0.311162034763252	0.167311799580713	5.0329638066578e-10
Mix_10	0.432039688221602	0.0377064602453222	0.124947547733193	5.95518760094982e-07	0.405279520845391	2.61412025118317e-05	4.62332207068004e-08
Mix_11	0.277515650955999	0.0250951708872757	0.207666095485666	0.000299890892814823	0.489367852267725	3.87015550880848e-06	5.14693550107692e-05
Mix_12	0.161868353310121	0.0509805879177749	0.209341938898987	7.52902373999709e-08	0.308976721415765	0.268832297315384	2.58517303749247e-08
Mix_13	0.396852408716335	0.0157039992585266	0.129733076313893	0.0195230771499768	0.401226193747666	0.0369612147231346	3.00904685769324e-08
Mix_14	0.16939828125375	0.00797512101744552	0.238857766123612	2.06077075078101e-06	0.576777893114483	0.00698887378944379	3.93051535281699e-09
Mix_15	0.236222722190095	0.0327818017753424	0.112184616068511	2.14801688810107e-07	0.316734018139634	0.302076498989919	1.28034810300671e-07
Mix_16	0.315823416068486	0.0290096410579129	0.10378862829469	0.0317764050677284	0.51960161610215	2.92680950569003e-07	7.28081236392292e-10
Mix_17	0.296960743770027	0.0187737227331451	0.153823322213528	2.19908955355756e-05	0.530386926622208	2.95996369039063e-05	3.69412865255749e-06
Mix_18	0.23491366743347	0.036377539504261	0.144284859159652	1.21816959967103e-05	0.583218982208326	0.00119275542327383	1.45750205107863e-08
Mix_19	0.243467528260473	0.042091198267826	0.213548117121939	0.0027573222196293	0.333344425263728	0.164791345957723	6.29086809582731e-08
Mix_20	0.395946198220675	0.0396298698491756	0.124010432588142	7.90680431673833e-05	0.440333712830432	5.54951699772879e-07	1.63516707601155e-07
Mix_21	0.40228500645165	0.0509652624244384	0.0998159427548957	2.14207339724911e-07	0.446930557739359	2.77633441273569e-06	2.4008790453764e-07
Mix_22	0.24290690300952	0.053835119784301	0.180582268886883	1.47245272170068e-07	0.414242112343982	0.108433373349803	7.53802390560404e-08
Mix_23	0.42929488628222	0.0299639641977775	0.129786882960886	3.35975096670345e-07	0.410001640735588	0.000952285672207937	4.17622404337088e-09
Mix_24	0.145828337687839	0.0420940809069735	0.118838170536336	1.7188942100479e-06	0.693237113770871	5.7333656917957e-07	4.86720201855141e-09
Mix_25	0.357427951498191	0.00977582649517427	0.111898687763612	0.0491811145458732	0.471714700031248	1.71866950817808e-06	9.96393135971214e-10
Mix_26	0.294198141522304	0.0213555054231106	0.110607987982127	0.00653457150659711	0.565769295329259	0.00153442878458872	6.94520133369905e-08
Mix_27	0.402004737836033	0.039749870032848	0.0233844236834173	4.78856597211624e-09	0.534840130878711	1.27181061807368e-05	8.1146742444649e-06
Mix_28	0.379496617584392	0.0462226075329137	0.148071085213246	1.24446606043052e-07	0.423271394655252	0.00290989382027199	2.82767473184283e-05
Mix_29	0.359233976623023	0.0239449142368699	0.0813256163752671	1.83741029409338e-06	0.535492931757776	6.94987398521037e-07	2.86093715503288e-08
Mix_30	0.213933191152179	0.00741672378994075	0.221881931417853	2.09468391045821e-06	0.556765983602998	4.25398396914064e-08	3.28132791925758e-08
Mix_31	0.335353194990248	0.0309413208083377	0.127549051355853	0.000383058801304658	0.505743508091069	2.98624484026818e-05	3.50478410496404e-09
Mix_32	0.257949286494415	0.0438400958262286	0.088986063407204	0.000238957554186664	0.476059944737714	0.132925613003816	3.89764354152556e-08
Mix_33	0.214831304683929	0.0388167851960044	0.155834343879009	1.39811308744762e-06	0.590515490215038	6.54441397341008e-07	2.34715351409795e-08
Mix_34	0.438007420624921	0.0538670963666127	0.156995704049117	1.66061275035364e-05	0.351063479996737	4.96592616230608e-05	3.35734853790298e-08
Mix_35	0.291977345605582	0.0207994339392369	0.216592478483233	0.000367867497043025	0.353382980668601	0.116879887972191	5.83411337654859e-09
Mix_36	0.305965584814862	0.0224996699771861	0.156876009408418	0.0225862191578636	0.492072056758452	3.16887739900577e-07	1.42995478483493e-07
Mix_37	0.24222706368118	0.0183660468625774	0.268652038637445	7.58274226685818e-05	0.369078525378239	0.101600474706487	2.33114032510915e-08
Mix_38	0.20246145512918	0.0456567337901383	0.23596401966691	0.000205843863965111	0.513425336825654	0.00228658918773325	2.15364189504326e-08
Mix_39	0.518272949979774	0.0549269898314221	0.0557964870895603	7.15874465016249e-08	0.28902843358187	0.0819750661193586	1.81056851599459e-09
Mix_40	0.253819880645008	0.011926247427753	0.217870725686954	0.0178293735870411	0.490664681172387	0.00788909133828838	1.42569613513244e-10
Mix_41	0.267857542844891	0.0245510933371938	0.299565857728299	0.000159500767577329	0.376200354100462	0.0316656487862418	2.43533498243763e-09
Mix_42	0.31265576668637	0.0241171814679953	0.0680051909276714	1.76925744782331e-06	0.531276703611337	0.0639431585929204	2.29456257107244e-07
Mix_43	0.386593248950172	0.0354288854473744	0.165713239238648	1.8039297758081e-07	0.412254108017635	9.87082594269382e-06	4.67127251088953e-07
Mix_44	0.217352283131208	0.0418006330429032	0.284552538075851	5.54244353092826e-06	0.45628892154855	5.59938422186178e-08	2.5764114199285e-08
Mix_45	0.258464454525948	0.0338115278244529	0.128261922178926	0.00146657150774981	0.57799311063617	2.36881662989955e-06	4.45101232645901e-08
Mix_46	0.360933526214659	0.0329859394826573	0.0367872252164396	8.40656842747154e-07	0.56929065930522	1.80297973053066e-06	6.14445041662721e-09
Mix_47	0.36008560364078	0.0453816113373046	0.168508158922141	0.010573161529288	0.415450956581209	4.73679309879988e-07	3.43099674754872e-08
Mix_48	0.291356423567022	0.0219278969100328	0.16486454297633	6.17831297684786e-07	0.205398479807928	0.316452024432225	1.44751650521366e-08
Mix_49	0.14692991946628	0.0130725192633813	0.297705210251257	1.27524439771838e-07	0.475518269881286	0.0667739458441337	7.76922205302295e-09
Mix_50	0.237532996653473	0.0333978949634937	0.0836820677539656	7.73838254431375e-05	0.645289597166818	1.71189326342208e-05	2.94070417207735e-06
Mix_51	0.321515854215638	0.0309601809444695	0.147316954807198	0.00707271680584117	0.492599450550949	0.000534761831847332	8.08440578868546e-08
Mix_52	0.158935536422767	0.022774952938706	0.185798766421399	0.000413367568441397	0.632034587772514	4.27885439637968e-05	3.32208453482741e-10
Mix_53	0.36049926549253	0.0447997969116875	0.104144053027881	1.90798590721564e-09	0.490556482511618	2.08947151011324e-07	1.91201146231545e-07
Mix_54	0.268258246296842	0.0408237324732262	0.371034029651372	7.23916614907992e-07	0.310881775209463	0.00900145062173907	4.18307422865916e-08
Mix_55	0.154470270020373	0.0226219735785153	0.293882992843669	2.46652741738129e-07	0.529023834395268	6.6079228251027e-07	2.17171502969434e-08
Mix_56	0.263002576790048	0.0368330707113985	0.0904704741797714	0.000208385213587766	0.524430257399156	0.0850541570525205	1.07865351832976e-06
Mix_57	0.0945871175910095	0.0302999983005148	0.4435797250756	5.91068197633039e-08	0.429535137643517	0.00199793930829756	2.29742409837558e-08
Mix_58	0.23011217169579	0.0268569694132039	0.168322475263076	2.67490789352454e-06	0.563540161392366	0.0111655424993392	4.82833092337758e-09
Mix_59	0.166484376693633	0.0174500363164861	0.332395448433623	2.71565674069596e-07	0.483669437663756	4.25636901657736e-07	3.68992589222759e-09
Mix_60	0.382110884407017	0.00951570300497106	0.0068446228062164	5.31022820923216e-05	0.434697336507117	0.166778342926176	8.06640992057886e-09
Mix_61	0.391433078576729	0.0274503728607166	0.171610476514701	2.59324958047519e-08	0.39869430626463	0.010800736609004	1.10032417242878e-05
Mix_62	0.371698027704967	0.00203421788105207	0.188532196361509	0.0171121890733388	0.232128047191957	0.188495313052496	8.7346806829429e-09
Mix_63	0.235822361724588	0.0325219219935599	0.352977226034562	0.0134041510320029	0.300007687751348	0.0652666481825961	3.28134311256501e-09
Mix_64	0.402897576643192	0.0561536835164242	0.103384976910083	1.82505984436738e-05	0.437543860785633	1.64619139283778e-06	5.35483188240872e-09
Mix_65	0.349564756917412	0.0442889331185986	0.146111657187452	6.83686142390175e-08	0.460017875300045	1.6706216022519e-05	2.89185574918728e-09
Mix_66	0.301306517416909	0.0169055748964245	0.175371823976314	2.05538867714689e-06	0.506391691333446	2.23292324228518e-05	7.75580685545056e-09
Mix_67	0.520450864685285	0.0474592046982637	0.129990534072473	8.20375189504099e-06	0.296434561747867	0.00565661378689694	1.72573186926234e-08
Mix_68	0.273834810913206	0.0362676021297052	0.0723550924907393	1.17525172356236e-06	0.617540055185272	8.13829261170544e-08	1.18264642733007e-06
Mix_69	0.395598237526512	0.0180643176188336	0.140655876641837	6.55171539771e-06	0.445674518407692	4.54257899772616e-07	4.38318274051173e-08
Mix_70	0.27476486406346	0.032447029033699	0.0759605526898135	4.66132466661e-07	0.488913937315161	0.127913149665231	1.10016914830405e-09
Mix_71	0.257678248788351	0.0208777378954659	0.172593106067566	1.49329605963992e-07	0.349214932853906	0.199635794740177	3.03249286095886e-08
Mix_72	0.311535995234682	0.0587208932097127	0.092986935246361	7.01190417250035e-07	0.536409326129885	0.000346002103972496	1.46884969711906e-07
Mix_73	0.175509070995859	0.0152385655448332	0.275464802317763	1.18949814761466e-05	0.308132127784202	0.225643529124383	9.2514835760982e-09
Mix_74	0.435855138878995	0.0329136963180541	0.185656302892914	3.7269341289629e-08	0.345574529382883	2.94387563075957e-07	8.70249933108915e-10
Mix_75	0.196608683340792	0.0175661587096083	0.309991686857229	1.85365215658325e-07	0.475829220848218	4.05598861127759e-06	8.89032562408359e-09
Mix_76	0.207703649557812	0.0127238640194149	0.244641494301327	1.17917842076206e-06	0.3919900422029	0.142939749982946	2.07571797302189e-08
Mix_77	0.317580324383384	0.0509130674284712	0.227496883520794	2.9341136696589e-06	0.404003186322744	3.32791191319174e-06	2.76319024157325e-07
Mix_78	0.104592004685911	0.00874566232817213	0.170816057956632	0.0264682072359378	0.373483749495158	0.315894308800225	9.49796418277959e-09
Mix_79	0.157225437181696	0.0298283922997227	0.421985874313812	8.41477606399512e-06	0.390951813708499	9.85884791941569e-09	5.78613578350103e-08
Mix_80	0.283368066949064	0.0334727865910522	0.191406885085623	2.76483056089004e-07	0.491751835508549	1.27586918106498e-07	2.17957381363403e-08
Mix_81	0.295664680520521	0.0342013167741461	0.197390843368905	2.64056457533673e-06	0.472740151249284	2.82434448101912e-07	8.50881199784607e-08
Mix_82	0.247301437892513	0.00590709560335674	0.186716888904622	0.00455698040279968	0.555214574523151	0.000303018758029572	3.91552763710868e-09
Mix_83	0.357772281433535	0.0323610711962588	0.160556792734675	1.04394668992769e-06	0.448282314313555	0.00102646928203707	2.7093249102778e-08
Mix_84	0.30679790765754	0.0385570342737744	0.113487645711399	1.57211494866906e-07	0.541156966035731	2.64900478904528e-07	2.42095815616052e-08
Mix_85	0.184082082225043	0.0140343127688814	0.240578436114946	3.30692552090203e-06	0.55779067276374	0.00351109220498732	9.6996882632651e-08
Mix_86	0.249874538399195	0.0325752137587509	0.237584967359822	0.00720316131165974	0.472761591567048	5.14219977384835e-07	1.33835476668498e-08
Mix_87	0.542067456019009	0.0353984241236076	0.133280473111835	1.94849670281392e-07	0.284829560077357	0.00442389125231657	5.66204930924671e-10
Mix_88	0.364945927528439	0.0212793065926267	0.0531821597319759	0.0344106867482259	0.526126666714586	5.5243401258879e-05	9.2828881496282e-09
Mix_89	0.188105764107992	0.0510147661695995	0.28589439773333	3.83791491545566e-08	0.474128792839855	0.000856193319766919	4.74503073404303e-08
Mix_90	0.152574163017574	0.0102015865171722	0.327941025007184	0.0191555243713126	0.489790495361514	0.000337191821548851	1.39036940883983e-08
Mix_91	0.452290181541039	0.0183793902884902	0.127832001326704	0.00547509738697998	0.396023017636344	3.05939201742485e-07	5.88124121118259e-09
Mix_92	0.308410170587154	0.0310614164548013	0.283188908286662	1.11883767159112e-06	0.376668307011356	0.000670054957962174	2.3864392748913e-08
Mix_93	0.319485380889961	0.0565707177783835	0.0627218723286786	0.00203251787832656	0.559188542616454	9.65097864919513e-07	3.41033142763903e-09
Mix_94	0.387298094327896	0.0293052053590838	0.066163428301806	1.8899113430077e-05	0.51721368728559	5.0427612376314e-08	6.35184581845872e-07
Mix_95	0.232748665834157	0.028643169749523	0.250841461614306	3.79946716134601e-07	0.487765134953996	6.15746221549161e-08	1.12632667897217e-06
Mix_96	0.187201379335511	0.0308679967393949	0.173792991969166	0.00782199667417727	0.598186109220095	0.00212949804849427	2.80131616110652e-08
Mix_97	0.251931945071155	0.063859101216137	0.21152500319407	4.72426476307448e-07	0.309155790736192	0.163527587868953	9.94870179231971e-08
Mix_98	0.593411113951156	0.0794409484240964	0.000105942714483898	0.00036292532031639	0.00206915329251877	0.324589868976647	2.00473207811258e-05
Mix_99	0.09764862884222	0.0245102499638697	0.204936553006711	0.00453702248096348	0.668367134589274	4.03120810928233e-07	7.99615083894727e-09
Mix_100	0.398061725305637	0.0557885653706723	0.224307110193401	8.91387655686309e-09	0.320171043136855	0.00167153369875647	1.33808018238105e-08
