	B Cells	CD4 T Cells	CD8 T Cells	Monocytes	NK Cells
mix_1	0.129161489897	0.265813796446	0.0734406884864	0.305075034795	0.226508990376
mix_2	0.0718784238058	0.211688251419	0.0889514957527	0.381923601833	0.245558227189
mix_3	0.253730530977	0.432795290675	0.0705265887725	0.0961806138058	0.14676697577
mix_4	0.265136856515	0.302362109499	0.0719378739257	0.17673870545	0.18382445461
mix_5	0.2526917635	0.253396860527	0.122256846796	0.167669628636	0.20398490054
mix_6	0.259749588788	0.246298650557	0.100818177436	0.210171542747	0.182962040472
mix_7	0.340115629685	0.321424912257	0.064901723759	0.112161094441	0.161396639858
mix_8	0.262104413354	0.274412897488	0.0467358531056	0.239240472545	0.177506363508
mix_9	0.138827723424	0.304891738618	0.0729603228943	0.252211462105	0.231108752958
mix_10	0.355073810295	0.22910095649	0.107751653373	0.151684618052	0.15638896179
mix_11	0.128496914489	0.256402156823	0.0488650701951	0.340859535502	0.22537632299
mix_12	0.0571114396291	0.310359993629	0.118295897953	0.305478690995	0.208753977794
mix_13	0.417865697625	0.26088429495	0.0531474988178	0.119101621673	0.149000886933
mix_14	0.383227768129	0.223508915335	0.114508441252	0.133761729908	0.144993145375
mix_15	0.395967451997	0.199372653925	0.118723465557	0.09926468165	0.186671746872
mix_16	0.299756008806	0.353303260811	0.0771626672875	0.137013976931	0.132764086165
mix_17	0.43183609161	0.307158487695	0.134722514494	0.0228343034871	0.103448602714
mix_18	0.117910052758	0.170539907178	0.0801307444227	0.396572981371	0.23484631427
mix_19	0.28364648431	0.209075634113	0.0997453017994	0.217403422148	0.190129157629
mix_20	0.238253795394	0.426420944094	0.191808515524	0.0192879907985	0.110270948342
mix_21	0.329005600421	0.291696299645	0.120610962367	0.129584462977	0.129102674589
mix_22	0.312544269234	0.172475369162	0.0837653036012	0.221878008807	0.209337049195
mix_23	0.282538069572	0.309492636709	0.0526876004509	0.190952051009	0.164329642259
mix_24	0.0593807191356	0.139067344307	0.0632070514917	0.447537395497	0.290807489569
mix_25	0.117770578826	0.380447677813	0.102085483939	0.226068847272	0.173627412149
mix_26	0.15883277766	0.538913330569	0.112009350821	0.0300885733368	0.160155967613
mix_27	0.363149978703	0.096151168219	0.0253519048315	0.295357820404	0.219989127842
mix_28	0.273926490757	0.421966127693	0.15564751275	0.0233603799471	0.125099488853
mix_29	0.248076631084	0.293455571193	0.0726289483624	0.197140401414	0.188698447946
mix_30	0.263406948403	0.288505558996	0.0845507586087	0.18923538805	0.174301345942
mix_31	0.234192891002	0.34899758861	0.0515842732853	0.1975677488	0.167657498302
mix_32	0.251197411795	0.320518617466	0.0838530754247	0.165131514634	0.17929938068
mix_33	0.251117555851	0.315080261584	0.0350921039745	0.214613122431	0.184096956159
mix_34	0.0715918402528	0.266186917238	0.0712551841113	0.349866238689	0.241099819709
mix_35	0.229575397748	0.18276171321	0.11689144336	0.249519048281	0.221252397401
mix_36	0.355107063985	0.386346362678	0.0196179872956	0.106503679794	0.132424906248
mix_37	0.311891398825	0.366797748116	0.043482606574	0.132213670769	0.145614575716
mix_38	0.242741858047	0.488461158233	0.05858732457	0.0602826084044	0.149927050745
mix_39	0.400208331597	0.237914814288	0.108272182608	0.0859498399198	0.167654831588
mix_40	0.242318624571	0.371106822082	0.0233758296082	0.193948539221	0.169250184517
mix_41	0.153135826933	0.182793875359	0.101738613051	0.312116567664	0.250215116992
mix_42	0.37893080358	0.352115374365	0.103864149494	0.0387076249286	0.126382047633
mix_43	0.0935792409958	0.380426951988	0.143723016921	0.185230419196	0.197040370898
mix_44	0.174362137009	0.472823959194	0.0581164895985	0.134018347732	0.160679066466
mix_45	0.0573691314263	0.493281592572	0.097594451835	0.204341608466	0.147413215701
mix_46	0.264853272665	0.265006100284	0.190901106976	0.100729216177	0.178510303898
mix_47	0.23326879896	0.308566297317	0.0679054098611	0.202385506279	0.187873987584
mix_48	0.401617946208	0.0760334725137	0.0199411619884	0.295609672405	0.206797746884
mix_49	0.282382424001	0.168665879234	0.0722232936518	0.258995140248	0.217733262865
mix_50	0.307533880509	0.394140613686	0.0958793159072	0.0754207438698	0.127025446028
mix_51	0.318393488245	0.175244232723	0.0175565180343	0.272979134327	0.21582662667
mix_52	0.418174301352	0.347513477047	0.0495037812831	0.0558073926404	0.129001047677
mix_53	0.304124766234	0.205935751524	0.0426677076915	0.248274997712	0.198996776838
mix_54	0.353764266457	0.259975341571	0.194127680816	0.0547032856894	0.137429425467
mix_55	0.272328805712	0.231836835558	0.04928926056	0.239821574931	0.206723523239
mix_56	0.217924926908	0.383119078032	0.0913377158097	0.146059291688	0.161558987561
mix_57	0.0597966431543	0.408306243619	0.0563289205663	0.262298845535	0.213269347126
mix_58	0.272767956067	0.318748555611	0.0791717629118	0.143174201857	0.186137523554
mix_59	0.0811614719269	0.218724079245	0.141875380627	0.320764174471	0.23747489373
mix_60	0.324600011476	0.203739323385	0.113664437371	0.18222695342	0.175769274347
mix_61	0.344444215968	0.465812584905	0.0674138295885	0.0154148915482	0.10691447799
mix_62	0.301848327855	0.45054621902	0.0352165096291	0.0614845112831	0.150904432212
mix_63	0.100870285934	0.330322716926	0.0831109188576	0.261722936763	0.22397314152
mix_64	0.213933799497	0.344350415702	0.0483142450211	0.209825526921	0.183576012859
mix_65	0.280222549124	0.297515790913	0.0564957176611	0.170487289627	0.195278652675
mix_66	0.31427351039	0.128890712254	0.0416091388351	0.281559724455	0.233666914067
mix_67	0.385368552224	0.330398054548	0.0795722523157	0.0524704752247	0.152190665687
mix_68	0.210742313846	0.33265267841	0.169529507425	0.10617872164	0.180896778679
mix_69	0.23372057022	0.297476255346	0.0544628661356	0.232211798132	0.182128510166
mix_70	0.482612441719	0.0975131559253	0.0153584009277	0.213010029605	0.191505971823
mix_71	0.344236657157	0.133242914878	0.0538460284639	0.284398648146	0.184275751354
mix_72	0.429230594303	0.350463435003	0.0301916268017	0.0788243909581	0.111289952934
mix_73	0.431327514239	0.172474731412	0.0643835307831	0.158715653024	0.173098570542
mix_74	0.29602232954	0.332766884151	0.0253645470836	0.187079551426	0.1587666878
mix_75	0.282316258795	0.201177226349	0.0199425353415	0.28351157293	0.213052406585
mix_76	0.199382602297	0.339945558861	0.123753814367	0.148297086957	0.188620937518
mix_77	0.237996140318	0.448356653191	0.136942320887	0.0395943302043	0.1371105554
mix_78	0.273400780373	0.169924240543	0.0816746144689	0.259813988011	0.215186376604
mix_79	0.116091299275	0.286824005606	0.077618090393	0.306230622131	0.213235982595
mix_80	0.294600661958	0.266610595463	0.120423872908	0.146818012036	0.171546857635
mix_81	0.204794912093	0.4058465572	0.100794327678	0.134024249698	0.154539953332
mix_82	0.284620930608	0.211976776364	0.101516003852	0.22300043052	0.178885858656
mix_83	0.304150229956	0.186731109706	0.040519080259	0.276644225354	0.191955354724
mix_84	0.237924668237	0.328216001861	0.0969539776794	0.163517555701	0.173387796522
mix_85	0.227989003894	0.378942626665	0.10658214914	0.141370084626	0.145116135676
mix_86	0.176877487205	0.474459076067	0.0921136361791	0.102454798698	0.154095001852
mix_87	0.193939406653	0.370268759488	0.0814562865492	0.17885486428	0.175480683029
mix_88	0.263848401623	0.33008086039	0.0961600330548	0.128175328478	0.181735376454
mix_89	0.244004823688	0.404257348045	0.141479943377	0.0655388885916	0.144718996299
mix_90	0.172843994876	0.299758371751	0.109392437567	0.21508946031	0.202915735496
mix_91	0.268570649557	0.202459528046	0.0386007631094	0.268166667645	0.222202391643
mix_92	0.223075441254	0.346672637131	0.0645978953538	0.186764415183	0.178889611078
mix_93	0.0694289803823	0.151272934639	0.0522169237873	0.464635526308	0.262445634883
mix_94	0.0692132820353	0.178740728574	0.110110302367	0.373134589014	0.26880109801
mix_95	0.323324660114	0.139677528653	0.0305119201751	0.2791986357	0.227287255358
mix_96	0.342279984155	0.142404666316	0.0365014223692	0.260562971058	0.218250956102
mix_97	0.247949702825	0.256515389879	0.0873213058197	0.227082985799	0.181130615677
mix_98	0.235985858935	0.31218405461	0.0483913059882	0.218960342244	0.184478438223
mix_99	0.225144850131	0.549935219365	0.108289549852	0.00740763262832	0.109222748024
mix_100	0.243752528099	0.343707692381	0.0708398336003	0.177836918121	0.163863027798
