B_cells	Blood_CD34._cells	Dendritic_cells	Eosinophils	Fibroblasts	Keratinocytes	Lymphatic_endothelial_cells	Macrophages	Monocytes	NK_cells	Neutrophils	Plasma_cells_CD138.	Platelets	Reticulocytes	Subcutaneous_Adipose	T_cells_CD3.	T_cells_CD4.	T_cells_CD8.	T_cells_Gamma_Delta	T_cells_Regulatory	Vascular_Endothelial_Cells
mix_1	0.0321024401388927	0.00650518149200471	0.01831681688277	0.0322206302340709	0.00435138082138114	0.00360099079561739	0.00602784965088007	0.0163635732241947	0.32400095207328	0.0651414187750373	0.0643438777095478	0.0195495610498254	0.00482119103707595	0.0094054345846473	0.00397973128044066	0.128475514045836	0.107559564544071	0.106522347204084	0.011105717267713	0.0302717584393041	0.00533406874932557
mix_2	0.023667346553089	0.0067747626469991	0.0214748516522624	0.0351025874762831	0.00457439860095355	0.00356824888014685	0.00585356801635605	0.0201067230976915	0.393444523606217	0.0376290603568666	0.0753284798974339	0.0163930783518287	0.00518650813711152	0.00944648285569808	0.00448571993616315	0.115346100787225	0.0939506745856796	0.0843932788749986	0.00991728475493153	0.0275631084744678	0.00579321245759666
mix_3	0.0605949452801496	0.00453670767981458	0.00939016394131986	0.015691132330078	0.0034346157668528	0.003123045529988	0.00506204636787486	0.00695123821051401	0.0849589459138886	0.0478695674994629	0.0227448450654939	0.0222359273460105	0.00304072212077129	0.00866840787252826	0.00324533749511351	0.282095489377097	0.229295504980119	0.131216795721602	0.0097004076599907	0.0420238644275482	0.00412028941378195
mix_4	0.0831357900582818	0.00559461208768708	0.0137155173768857	0.0233027219213384	0.00381884542644514	0.00327996446286031	0.00579842786956815	0.00982575436961056	0.182380564577561	0.0516731758522392	0.0391223379994689	0.0252332807622007	0.00378088768383887	0.00917570681526063	0.00375810951353683	0.203113960509689	0.165016859059242	0.116739319810289	0.0103394607207139	0.0367586706343483	0.00443603248893363
mix_5	0.0644624120317719	0.00536501275730638	0.0135080489942609	0.0218780577212138	0.00382208017224155	0.00313208554665293	0.00535471522848168	0.00932360449701746	0.157132158350098	0.071196964353237	0.0337572475202178	0.0255545162919783	0.00371607164594925	0.00905664697929547	0.0035542987595943	0.209180818888758	0.153589358138621	0.156658400634102	0.0110341330871509	0.0340974542056858	0.00462591419636498
mix_6	0.058632274721165	0.00571699899980463	0.0166976768294708	0.0265165276010256	0.00402900652909788	0.00338890029073123	0.00586750124558055	0.011714508141134	0.242459380913984	0.0479832887267435	0.0478103524334126	0.0236859725959696	0.00398983442374244	0.00888855852091054	0.00411923392963591	0.18356733565378	0.136975227977534	0.120267602585023	0.00981905128721811	0.0328573737297215	0.00501339286431558
mix_7	0.103384363880769	0.00526379428958706	0.0124715875065913	0.0202135461689511	0.00386425579205474	0.00323906725561374	0.00574817884987634	0.00848832405302828	0.128117266624467	0.0608071937816597	0.0298700318797361	0.0282947097076754	0.00365628931848933	0.00961941700650497	0.00353149546689011	0.215584764037404	0.175750691666947	0.128758978496303	0.010853991453543	0.0381357524254291	0.00434630033847994
mix_8	0.0986902753144023	0.0059150600009937	0.0213262630864075	0.031620777322075	0.00419708512474426	0.00349041334031247	0.00625536311932762	0.0159253611732808	0.29646064217512	0.0118145689438065	0.0569823947167794	0.0266443406989307	0.00444917620424613	0.0100019472644585	0.00440999052665286	0.14446659057844	0.132588303586671	0.0781241590648181	0.00860291693021651	0.0329694614549398	0.00506490937337661
mix_9	0.0351577809345282	0.00577116322495783	0.0145382825644002	0.0264328274803772	0.00405460309958357	0.00328613368058387	0.00586815182223787	0.0125834816148638	0.252090087919233	0.0684363357312714	0.0498261386161627	0.019603458770575	0.00418520739600307	0.00908407506431656	0.00407660034689128	0.181207005965409	0.139537403379548	0.116896296688077	0.0106208578411784	0.0319168845315841	0.00482722332821887
mix_10	0.120868910515135	0.00559098237469677	0.0143024254124576	0.0237882587601365	0.00381840530283102	0.00347188689717277	0.00583697151776621	0.0101368584192148	0.161604678410178	0.0166185637429105	0.036785495909751	0.0284818644041026	0.00386675917073356	0.00992638970562798	0.00388878358968255	0.212532169664129	0.166957671453125	0.12206028473632	0.00898032117657144	0.0357392937713729	0.00474302506608474
mix_11	0.0340394611803494	0.00766972060276867	0.0223522496790771	0.0335399207493813	0.0047816375834248	0.00388280391218632	0.00567506540288747	0.0188239548031284	0.366522890659225	0.0364478834658974	0.0714667078607689	0.0207682749853475	0.00526870114713031	0.0100066654984203	0.00474728727274415	0.127996445242424	0.111403399240144	0.0676171353206996	0.0100048480094158	0.0309232167324578	0.00606173065212137
mix_12	0.0196750897098314	0.00629507023921738	0.0166830897484273	0.0288946529148046	0.00443791480037878	0.00331498454127942	0.00495348578971105	0.0144658883474545	0.307402097921361	0.0354188906237713	0.0592426073231374	0.016301684277931	0.0043755064725961	0.00912946362135863	0.00393941714814358	0.174967088574244	0.12722374271391	0.116404016368516	0.00986470331855314	0.0319115513311594	0.00509905421421535
mix_13	0.133702656753391	0.00543914902244062	0.0137517044365657	0.0222505813458602	0.00390255813890233	0.00348073084333384	0.00621948008451425	0.010025377530769	0.139425069179702	0.0713185989463162	0.0317174536014319	0.0325769117618115	0.00407512518965291	0.0103133623877707	0.00347190531754324	0.170758097953732	0.159042835280744	0.124855156332584	0.0111493362148859	0.0377278863936805	0.00479602328436843
mix_14	0.133662117352703	0.00606693730342664	0.0149191736591394	0.0230279465243197	0.00397604534617919	0.00341745981877045	0.00572327121721407	0.00929279257097436	0.165546944874077	0.0275369158983489	0.0350326548896335	0.0304274133261461	0.0039154063948793	0.0102831904779915	0.00385599237028846	0.206788024127641	0.141842308136557	0.125072307876677	0.00948600877456608	0.0353404353770915	0.00478665368337662
mix_15	0.10542283434546	0.00586675498889966	0.0103838895590845	0.0180634295055984	0.00417817292872782	0.00385409278183341	0.00610072844760776	0.00663377615108675	0.0925271016320586	0.117600976206871	0.0231107058778019	0.0298412944258509	0.00381427530866879	0.0110019489179608	0.00361899602672861	0.182440297345342	0.141914998821754	0.177738247466295	0.0131738052521115	0.0379943498175943	0.0047193241926645
mix_16	0.0686301285201627	0.00505014757878441	0.012001392908677	0.0206386575668653	0.00366466400965612	0.00299738951579911	0.00539193576541915	0.00842067183611916	0.148797132855473	0.0399824346556826	0.032771088306479	0.0229658365931539	0.00341157545559731	0.00876409566307603	0.00336791473327508	0.238801594549958	0.195575381333385	0.126325775362084	0.00973729351438758	0.0385649087078194	0.00413998056814592
mix_17	0.181066142362869	0.00570501671166839	0.00888179796859897	0.0124021330525458	0.00361010183303749	0.00360983936325534	0.0057723104639834	0.0039631451323838	0.0313194451858686	0.0271198301243104	0.0107601714504651	0.0310233332177599	0.00322451037428725	0.0099448149703502	0.00325444894749072	0.263278297581021	0.176594868780321	0.162057467843538	0.0104897873450858	0.0411851462338729	0.00473739105728637
mix_18	0.0366803896480543	0.00716144523595038	0.0239861348415389	0.0386492192917571	0.00478764599338944	0.00374489882395559	0.00644648962568302	0.0217322737518884	0.423372166412698	0.023086310466968	0.0802092358273471	0.0194718001827337	0.00564567530752697	0.00982164283971748	0.00490672223372236	0.100357249946736	0.0732581999688911	0.0752031392607392	0.00928725404123199	0.026394408059937	0.00579769823953343
mix_19	0.0840278183594513	0.00631211941371927	0.0171988204928528	0.0272579441742702	0.004318150766493	0.00354995738529576	0.00633796806437947	0.0126585453122682	0.238847927885814	0.0414750847705162	0.0493384917279558	0.0271264325343459	0.0042014827466617	0.00949316869020812	0.00405658548794239	0.175206873353001	0.115763716807794	0.124685573496256	0.00983824341654291	0.0332126635324894	0.00509243158174224
mix_20	0.0411393195058366	0.00500054171190456	0.00549699124308615	0.0100357393285126	0.00304083927955385	0.00269680865648568	0.00444571546579621	0.00332186606012506	0.0287911606975227	0.0673487638481118	0.00983062340018193	0.0193044371802014	0.00281659437117978	0.00901057341085403	0.00269977352034762	0.323018764793276	0.189652478404939	0.216421213489877	0.0113715799276265	0.0408197953839278	0.0037364203206544
mix_21	0.0870777007082424	0.00515191191972695	0.0114658191790527	0.0205630575283585	0.00380338792014934	0.00336320570118489	0.00529699855734703	0.00796582507203135	0.132016813057996	0.0351185067549282	0.0303136261884707	0.028409479314795	0.00345186217449944	0.00879366438100602	0.00348449587494541	0.233895192421897	0.178582469688475	0.151986548849888	0.00962906126177532	0.0352650458550288	0.00436532759020244
mix_22	0.0972695923601848	0.0060418137380354	0.0157090550712274	0.0268299562450822	0.00401550533810741	0.00352715281674976	0.00624460554193931	0.0113737969457643	0.220891204858043	0.0724871066593131	0.047206879259132	0.0290861137027238	0.00457164826061097	0.00995800429763741	0.00401012107782879	0.14575267275832	0.118419477447901	0.127651326302943	0.0112722682958635	0.0325384495983821	0.00514324942421064
mix_23	0.101350778018967	0.0062549352524049	0.0174733712740631	0.028385131036305	0.00421402578239381	0.00378806294738695	0.00605781723901517	0.0137108446232588	0.233707962036274	0.0238953051480643	0.0459209020924733	0.0290155430382524	0.00438257644864463	0.00992312290777979	0.00425504317924682	0.175706363730189	0.157161496099047	0.0861244324914103	0.00933076499769827	0.034129676126659	0.00521184553046582
mix_24	0.0220077619073422	0.00753909461606268	0.0221452463371013	0.0398999436150927	0.00465826153847711	0.00370144068668701	0.00600667289897355	0.0232270711523963	0.440410536603073	0.0460071651785098	0.084720043236357	0.0162681213837781	0.00591229187661714	0.0103905028230878	0.00488872344584987	0.0759430309319396	0.066198178605115	0.0779177342815853	0.0106358427959551	0.0255695124198928	0.00595282366610625
mix_25	0.0301261344843495	0.00528968431210181	0.0140880625035117	0.0254472563068027	0.00398414426210851	0.00315085169807775	0.00509903451655051	0.0120973325391831	0.230229926162752	0.0190355360159975	0.0464651354321725	0.0174211447859007	0.00383391993777232	0.00851967035055345	0.00387188019925156	0.229361545787397	0.177190444931932	0.116741814415261	0.00849381846567819	0.0352673289998117	0.00428533389283492
mix_26	0.026989092729042	0.00485744244949342	0.00456163729456972	0.010139044109031	0.0032837208932789	0.00299868840402616	0.00435474664057093	0.00368964672374171	0.0372402042760267	0.1108308215276	0.0119988223979705	0.0183376208756852	0.00305274992469909	0.00848488889241372	0.00276015114688547	0.286218592512603	0.227547473511852	0.172324037668242	0.0123514080492558	0.0441082290831953	0.00387098088981827
mix_27	0.117924688402665	0.00751565925234326	0.0237733181246407	0.0381556512172851	0.00453025656873463	0.00374037862243309	0.00715303276138553	0.0192278905183064	0.366679545730757	0.0626651740986184	0.0715743132891824	0.0320778657015254	0.00544382567500499	0.0108330737415254	0.00467071417464166	0.0489703716429556	0.0623635929088332	0.0700190562699662	0.0109399131347676	0.0260916469271209	0.00565003123730745
mix_28	0.0642593877790746	0.00426852487675766	0.00632900759338761	0.0104131328143363	0.00312399970256544	0.00287993943859545	0.00483968385332918	0.00365262330552801	0.031364279921408	0.0595271367177875	0.010854124477003	0.02186508429381	0.00275587074331219	0.0084305226561631	0.00276421252185962	0.305615811616761	0.222771343926201	0.177236228063641	0.0112287752705262	0.0420547535048474	0.00376555692310637
mix_29	0.0554912127688928	0.00582616636847447	0.0149349589408994	0.0265655334746286	0.00393694392206376	0.00344569814914317	0.0058319408632551	0.0116805246885769	0.223729286400755	0.0570847750737772	0.0470467495647281	0.0242682964086038	0.00418299879621216	0.00905999064943789	0.00387819456698717	0.184975665591557	0.146279130356691	0.122388552067877	0.0104470221913044	0.0339260651883236	0.0050202939678112
mix_30	0.0671668896262994	0.00542679923182927	0.0151476352078485	0.0257526579744739	0.00392692698502995	0.00341397431505112	0.00586614017179748	0.011799309060453	0.219156869815068	0.0481334429217089	0.0455657233469799	0.0242890215931102	0.00396780730290711	0.00910363031660774	0.00383584868120331	0.185851276824291	0.149665591597867	0.123271183168693	0.00982767235763209	0.0340788368910004	0.00475276261014846
mix_31	0.049809450273997	0.00605616642341086	0.015720357310458	0.0255046348568505	0.00398598532574024	0.00334672766995835	0.0056222666312521	0.0127692371411012	0.233422004639296	0.0333666859815616	0.0472931074737923	0.021634408853352	0.00411335503236594	0.00915039680374931	0.00376922339097223	0.205009896763398	0.168824096465419	0.101168478674149	0.00937951669361432	0.035347982064672	0.00470602153089063
mix_32	0.0627029796886922	0.00548444751705819	0.0135729773361871	0.0221390259617227	0.00377230858541226	0.00319956897780223	0.00543393309401754	0.00975612274493794	0.172595433706864	0.0504594687783944	0.0373161069652181	0.0240706203564823	0.00375901346380092	0.00881156306787812	0.0037724833525982	0.21904315980695	0.173200133352589	0.128617951694817	0.0103196486117519	0.0373437479935637	0.00462930494326263
mix_33	0.0734233857777985	0.00548774928423572	0.0180688324511882	0.028875174034602	0.00442151719003795	0.00334247888804837	0.00608867224256107	0.0141330753681424	0.262348016010941	0.0424376824904727	0.0515248716673724	0.0248103726276442	0.00447239538741067	0.00915538232673433	0.00390942861141764	0.167503010576965	0.143998246580581	0.0865248632394284	0.00980978239284519	0.0345399108376524	0.00512515201392056
mix_34	0.0234353422005121	0.00681795322566224	0.0191068819158377	0.0333105012947857	0.00434700792690617	0.00342616834104279	0.00580214765227946	0.0178505577955711	0.352669284532433	0.0483512091140288	0.0667310912688134	0.0179636442140333	0.00504554769483665	0.00951558514940464	0.00418371734446744	0.132334799718036	0.109904633161322	0.0923518555991018	0.0105649706424837	0.0308427984040848	0.00544430280435713
mix_35	0.0501712046734727	0.0058876424515384	0.015836097953541	0.0276569448007359	0.00396142780357297	0.00331691957560909	0.00602145934984753	0.0128583118447979	0.263728146386344	0.0503662272805955	0.051630527176656	0.0222667522549907	0.00446656074822137	0.00936317660746802	0.00393492405645138	0.172106083215479	0.118717087985746	0.131639301669714	0.0101276611317215	0.0309464765214017	0.00499706651209439
mix_36	0.105759220061503	0.00506787444862795	0.0130451296399175	0.0209256547878955	0.00387276039963499	0.00322108047513877	0.00556080658490709	0.0089379899367751	0.130912464973547	0.0398653723429282	0.0303666848993252	0.0267801490040885	0.00358341689256511	0.00939031517997802	0.00362308915016831	0.232936605783421	0.210402618976586	0.0904392467887846	0.009843572355067	0.0408670886164974	0.0045988587026429
mix_37	0.0999882962936277	0.00531037879216414	0.0135389137465346	0.0222358361290146	0.00426872419452314	0.00348677482888934	0.00543756929908432	0.0103452576643773	0.150256220714491	0.0267746565875455	0.0332104713597618	0.0272144525030613	0.0035901487195748	0.00944925097847467	0.00349355872945498	0.230545525455087	0.201241013825165	0.0964191027393933	0.0090203548683533	0.0397221623458357	0.00445133022558666
mix_38	0.0427221570843268	0.00451258530415696	0.00662401352203854	0.0139057025234069	0.00330536884957045	0.00296262641901335	0.00469287821867178	0.00472853997095814	0.0600300407569363	0.0809807301424073	0.0168259899959521	0.0213504733599039	0.00296733597427154	0.00801286122773583	0.00288573990601246	0.287461027957912	0.235369698756065	0.14250203956407	0.0111642757619819	0.0432129637975679	0.00378295090704136
mix_39	0.111249875774391	0.00523934642199095	0.00975409435927603	0.0174744366352046	0.00350137873342426	0.00330629882592062	0.00550457865908022	0.00656675106417526	0.0857082527839995	0.0907374367250066	0.0216436616797275	0.0293043127660667	0.00346905423748664	0.00983328718570896	0.0037254197758484	0.206323611578654	0.166081260682862	0.165944319173371	0.0114770793711706	0.0385752640661004	0.00458027950053424
mix_40	0.0741636029383628	0.00579062456356693	0.0177463522823837	0.0284382142491671	0.00441070588232501	0.00334392116953313	0.00600539383439631	0.0135062768219152	0.2583434708616	0.0303853652312752	0.0501437173222946	0.0250785675405124	0.00432692246001362	0.00919286261694562	0.00396184877007641	0.176696636576808	0.163828370538111	0.0745098254956938	0.00963629586577697	0.0356038646217665	0.00488716035747557
mix_41	0.0366877119061786	0.00645668456368583	0.0183971116280745	0.0308607933494785	0.00418525610460213	0.00338651778682227	0.00608403620741853	0.0152034390713504	0.30815310748532	0.0592828845990196	0.0609712019941909	0.0210250423788803	0.00471976332191984	0.00930864395994801	0.00418063938902383	0.143996624684605	0.107402501849343	0.114026643464625	0.0105722992491793	0.0297260338280936	0.00537306317824085
mix_42	0.110203951922365	0.0044647765450665	0.00714966919950326	0.0128958492022743	0.00334351971370613	0.00329094781934568	0.0051758008797901	0.00475999265944487	0.0451158633911323	0.0525455150271318	0.0135337543441178	0.027839840137043	0.00285507334766414	0.00905067427028914	0.00284477556223606	0.277221112521746	0.212932952410751	0.148471317156501	0.0106701234779684	0.0417130097451265	0.00392148066679689
mix_43	0.021914632817823	0.00555269419459721	0.00965980083147596	0.0192413487308665	0.0038098534697575	0.00309682401523933	0.00503508098377608	0.00828881682940112	0.135289665390039	0.0849191576467612	0.032166446106659	0.0176557934887573	0.00366897185739198	0.00808608176271982	0.00349214785643937	0.239794718104185	0.177242372430738	0.16839749908648	0.0114240233004823	0.0368792902952377	0.00438478080117311
mix_44	0.0353298776153651	0.00516462011978721	0.0107210544615216	0.0178575817497453	0.00380120421758763	0.00303325892002856	0.00518251552614906	0.00814113974916521	0.129772036474476	0.0685172851032104	0.0291982954267519	0.0195338886891896	0.00349479573393578	0.00843173554916638	0.00336235968858736	0.255345763653462	0.205418587815649	0.131057070732567	0.0108054225282066	0.0415084672882704	0.00432303895717845
mix_45	0.016900134741761	0.00536884310560682	0.0124324212521354	0.0233498099249903	0.00416623090405165	0.00311105437581313	0.00471416348483557	0.0105064534219201	0.208770446792563	0.0191200092871918	0.0419824869431768	0.0146477231284482	0.00360952932458164	0.00846718207438662	0.00354106482628675	0.256835252463578	0.194734345589433	0.118155495278195	0.00880221528820883	0.0364544781540887	0.00433065963874725
mix_46	0.0609443960245371	0.00487843848375119	0.00866008255260475	0.016153929871527	0.00371735076586496	0.00314713280548428	0.00518247247129564	0.00575705914566618	0.0856744478429429	0.0697261515233518	0.0229374449904571	0.0226965639801205	0.00317560044762787	0.00889127917586968	0.00326001638773798	0.262934664556025	0.170192083771764	0.18877319249952	0.0109342044668309	0.0379066747523198	0.00445681348470092
mix_47	0.0754987440122478	0.00580926633550538	0.0171006167501795	0.0278032108553123	0.00406970632287503	0.00335961870902248	0.00592737436305968	0.0130440513606077	0.250357030787474	0.0254739581415133	0.0492024255667075	0.0248257015102049	0.00413345246354916	0.00949259199110062	0.00406900516592121	0.178837332035398	0.149969042687914	0.10312909750219	0.00893892011600526	0.0340678088306855	0.00489104449252643
mix_48	0.117111935771758	0.00794684691948941	0.0269377743158924	0.0392488966550307	0.00452905534545434	0.00398682468156523	0.00704194845716772	0.0221825800611183	0.395181559359211	0.069558968067278	0.0757525700129485	0.0319958810161851	0.00557932034707277	0.0112427027233011	0.00481445825264282	0.0268981427953786	0.0492521670183994	0.0578854362883419	0.011860328432666	0.0249426580716389	0.00604994540745969
mix_49	0.0899000609212488	0.00637690016994918	0.0202966479776537	0.030896224686399	0.00446852114769874	0.00354518165537245	0.00608329399070679	0.0154566377077706	0.279376457865711	0.0627515554185206	0.0560137102678823	0.0279796316696655	0.00441308134986214	0.00989412399040182	0.00441897275247978	0.11920168303012	0.103593035768353	0.109813731293286	0.0110945190154636	0.0290983282763084	0.00532770104514576
mix_50	0.0857860467110061	0.00478948833502514	0.00899131658709329	0.0161347133548929	0.00353072481122096	0.00302814789950506	0.00492279944018561	0.00712543529917129	0.0910762359206058	0.0222307575725416	0.0214241464104977	0.025507131259786	0.00301629720667319	0.00882912793568839	0.00320543104402102	0.282136806585194	0.219389303636326	0.13500996710563	0.00886198877350241	0.0412194471905279	0.00378468692090537
mix_51	0.101913184118565	0.00690741601949214	0.0224585865011772	0.0356885183690985	0.00465931199672397	0.0037091060787577	0.00694705159389688	0.0179120108051071	0.332728876737077	0.0654834013052325	0.0652540134844517	0.0301406185956896	0.00511798196523527	0.0101676518424958	0.00446301891460821	0.0826412718218852	0.0902262567182847	0.0669477185606779	0.0110173678204335	0.0298992825545836	0.00571735419652698
mix_52	0.128132855398264	0.00518254996093506	0.00866502071325748	0.0143725896562876	0.00373595266808372	0.00322181661949469	0.00535660085936029	0.00616263238642027	0.0598695574918057	0.0758870334249485	0.0179692296725194	0.0294219261070242	0.00329003832897692	0.00952739491390871	0.00289994786397664	0.225752003008673	0.207399267591492	0.134691117666992	0.0115014219957207	0.0426764151266569	0.00428462854520218
mix_53	0.0966802650351159	0.00658180433150539	0.0196151064209578	0.0311684992430998	0.00431787648347917	0.00353766100216393	0.00612358723128179	0.0160618840726111	0.297861409036963	0.0556333108616563	0.0591463562488053	0.0299968627762477	0.00496601688280292	0.0102205863697118	0.00440142522744503	0.107250383048566	0.112803721465654	0.0863525974603812	0.0102338668074459	0.0315791405961158	0.00546763939799099
mix_54	0.110606030257698	0.00522045999418975	0.00871656823167332	0.0138002212057498	0.00333951251112604	0.00325764636361282	0.00535773149732154	0.00549485658204991	0.0597800206044089	0.0422253735921515	0.0163698194169288	0.027053627189015	0.00308403967132525	0.00953622112174615	0.00326949517240053	0.273501159804823	0.172025160419875	0.183825578987402	0.010656169088776	0.0384191134039954	0.00446119488373304
mix_55	0.0886272219330906	0.00619818019177456	0.0195051343351721	0.0313070223545344	0.00428248229949999	0.00338210472524813	0.00602391450175818	0.0150499286299485	0.284062189102209	0.050495952825083	0.0572462330215187	0.0271676306025055	0.00458863013415906	0.0096608437049792	0.00421001570472766	0.127399216707821	0.115694019443138	0.0984385954911393	0.0101223118266908	0.0314266141679891	0.00511175829701313
mix_56	0.0521011411170959	0.0048205664219485	0.0115143160018189	0.0201427262697601	0.00380005833469492	0.00319603712874953	0.00545791955450915	0.00906070562894214	0.159697847763384	0.0150904063455023	0.033395806956649	0.0207615800294473	0.00345756246424359	0.00873626784959165	0.0036478365283677	0.26636204947907	0.205061312696572	0.122750322488368	0.00833848577816527	0.0386010313686136	0.00400601979450699
mix_57	0.0193499075716358	0.00592295399267684	0.0146144301046106	0.0269767011552872	0.00420551505025384	0.00316053274023021	0.00523120904635315	0.0131672115303922	0.258135575310534	0.0571226492797088	0.0522802995593603	0.0165948059883536	0.0042420803437669	0.00875414079355152	0.0040424274313646	0.191280697319354	0.1564527823349	0.10702749581529	0.0104957340053714	0.0358049936162467	0.00513785701075767
mix_58	0.0644431557715793	0.00567202807736702	0.0105361967207727	0.0213441556190385	0.00387223717457952	0.00320603650856169	0.00568347371721696	0.00853545686907149	0.143152464123077	0.0699069027774131	0.0324586124145229	0.0233277314291337	0.00369156886409966	0.009592884165958	0.0035504595216161	0.22862954061097	0.174130349170214	0.134151367836206	0.0106801662544515	0.0385423328446765	0.00489287952947468
mix_59	0.023679073711801	0.00652634520691483	0.0164158859479616	0.0300474148081214	0.00426743572707834	0.00336653506738899	0.00571651870904297	0.0148207747815095	0.296583421035503	0.0584725159362762	0.0595567258631224	0.0175573050695994	0.0045946446811911	0.00902435928369464	0.00397978165510161	0.16500859193024	0.108077073339665	0.126597741446822	0.0108630009939178	0.0296542103032285	0.00519064450181897
mix_60	0.109404606104784	0.00562448926408835	0.0160380727724226	0.0248865853012184	0.00398004134242737	0.00329845010374668	0.00572986741942997	0.0114877332049	0.201632866137627	0.0154343413454091	0.0408287388456832	0.0273943957924148	0.00379193714155283	0.00982665153325817	0.00391222115450799	0.199960987707453	0.147621513014359	0.122585379770969	0.0087530772793846	0.0332029297713429	0.00460511499302124
mix_61	0.0794309052018099	0.00416528950785404	0.00670751602131121	0.0116020413079454	0.00322770224060853	0.0030428787970537	0.00463125260098967	0.00425016610826331	0.0361288767807349	0.0268645987025344	0.0112650032888251	0.0252502608894361	0.00271109457396894	0.00878606194486271	0.00269535053560367	0.319854381210906	0.260850855259048	0.130530566063396	0.00904902210030127	0.0453500145665365	0.00360616229801097
mix_62	0.0737994672560326	0.00489237565702468	0.00778108396118611	0.014162680562904	0.00355482633344965	0.00308906439140445	0.00507797232091688	0.00553125846300699	0.0652463379866706	0.0656217936322423	0.0181271271576251	0.0249752769779984	0.00311492277017343	0.00878780583741783	0.00302470815186065	0.273314454377043	0.238175232718565	0.123708132954258	0.010609031810718	0.0435932399150426	0.00381320676445923
mix_63	0.0273856510882454	0.00586314522584543	0.0163781565094465	0.0272506666930186	0.00404164990907228	0.00320067045117307	0.0055789737749531	0.0138100507383116	0.278889002497965	0.0406835448383752	0.0549266832935919	0.0176288715159332	0.00432883657992253	0.00857471495299477	0.00378941248377955	0.180821517822797	0.148922251801356	0.110540657185525	0.00965992936433156	0.0328958596672575	0.00482975360610438
mix_64	0.0817598622715181	0.00591967072929433	0.0189601049901667	0.0299137937723489	0.00417351116609388	0.00337295104610524	0.00603499794461305	0.0146012826514772	0.275011149927199	0.0125145037102673	0.0531781630127701	0.0243145281347335	0.0042101166952602	0.00943372105232727	0.00407896588200808	0.169480736317895	0.152956002595568	0.0828781257726192	0.00827414523349273	0.0341001847123604	0.00483348238188131
mix_65	0.0628923994492059	0.00571741005375684	0.012629561641129	0.0228632819222747	0.00392358907724275	0.00332324991856861	0.00553686098392373	0.0102808755115278	0.172202301893099	0.10010493953852	0.0371151565313028	0.0261288990031644	0.00406187326479651	0.00919294949587387	0.00403181591189077	0.181075141913663	0.157598567030961	0.129175926719245	0.01224247066201	0.0350923134619482	0.00481041601589738
mix_66	0.0983758723710236	0.00692491962725102	0.0208856641682604	0.0334901387262512	0.00438693099647776	0.00356395401155412	0.00676249844469253	0.0174417831556697	0.336737423614986	0.0662431867849025	0.0651422326898018	0.0298815793346344	0.00492502001474501	0.0104159218109178	0.00435373174034764	0.0774441645685629	0.0821710211831767	0.0858263680909169	0.0111274900405257	0.028310698643078	0.00558939998222374
mix_67	0.107793641438767	0.00495076694560765	0.0081734597759112	0.014322107334031	0.00356047781415871	0.00311175725295409	0.00517820785245449	0.00526735161798805	0.0543484859577211	0.0817247731054533	0.0161748050578064	0.0302116814142437	0.00318022408916659	0.00957476156497206	0.00296078575279815	0.236834523353645	0.201213802424682	0.154709679079707	0.0117348024546082	0.040882078960453	0.00409182675287179
mix_68	0.0389952022910638	0.00472767440448822	0.00879108456331215	0.0160875444541316	0.00360784688038504	0.0030673638299279	0.00463205998867718	0.00615559114424455	0.0885883305650244	0.0954103091040646	0.021437845714403	0.0201492303969214	0.00347756978549252	0.00840968867235423	0.00309006127797446	0.253801412395567	0.179887725903	0.1865213157426	0.0119682646109851	0.0367858459504131	0.00440803232497008
mix_69	0.0794135579127966	0.00610621503410744	0.019312970621777	0.0301020090155862	0.00434602177576261	0.00338113556923012	0.00618454849264682	0.0149260570025414	0.284763289074429	0.0195788908160731	0.0554792911629324	0.0239752345565734	0.00432770978030322	0.00952763761270606	0.00424535987468628	0.161730375822075	0.139252785386773	0.085798811927762	0.00870322319019185	0.03376360599873	0.00508126937231676
mix_70	0.159017248849335	0.00699255319774008	0.0199315259705921	0.0320586105797485	0.00460152712752327	0.00411769491048897	0.00731428375306861	0.0155964655927925	0.251363170742213	0.12996403680348	0.0512992027979793	0.0418027965442031	0.00546883308714101	0.0118482739453749	0.00429205398626122	0.0380777828673879	0.0783856437110376	0.0872083641834876	0.0142192537684369	0.0301977144253064	0.00624296315640274
mix_71	0.1181229172391	0.00726404191016183	0.0261231265024412	0.0375292165758691	0.00463758674266926	0.00380611674503427	0.00662370712446129	0.0201198856857655	0.380718783445442	0.0116713728119942	0.0698511429722338	0.0284827502126932	0.00505598732550402	0.0106316620636987	0.00497547492468747	0.0861385710054318	0.0738115949260539	0.0636760602824196	0.00871136172119092	0.0264628259076764	0.00558581387547125
mix_72	0.165366235617121	0.00556958807242553	0.0122155056105073	0.0200485019479123	0.00423374460964633	0.00356879024001639	0.00546583917238584	0.00906057364255445	0.107493260354623	0.0298424419475333	0.0264809008748496	0.0357204173831541	0.00397673507922635	0.0101655981077473	0.00350192089431838	0.215230524829463	0.192560718507821	0.0929541356249784	0.0100120770381432	0.0418304992424002	0.00470199120317315
mix_73	0.12708788660281	0.00613352313287636	0.0146373323894177	0.0235925617556085	0.00423890027623108	0.00357996530668949	0.0060063620066798	0.0103476002270223	0.176431586793955	0.0961161856662238	0.0385011305453007	0.0342188448195741	0.00467424327063426	0.0099785199315269	0.00381869124396756	0.127006047282121	0.126634866356667	0.135268405403775	0.0122989944641232	0.0344168469680722	0.00501150555672355
mix_74	0.0912997755370128	0.00638429326303196	0.0150743084074494	0.024798292378126	0.00409736605524278	0.00353562485291577	0.00583897104858857	0.0113276743934034	0.215176702023284	0.0457404219309221	0.0437865242507322	0.0284649368762556	0.00428847996859085	0.00954520259550551	0.00410262926304536	0.181031552547097	0.165975600606936	0.0880100856214716	0.0101454205256704	0.0365155530499545	0.00486058480476448
mix_75	0.0943137583076275	0.00712039669798581	0.0238203185933571	0.0358064198450028	0.00463128675772179	0.00354000473800818	0.00667086203498211	0.0184899432393579	0.357207063616653	0.0477039138937136	0.068611568798803	0.0267521912584553	0.00507960218956951	0.0101066736205787	0.00457198398136185	0.0859517757000796	0.0961934354497909	0.0585168452390129	0.0102087193654401	0.0291038501983362	0.00559938647416211
mix_76	0.0382441893316406	0.00523476086622202	0.0099344659552604	0.0187509874338367	0.00426515919671324	0.00320921801813377	0.0053212459960424	0.00823612074157324	0.12858566913824	0.0794221955521171	0.0312622595006392	0.0206260028718876	0.00349120794146248	0.00888016829530362	0.00358492746004896	0.249109895683509	0.167342508307291	0.158126222961066	0.0114616881508008	0.0405302109088927	0.00438089568932011
mix_77	0.040005054742653	0.00395876683714413	0.00553655455165226	0.0116032270631247	0.00323551777561759	0.0029338381875785	0.00413831204962186	0.00401665456603424	0.0411361434852135	0.0581268766340636	0.0124735985559929	0.0184631238293725	0.0027310185227707	0.00794017451731473	0.00274101886787432	0.31533324933708	0.23903080652275	0.170887486043948	0.0105169343448009	0.0415272410414296	0.0036644025239624
mix_78	0.0735483558661648	0.00626470797018754	0.0181338043975567	0.030248961102596	0.00421505656409017	0.00342063514111786	0.00619109391553321	0.0146157023126621	0.280824410001976	0.0516773127475911	0.0563880957903438	0.0260281769569428	0.00457266413058044	0.00963173077992049	0.00417527389744093	0.139086334197528	0.115681249018126	0.109428380025987	0.0103962768222614	0.030419136433373	0.00505264192802042
mix_79	0.0314898556390954	0.00659516085391675	0.018481385059117	0.0313608172925614	0.00437497973558081	0.0035160614473244	0.00581268458525712	0.0165236442442693	0.311999054407478	0.0336000710226395	0.061478802923664	0.0194137967143955	0.00478321026002619	0.0092995405936934	0.00451030797924344	0.170027615944258	0.121941113904803	0.0975920122784091	0.00959221792563284	0.0323152910381991	0.00529237615043629
mix_80	0.0983529596572852	0.00505731857742168	0.0136597564872048	0.0214340216705383	0.00378193580317645	0.00336544699332814	0.00564663094260783	0.00983470212511918	0.155669445928835	0.0172122207023597	0.033762498286734	0.0268565413344911	0.00361436175343861	0.00959922823750274	0.00344262454439667	0.239580436610652	0.173965820597186	0.126278550497546	0.00884699515113135	0.0355493893653101	0.00448911473373649
mix_81	0.0521655424395311	0.00510373965781844	0.010869299058834	0.0198718845721725	0.00390360795960025	0.00311820139570742	0.00521061700824574	0.00872267461395693	0.141938645604986	0.0181915075670674	0.0305954125897851	0.0213135334258372	0.003259836751322	0.00846934414098415	0.00348380292866135	0.275180866057809	0.212429701717734	0.124381365592397	0.00841383716779472	0.0392245105216337	0.00415206922812129
mix_82	0.0826724306973924	0.00572569389406966	0.0178157433865574	0.0289058556479334	0.00439293166403826	0.0036012918514383	0.00643804557366401	0.0140035673042804	0.253438219277461	0.0333589788056953	0.050412991718708	0.0262448317601883	0.00436919979884902	0.00964710994441139	0.00460559169877368	0.164215807743818	0.119784310821534	0.123076438689141	0.00981514396577122	0.0323325645445213	0.0051432512117541
mix_83	0.0788941299135542	0.00722447008249007	0.0222352789095354	0.0338112034934669	0.00441990128370923	0.00389190399483021	0.00651721829367406	0.0178225963227762	0.332945771511879	0.0467971078973193	0.0645813667685415	0.0259812876989559	0.00493063642695466	0.0093989945185503	0.0047465750505049	0.112798805176861	0.0982138051558821	0.0802734206908461	0.0100871507194508	0.0290894289767476	0.00533894711347016
mix_84	0.0701018713192574	0.0051385005102421	0.0139423638353781	0.0219550284972303	0.00391355834784329	0.0032372779437341	0.00532321550614548	0.00988742350556205	0.172979205827864	0.0245381004425736	0.0356579635016496	0.0237308412779316	0.00370409626955654	0.00896077811912034	0.00368660766461185	0.237974824861331	0.178485179720027	0.126855549184471	0.00880931531512762	0.0367262648990449	0.00439203345129905
mix_85	0.0542395019458699	0.00497276510831722	0.0123246330589065	0.0211709429772808	0.00381886844557603	0.00302259059779859	0.0052069875976464	0.00915716065105289	0.165827549226404	0.023065705796052	0.0345064441914817	0.0205149016767052	0.00361250545089641	0.00860432862275912	0.00363528617718458	0.256940322227791	0.196027999616368	0.123510116089906	0.00886967818208891	0.036831871589558	0.00413984077035717
mix_86	0.0334801417462338	0.00459149103997697	0.00786054886954272	0.0149007904834088	0.00341380570947809	0.00295618948659752	0.004657807123785	0.0058128238872279	0.0847501738668918	0.0619343000319591	0.0210973369701623	0.0181586759016262	0.00300978231645916	0.0081036754469944	0.00311718691014553	0.287711309333454	0.227839887045166	0.151201597196044	0.0102390471618386	0.0412938376625182	0.00386959181049033
mix_87	0.0459132711989523	0.00518261157020245	0.0142248234878406	0.0240275566325474	0.00398738487572489	0.00314054214020241	0.00537558507090527	0.0115890664410659	0.213172951373598	0.0121000184706561	0.0416933385009234	0.02056176688008	0.00392443628390869	0.00873876414978262	0.00374877221969315	0.236303443126853	0.185571785005415	0.111793967724145	0.00812628184579551	0.0365646559412723	0.00425897706043655
mix_88	0.069165318525635	0.00522607991610204	0.0107766776166368	0.0194892460175248	0.00361969443534452	0.00324733205010871	0.00522921876366144	0.00786434457192145	0.126109724932509	0.0593110178002628	0.0293653121045637	0.025212400819901	0.00336238826594514	0.00875539360521194	0.00335236029842311	0.235468545751294	0.191837339327237	0.140373525549695	0.0102101726543977	0.0376061705441979	0.00441773644942695
mix_89	0.057398846530863	0.00479759604297317	0.00874717018769352	0.0140499397796036	0.00322321309164829	0.00315431910456915	0.00474147332947979	0.00558879410015601	0.0640337721910211	0.0533763268699428	0.0182388005247698	0.0224901025892718	0.00303922522921399	0.00879253745022716	0.0031893527623746	0.283236709881465	0.223042328395787	0.163733979492606	0.0106059071004221	0.0404053319087985	0.00411427343711341
mix_90	0.0417047903349213	0.00572888758298749	0.0145654256530372	0.0257570374141261	0.0043623460076534	0.00344835993683288	0.00516386034883032	0.0129392801388684	0.234131623023922	0.0225875060182829	0.0462660716984935	0.020753297919046	0.00395209256674588	0.00900387112039638	0.00416950610009384	0.221649297084092	0.160108062451586	0.116089554155286	0.0087642195544245	0.034128838454515	0.00472607243585883
mix_91	0.0736320042312875	0.00684672899783681	0.0194965382967734	0.0329741174770544	0.0042715924483649	0.00355887738201124	0.006313702706884	0.0167370609785688	0.317061678342328	0.0658017714871216	0.0635076260914535	0.0258335236068489	0.00498978293405482	0.00988831089994356	0.00451651100411535	0.109052448227024	0.106193763063922	0.0824785044380739	0.0111902017330838	0.0300532382148773	0.00560201743837312
mix_92	0.0615803499840069	0.00551195189245427	0.0162962807975813	0.026382838818586	0.00408677951708057	0.00333120790715155	0.00561976217434595	0.0123362423555122	0.232585887802595	0.0232821876611911	0.0465284522921483	0.0227394496595934	0.00394560875628376	0.00901681960785885	0.00383184193333316	0.199868168511885	0.169099322624109	0.104827996557029	0.00886505991001703	0.0355418836625559	0.00472190757468077
mix_93	0.0248692433600969	0.00742991000975512	0.025127331460882	0.0392067075607727	0.00486070771949271	0.00398701624173397	0.00596393096880632	0.0247604338725227	0.461870859501651	0.025575636490447	0.0875959229799907	0.0172089753862626	0.00605722999550664	0.00999665962219818	0.00505824530987486	0.0754137904391713	0.0713180841070711	0.0635879655104103	0.00941840793735095	0.0246147347583902	0.0060782067676125
mix_94	0.0219947899674106	0.00738946876630411	0.0190005220131314	0.0334488304087082	0.0045518152801975	0.00350881713175029	0.00587699109760773	0.0182581490286475	0.352732638590199	0.0698108301793479	0.0688640497193213	0.0176449347861032	0.00522740380354938	0.00929969836835839	0.00435128512781552	0.113477180634432	0.0847248081001262	0.115707778944177	0.0112519259446437	0.0272984582559687	0.00557962385219975
mix_95	0.104240532644372	0.00751178748085508	0.0217643004629864	0.0334834924675602	0.00448877042369829	0.00368917202733008	0.00649690072652098	0.0170625545410569	0.323127534330945	0.0768421010504765	0.0638709592808393	0.0294886396525181	0.00512186063749596	0.0107918037209179	0.00479108046615466	0.0742711966321385	0.0886818020032146	0.0781370807378165	0.0116604656456904	0.0287351799646582	0.00574278510275418
mix_96	0.0885329536582448	0.0069264670055516	0.020008154876723	0.0323040259752535	0.00451161458486716	0.00383749189558124	0.00660090757475229	0.0166639425983831	0.291068089245065	0.0999753991644954	0.0577465507233959	0.0300335235769585	0.00521124434679782	0.0103870967022628	0.00430004475953233	0.0839894447221759	0.0912895319124766	0.0989453265792953	0.0127301052462237	0.0290994652456717	0.00583861960629194
mix_97	0.059567657367556	0.00591709910130984	0.0175478956983971	0.0285608163614059	0.00421130146430549	0.00335243820037728	0.00576905070877882	0.0139505891239306	0.271526793310184	0.0345103301461287	0.0533745079664239	0.0226184937323155	0.00429906456082252	0.0092331340320449	0.00426875430122758	0.169832872573824	0.132425929306235	0.112417122000848	0.00969678685810147	0.0320674431912839	0.00485191999449935
