Bcells	CD4_Tcells	CD8_Tcells	Monocytes	Neutrophils	NKcells	otherCells
S10001	0.0256666902209139	0.1109197424428	0.0593622843720292	0.0215430754080968	0.177918149439054	0.00258060279079244	0.602009455326313
S10006	0.0270612167508934	0.102880362718339	0.0585112879152789	0.0202858505205122	0.164449435327155	0.00233188422209885	0.624479962545723
S1001	0.0246840328783119	0.101779512395212	0.0656193792396981	0.0223455824871549	0.160606313842111	0.00261923699385264	0.62234594216366
S10010	0.0229881846819534	0.102975253109603	0.0645602868781036	0.0224947998673099	0.177116729016986	0.00270462650608299	0.607160119939961
S10011	0.0253477684890854	0.111428897222037	0.0618109682951342	0.0216811735791347	0.17254963469227	0.00291173353709638	0.604269824185242
S10014	0.0258549263258623	0.102810631402099	0.063811043795462	0.0221506919950842	0.164892912163283	0.00308336222473491	0.617396432093475
S10026	0.025002312466411	0.110390837230584	0.061154470491849	0.0216501737012235	0.1641422698499	0.00315650440197232	0.614503431858061
S10032	0.025743597028093	0.108477662372451	0.0603574101724147	0.0239560503954416	0.164024191415426	0.00332218045338456	0.614118908162789
S10036	0.0246450788172378	0.101081353073894	0.0621794740751474	0.0215606337844306	0.162080599998506	0.002724365884534	0.625728494366251
S10042	0.0259159080290007	0.107615296576563	0.062509054214182	0.0217776187629198	0.167887724994438	0.00299710356698914	0.611297293855907
S10044	0.025564802235932	0.11042814620948	0.0630606638118532	0.0220584396012128	0.167558012122764	0.00280998312471011	0.608519952894048
S10049	0.0260571646539616	0.106669089094797	0.070290838947884	0.0223236735171366	0.163663502697746	0.00201790441580692	0.608977826672668
S10057	0.0263391047273389	0.108559609680624	0.0543532545966778	0.0205904539459913	0.15844097044604	0.00364457156056961	0.628072035042758
S10062	0.0256747932995717	0.106158477440324	0.0707663777772874	0.0231151898259568	0.168806105100863	0.00230418209841292	0.603174874457584
S10066	0.0240793644945153	0.11796778515074	0.0513557450707971	0.0220044400689134	0.183104476890764	0.00335960822302953	0.598128580101242
S10067	0.0260770021708447	0.113212400556685	0.066842537085357	0.0222852136396234	0.161966064539066	0.00266374580199134	0.606953036206433
S1007	0.0260573023326906	0.104285583494025	0.0589547758557317	0.0221307180189044	0.169505883236532	0.00321280614521001	0.615852930916906
S10073	0.0251992060899158	0.111818450910433	0.0722791240170803	0.0222335140715669	0.170429196188693	0.00239298813051089	0.5956475205918
S10077	0.0272528514426894	0.106292559244828	0.0602421648318569	0.0224023480193423	0.172280739622081	0.00309999487522937	0.608429341963972
S10080	0.0261162110564791	0.0968291068891084	0.065904349262271	0.0221391401183177	0.173062277598029	0.00310273165046617	0.612846183425329
S10082	0.0266665574771946	0.120119318239267	0.0583481570878797	0.0226605565672164	0.166264599959548	0.00233044072484635	0.603610369944048
S10087	0.02726242083966	0.115056914604924	0.062572630942586	0.022609670342535	0.166353937290287	0.00294042518917107	0.603204000790836
S10089	0.0260141939016977	0.11006570581203	0.058825219479369	0.0214474943720486	0.174749476776862	0.00329793738394793	0.605599972274045
S1009	0.0285945126183872	0.117122393164332	0.0633647750169756	0.0218321782993338	0.162926725812077	0.00297782979295623	0.603181585295938
S10090	0.0230714357370094	0.107469540465934	0.0625033858666871	0.0209344257398699	0.174810932799695	0.00216396158929911	0.609046317801506
S10093	0.02384234737622	0.0939400178676521	0.0640420850934902	0.0202954448045926	0.162334784645505	0.00303672054610553	0.632508599666435
S10094	0.0246342539119174	0.109721873493558	0.0602407207531182	0.0227102976918985	0.168707869430644	0.00305308697382332	0.61093189774504
S1010	0.0262782123041018	0.105315974209018	0.0720116923259683	0.0223110752267645	0.169739612956165	0.00241507834267027	0.601928354635312
S10111	0.0251629309087457	0.116888088547872	0.0621695307835111	0.0222374943753447	0.16543885317915	0.00322682714633802	0.604876275059038
S10116	0.0259711777515937	0.106119561702267	0.0754992951559193	0.0213848666319724	0.162321450637041	0.0026316595742052	0.606071988547002
S10119	0.0265824900080457	0.103582232269138	0.0701973299463959	0.0215117587083191	0.162240856257063	0.002111584459334	0.613773748351704
S10121	0.0256586669036806	0.102535059475701	0.0750231682376308	0.0221850546038271	0.165052116638484	0.00199011973775142	0.607555814402925
S10130	0.0252614531991598	0.105947465721858	0.0590192364408038	0.0217994498228785	0.174959840188046	0.00321694801217524	0.609795606615079
S10140	0.0271286768005002	0.103580795809206	0.0580318688587817	0.022564494388939	0.175156649613261	0.00262019000040096	0.610917324528911
S10142	0.0271770169468251	0.105323766969981	0.0646839494614573	0.0222995443153839	0.154515194809777	0.00356036509988631	0.622440162396689
S10150	0.0235769820437263	0.0952616105665668	0.0576316324061519	0.0211595237954785	0.180538388684177	0.00393502632856697	0.617896836175333
S10155	0.0255237750187173	0.111601876283863	0.0631149176005349	0.0217655391286693	0.167451797032545	0.00269854182835273	0.607843553107318
S1016	0.024846607850468	0.104836480774316	0.0630507850688386	0.0216343751214958	0.161067783154761	0.00307583547140449	0.621488132558716
S10163	0.0259797973159666	0.10572718464024	0.0604240304327889	0.0208180517294415	0.177025377812818	0.00341638551645904	0.606609172552285
S10167	0.0246054957533682	0.0934033746940985	0.0664591696749046	0.0206540118635703	0.162120826826089	0.003418637102954	0.629338484085015
S10168	0.02577280160901	0.107897005994449	0.0679679789524138	0.0215695199687316	0.160386733315958	0.00318905289602164	0.613216907263415
S10173	0.0288738126271238	0.112011282951162	0.0637218422540788	0.0215555506440912	0.16593167452393	0.00246609977932353	0.605439737220291
S10175	0.0253912206330005	0.109135683165546	0.0571495480592428	0.0214240557823457	0.167520195962075	0.00319822437085158	0.616181072026939
S10179	0.0241580380777463	0.103451979487419	0.0746420377576157	0.0219743447808164	0.154811598195551	0.00280490022165715	0.618157101479194
S10186	0.0267767178295281	0.111894652129585	0.0717979605777877	0.0221996012697274	0.145678015187208	0.00202179852957009	0.619631254476594
S1019	0.0261133364392172	0.11334331661951	0.0588910279532758	0.022334238139128	0.159004206766951	0.00327417986168003	0.617039694220239
S10190	0.0267739607081399	0.110703262422062	0.0679177533140074	0.0224753749643316	0.160546350539174	0.00226611081118356	0.609317187241102
S10195	0.0248777406905305	0.103008529061088	0.059541233944478	0.0213457710087025	0.174872515205831	0.00327153170797672	0.613082678381393
S10196	0.0245308526994531	0.110066741514417	0.0601465671405239	0.0221303842633039	0.168448899234283	0.00326268602525001	0.611413869122769
S10200	0.0238734351897408	0.105409489637551	0.061047381470459	0.0222358605302468	0.165357209395909	0.0036342889046618	0.618442334871432
S10201	0.0253677898005708	0.0944398673735927	0.0562810848882097	0.0217813163442718	0.180932145388191	0.00331658704278605	0.617881209162378
S10202	0.0256614978596493	0.108781377482311	0.0621304193008099	0.022359192512979	0.168502666841768	0.00379822707198585	0.608766618930497
S10205	0.0268300806703148	0.115221723477961	0.0556872325029588	0.0215902489090569	0.173829171054056	0.00354115910687027	0.603300384278783
S10211	0.0236755446654997	0.0913579022060075	0.0749959964909421	0.0218198438353345	0.157416050739147	0.00208727283339892	0.628647389229671
S10221	0.024495456339882	0.10493667542337	0.0698378633653185	0.0219251070027649	0.165502796661224	0.0024464430585977	0.610855658148842
S10222	0.0251716971659066	0.101637355481037	0.0601507109300333	0.0212178530641816	0.166453972143794	0.00251120462454455	0.622857206590503
S10226	0.0265726200692079	0.10604948502783	0.0660116468888196	0.0220939757829597	0.170435343054233	0.00251071634221363	0.606326212834737
S10227	0.0248517326621988	0.109860403825188	0.0547084130354186	0.0215382511157454	0.170476183943829	0.00295687835552023	0.6156081370621
S10228	0.0243233990145305	0.108171206278168	0.0661586065447113	0.0214697741644261	0.166455039206422	0.00283452612174857	0.610587448669994
S10232	0.0274101619832562	0.106849706110542	0.0695683228813231	0.019881810868805	0.150345334513814	0.00253488945841188	0.623409774183848
S10248	0.0256098674328161	0.102853402475135	0.0715168933992187	0.021262033798378	0.162515834621771	0.00221909404474119	0.61402287422794
S10249	0.0240215404799989	0.102991182665652	0.062990583414551	0.0239025103277525	0.175657254290255	0.00290347970455643	0.607533449117234
S1025	0.026131598263256	0.110777463880739	0.0643892617765129	0.0226334019196896	0.160584409939957	0.00320007520256689	0.612283789017279
S10266	0.0254880776808013	0.102871253807096	0.0654555982738336	0.0220589844893321	0.176691171945913	0.00254722419891079	0.604887689604114
S10269	0.0276327308323049	0.104200361407074	0.0611383749169568	0.0215554120831548	0.168499189800961	0.00316235630822292	0.613811574651326
S10272	0.0235268472189208	0.100932833862879	0.0595579332493662	0.0210572218348475	0.168576085306227	0.0024236192213434	0.623925459306416
S10273	0.0271470402930126	0.104258554655108	0.0605333671208139	0.021450323639164	0.170284777312192	0.00372551492300017	0.612600422056709
S10274	0.0252645746073344	0.106111929047959	0.0585223405054711	0.0215490490333447	0.170627956148846	0.00314129309029485	0.61478285756675
S1028	0.0245899479818121	0.104842358135034	0.0629598697833733	0.0220781540799607	0.173909457160331	0.00220968954451238	0.609410523314976
S10280	0.0244977276124106	0.106166444514069	0.0745673017501431	0.0226881444278925	0.164515046274555	0.00193160751559973	0.605633727905331
S10283	0.0262472649868403	0.111043636679503	0.0706040142338073	0.0230826120502568	0.157647159118304	0.00289560538662111	0.608479707544668
S1029	0.0253955460727311	0.110013710381874	0.0615597441466892	0.0218653068265976	0.165410149427973	0.00304597201553694	0.612709571128597
S10292	0.0260919582396729	0.114745796080668	0.0597467320143697	0.0211127565556385	0.16011684583975	0.00271189387636037	0.615474017393541
S10294	0.0253543422770797	0.10091727032127	0.0731598321542484	0.0221082904501233	0.157329849733956	0.00230306971847099	0.618827345344852
S10302	0.0252131045094866	0.107134959789558	0.0654167624959515	0.0218026642334735	0.162702652712352	0.00282034959057584	0.614909506668603
S10303	0.0258865315196655	0.104477763693261	0.0629608371257516	0.0222506817248408	0.17096222134953	0.00337997233001493	0.610081992256936
S10323	0.0261387479957918	0.10410311648106	0.0657508214111236	0.0217195471861763	0.170502803757738	0.00275958289481928	0.60902538027329
S10326	0.0257932058119354	0.101521590555103	0.0687473750665185	0.0225009220202302	0.16537657173331	0.00296039540971069	0.613099939403193
S10328	0.0254385702813878	0.104132163426833	0.0748188013770941	0.0215983376699987	0.170441043472641	0.00299243535605146	0.600578648415994
S10329	0.027557580238152	0.111517344382386	0.0617313022187004	0.0227401049059867	0.166639460447763	0.00296304021822787	0.606851167588784
S10336	0.0255195597721921	0.106205878927928	0.0575186268287081	0.0226532571918264	0.168075755562077	0.00378552240957618	0.616241399307692
S10340	0.0277358164908162	0.11358867201102	0.0619404258261693	0.0219992823673765	0.16994992667798	0.00280872035515116	0.601977156271487
S10347	0.0251700672357781	0.107118499753274	0.0616127460379303	0.0214031937256007	0.170621632209567	0.0033050932235341	0.610768767814315
S10353	0.0288773711426444	0.111546601889249	0.0552142079704934	0.0218473612645846	0.170630753282141	0.00320241442637263	0.608681290024515
S10356	0.0270401863836043	0.113636415821921	0.0594568395140623	0.0220257346476171	0.166004193007646	0.00327989756933941	0.60855673305581
S10358	0.0243956033508248	0.1095706711391	0.0617545184310455	0.0227882940677829	0.171143700487507	0.00281095163911751	0.607536260884623
S10365	0.0250739405664105	0.110398471747537	0.0557480496181904	0.0223846258741331	0.168700317056443	0.00316944520106512	0.614525149936221
S1037	0.0274816466594515	0.110589424052384	0.0762695973639907	0.0218255002823013	0.156695697675297	0.00256721267150323	0.604570921295073
S10373	0.0266377969237006	0.111796972989257	0.0608501333935572	0.0219555154632433	0.162863156330801	0.0031872977505416	0.612709127148899
S10374	0.0252163346826054	0.0985791480006976	0.0631264051605894	0.0210133931558876	0.160717101078151	0.00163933434508215	0.629708283576987
S10375	0.0244304758076701	0.103695126245487	0.0595587251036371	0.0215971463163036	0.171795240758561	0.00385984741484939	0.615063438353492
S10377	0.0262548645643023	0.102203561364156	0.0588877461326542	0.0202385187528744	0.165178521591488	0.00288893463003554	0.62434785296449
S10378	0.027084884803328	0.10157839566805	0.0736645584469192	0.0217588465125274	0.169510745907159	0.00259273651871547	0.6038098321433
S10390	0.0266574713528161	0.102005926710244	0.0628922515175522	0.0198889535011474	0.167752379565848	0.00238667987459258	0.618416337477799
S10391	0.0256298535326431	0.0973689431460169	0.0623662792551475	0.022342209949358	0.161063680367821	0.00291911226849746	0.628309921480516
S10393	0.0245471469724162	0.100979576754839	0.0660809511647185	0.0216094723324687	0.157760856583409	0.00317289475899121	0.625849101433157
S10400	0.0249418295768435	0.110471246106494	0.0577671336752723	0.0231770287483798	0.1670751434098	0.00339510234357979	0.61317251613963
S10401	0.0274850980744423	0.10224121766889	0.0641656893832726	0.0221198235774119	0.171463895916304	0.00294765767242203	0.609576617707257
S10406	0.0244168193823357	0.0982398086387037	0.0634560517218094	0.0224999988692838	0.169679511032831	0.00259395585547879	0.619113854499557
S10408	0.0264291962308676	0.101123084565972	0.06720327738204	0.0220009841010334	0.179284284037617	0.0032597775994648	0.600699396083006
S10409	0.0264461488355597	0.100909815018146	0.0730999945564415	0.0221992453938426	0.162358168582715	0.00234751662670026	0.612639110986595
S10418	0.0251261867416604	0.0924284446621014	0.0610841181375087	0.0202828785729416	0.17759600211847	0.00189822285661523	0.621584146910703
S10431	0.0245532644169095	0.112188294578467	0.0594982723706919	0.0220273875315473	0.165339087989283	0.00342297400150797	0.612970719111594
S10438	0.0247417946603448	0.10676167046238	0.0612656842970306	0.0215225617118077	0.162625204767792	0.00297333775027298	0.620109746350372
S10439	0.0241970075537961	0.107373282712075	0.0599953001628152	0.0228090945373643	0.169863951674407	0.00349095280781921	0.612270410551723
S10441	0.024278537978948	0.102128243029054	0.0614846202958866	0.0234418121681822	0.170925532015613	0.00275063870089078	0.614990615811425
S10442	0.0254677018256176	0.112064312544093	0.0565567728881925	0.0225361922344852	0.169168695396427	0.00369437195135549	0.61051195315983
S1046	0.0251398752540606	0.108075427099283	0.0549095394720367	0.0219364476504438	0.174628306471367	0.00320456823932493	0.612105835813484
S10478	0.026378011196692	0.0989093562041415	0.0569064353287704	0.0232126070430397	0.179468187404476	0.00219905526223234	0.612926347560648
S10480	0.0278323981614792	0.108300729769268	0.0653508242031663	0.0208905910848776	0.155616100219375	0.00357434320290175	0.618435013358932
S10484	0.0256521693807926	0.10124194790097	0.0653424690314972	0.022479798098857	0.176129571180792	0.00234246394358059	0.606811580463511
S10492	0.0258334519719541	0.105116193609888	0.0738849184105096	0.0220572674777905	0.158944756621529	0.00195880703773631	0.612204604870592
S10496	0.028391989635052	0.113675017871582	0.0618886715520286	0.022030813505321	0.162472591073368	0.00350062588536394	0.608040290477284
S10510	0.0256928362698524	0.102995619528249	0.066554660599432	0.0226111369146948	0.155347125622491	0.00170378675377246	0.625094834311509
S10513	0.0234087376788025	0.109578545939902	0.0626707109259277	0.0232628960784358	0.167929394775964	0.00299589697376505	0.610153817627203
S10516	0.0261858265697282	0.10706266554904	0.0603133439245366	0.022628711404387	0.167550694673414	0.00339089600598266	0.612867861872911
S10534	0.0260812799158946	0.110963329531402	0.0639449584281318	0.0231371123019621	0.163250773740759	0.00210156201043079	0.610520984071419
S10535	0.0256485867442252	0.113515844700539	0.062703788042222	0.0222843761451577	0.152939146701782	0.00257685898382754	0.620331398682246
S10537	0.0262858608190714	0.106139566573474	0.06325330258449	0.0232459475734441	0.168958715706919	0.00302485853682109	0.60909174820578
S1054	0.0257114546540919	0.103721121084735	0.0664080610905634	0.021831174116146	0.159637615432867	0.00313474807328314	0.619555825548314
S10543	0.0266514268662605	0.105190934544511	0.0623544273152133	0.0207848751087626	0.168352365634333	0.00326137905573075	0.613404591475188
S10546	0.0254315965289033	0.099901762920631	0.0605146802753131	0.0216626986422388	0.160938075191589	0.00321020564708022	0.628340980794244
S1055	0.0236311055064698	0.102065895717745	0.0598637002455413	0.0221038339937056	0.171203054003248	0.00265242074263809	0.618479989790652
S10551	0.0266618447063021	0.105496829417621	0.0661321584513479	0.0226116996065776	0.165866096336918	0.0027261202147418	0.610505251266492
S10552	0.025606509108193	0.0937202734600366	0.0612036906306133	0.0218985028145367	0.172534113715394	0.00312459883575908	0.621912311435467
S10555	0.0260101537522987	0.0995400039143047	0.0788204549292086	0.0219674851762223	0.163337924314906	0.00243092902913367	0.607893048883926
S10559	0.0245254485603283	0.106414621711696	0.061739167692005	0.0235767115510202	0.168874062236614	0.00234826295446328	0.612521725293873
S1056	0.0279007538154288	0.108065873056158	0.0676336624187203	0.0224077099330148	0.16811467041032	0.00160064453434161	0.604276685832017
S10563	0.0260307854297954	0.10547246620044	0.0685033936230873	0.0225572227421936	0.176157328084615	0.00258422999130186	0.598694573928568
S10574	0.0255700538990934	0.116346339493935	0.0628804878880936	0.0223629772091622	0.160634108309127	0.0033556256887172	0.608850407511871
S10576	0.0255390904053627	0.0915100998915404	0.0665120494457929	0.0205923783173132	0.170225960096199	0.00226667897380839	0.623353742869983
S10578	0.0241914227947246	0.0963261738825322	0.0620520798542649	0.0221447711553047	0.166510161741563	0.00247804638566888	0.626297344185942
S10579	0.0254022474625101	0.104961334341515	0.0613605731578575	0.0212024922678088	0.172830784903562	0.00291397048818274	0.611328597378564
S10582	0.0267724201914427	0.106312336931876	0.0610873067255632	0.0212645447704053	0.170856556269169	0.00336296615823598	0.610343868953309
S1059	0.0258388285550659	0.110212977727591	0.0609569195651209	0.0222162896105508	0.168676442721742	0.00369303160022942	0.608405510219699
S10599	0.025634622880025	0.103757405607646	0.0598224225315238	0.0232317624147918	0.17171469118045	0.00271926734313437	0.613119828042429
S10611	0.0247639571432336	0.111937962166924	0.0597909288472293	0.0225173676693853	0.169186395316663	0.00276043876728213	0.609042950089283
S10614	0.0243922616452172	0.109079759390166	0.0573913349461763	0.0221417446238209	0.177296885657815	0.00346788646923029	0.606230127267574
S10624	0.0279568218159867	0.108145363082208	0.0593563030120627	0.0227617200199468	0.162658908781931	0.00260643847149448	0.61651444481637
S10632	0.0264603637786492	0.104170585158929	0.0579046584032077	0.0212809275250517	0.171009625576864	0.00302301363096152	0.616150825926337
S10634	0.0273787638949447	0.111945820089826	0.0594264596847018	0.0215468123686801	0.163920794633209	0.00278821477159332	0.612993134557045
S10638	0.025407501694558	0.0989044519952064	0.0699887520573818	0.0229516018240485	0.170920346475606	0.00175868850451996	0.61006865744868
S10644	0.0258501984922084	0.113532952640182	0.0660136230509493	0.022646675131766	0.16215365394811	0.00326770610082984	0.606535190635955
S10649	0.0248866252473642	0.105744909518233	0.0598504630606735	0.0208814144830487	0.172776271120741	0.00275547561694115	0.613104840952998
S10652	0.0258612639382606	0.0937945257975965	0.0633680336054045	0.0211626451704406	0.171126619715383	0.00297795231832105	0.621708959454593
S10654	0.0260366989427303	0.109367746749774	0.0592544744764826	0.0224586385315595	0.15970725405064	0.00365038141858813	0.619524805830225
S10655	0.0247451269480587	0.107753383585614	0.0652350177820406	0.0217544386807602	0.163395225976467	0.00273507494609614	0.614381732080963
S10656	0.0252062381238962	0.108311054739774	0.0713989464494804	0.0216719374944844	0.169684537362826	0.00327200412989205	0.600455281699647
S10657	0.0256110180884752	0.100281077273173	0.0629171305026534	0.0212464058260232	0.166377807307473	0.00290041781221018	0.620666143189992
S10658	0.0271937224710151	0.108626244313772	0.066406224631259	0.0218395703154779	0.167879578524384	0.00315167705308421	0.604902982691007
S10660	0.0259613038417264	0.104858421028452	0.0717261527744564	0.0223934488453969	0.148706003807679	0.00244274719685671	0.623911922505432
S10661	0.0271017123284152	0.114099290285701	0.0622177957793273	0.0216972094922943	0.161946071993952	0.00289903798268468	0.610038882137625
S10676	0.0258600676301203	0.101216028737494	0.0563134503670655	0.0234651096621528	0.164721451430313	0.00355789660421145	0.624865995568643
S1068	0.027072035484921	0.11343317159791	0.0658404267330672	0.0225284685636365	0.163586694870029	0.00262293587407372	0.604916266876363
S10681	0.0255589050087587	0.0958228114908892	0.0623624075667697	0.021553956219703	0.158278607574174	0.00272709696301192	0.633696215176693
S10686	0.0261625606401096	0.102255745276605	0.062129432567476	0.0226230402372034	0.163139031072821	0.00294752320349647	0.620742667002289
S10688	0.025173816487826	0.115654213664558	0.0644365609127548	0.0220333976453257	0.167407211964029	0.00275308600507546	0.602541713320431
S10690	0.0251899014300704	0.103857717682004	0.0559922151837693	0.021971878526414	0.168866132177785	0.00396996509729439	0.620152189902663
S10698	0.0260364402238917	0.109566715927835	0.0709517474282856	0.0230980233507259	0.163792417797473	0.00246587286684962	0.604088782404939
S107	0.0252017973692471	0.10664518484715	0.0714767396253116	0.0212924701355179	0.164467587376218	0.00227747325773582	0.60863874738882
S10703	0.0243721479322539	0.113663809221653	0.0641024342952729	0.0226317365245536	0.157695274781895	0.00281021537595839	0.614724381868413
S10726	0.0268442248350866	0.110552009758205	0.0632689709960971	0.0217519157166708	0.165405094436931	0.00193938138255418	0.610238402874455
S10729	0.0258570543307757	0.100973059146962	0.0650545904052687	0.0225550461842589	0.169198348238701	0.00267615635539522	0.613685745338639
S10733	0.0252463957956581	0.110780240751799	0.0607694962276157	0.0228480496597379	0.163946935582504	0.00282691190619618	0.613581970076489
S10734	0.0265610949240629	0.105527454877928	0.0634671235581635	0.0231277234857304	0.159472386300828	0.00279231177725729	0.619051905076029
S10735	0.0272633037254841	0.111001611624385	0.0564479626830427	0.0221125567399959	0.163672760075295	0.00290868786471695	0.61659311728708
S10740	0.0242292876098524	0.11356243241993	0.0572138664533791	0.0234738095739582	0.179336603796734	0.00314839232176951	0.599035607824377
S10745	0.0267250078686742	0.096826075113204	0.0603277944228046	0.0225437044110291	0.174178562864014	0.00305391026895198	0.616344945051323
S10748	0.026270111065715	0.107653422965512	0.064237755960096	0.0215463492167263	0.163709666022105	0.00238771028942691	0.614194984480419
S10753	0.0255437370271826	0.115723237361614	0.0601620492273386	0.0230995945236207	0.174547948149582	0.00316273865236813	0.597760695058294
S10756	0.0269524983733255	0.104996403403208	0.0658202288577481	0.0222846832569134	0.164896428155081	0.00264445474643009	0.612405303207294
S10757	0.0269043122944422	0.111339420804098	0.0730667328676899	0.021956232679462	0.158153959281073	0.00247293195133065	0.606106410121904
S1076	0.027177241748462	0.116861362782216	0.0532267259233041	0.0222345879292375	0.172037434478532	0.00396289426577733	0.604499752872471
S10764	0.0261810960330933	0.102229654315931	0.0644247960414658	0.0215782795077588	0.166125008878727	0.00276177363951541	0.616699391583509
S10767	0.0268057289597367	0.099221847590121	0.0763980939904055	0.0215327009504734	0.159035275066188	0.00258965299549792	0.614416700447577
S10776	0.0263659071774278	0.108166975696194	0.0605727873929358	0.0224934941341765	0.176679306519478	0.00324052314922453	0.602481005930563
S10778	0.0253712049522918	0.105292709291431	0.067879102813151	0.021801897810179	0.176405374116579	0.00222403653824206	0.601025674478126
S10784	0.026602453038537	0.102579152202616	0.0614813561362256	0.0227347647488942	0.179696806250763	0.00321293368035675	0.603692533942607
S10787	0.0263164717367789	0.10826641977656	0.0625623798814595	0.0218262595560964	0.161119638562934	0.003256323842835	0.616652506643336
S10800	0.0287727212958597	0.106730601343404	0.0606921023105374	0.0209944251508534	0.167672703068338	0.00291464026619474	0.612222806564813
S10805	0.0269798716913154	0.0983102954980972	0.0680102665020172	0.0222044001175849	0.174601065590597	0.00249744396020803	0.60739665664018
S10813	0.0268380553301715	0.104692786725197	0.0591901003823573	0.0228222566628556	0.168675116328111	0.00352336952705331	0.614258315044255
S10814	0.024473556259593	0.100637654726415	0.0605101543770416	0.021361469126307	0.161989102589687	0.00267002676068292	0.628358036160274
S10815	0.0253114516229969	0.110512539905354	0.0621231757361172	0.0211564999973836	0.169077392081853	0.00305066214908024	0.608768278507215
S10817	0.0249920102071764	0.102812118787392	0.0643220469557167	0.0206474635359741	0.164758339921125	0.00313404031458985	0.619333980278026
S1083	0.026419774960537	0.111713307405031	0.0668658818341119	0.0232780751068355	0.160158766297713	0.00247362922003717	0.609090565175734
S10835	0.023386239506602	0.10451285964507	0.0593789222439112	0.0230219295957447	0.156178291678102	0.00313243233394507	0.630389324996625
S10838	0.0241417524447797	0.103953134317929	0.0679278091102221	0.022053359310233	0.161269452905427	0.00254854137827438	0.618105950533135
S10844	0.0274634058359768	0.108831350195199	0.0591444459450993	0.0211164569787103	0.164751590539648	0.00275932058970127	0.615933429915666
S10845	0.0255366716831764	0.106186407845908	0.0591618818713901	0.023097691730453	0.168006914629809	0.00264993859698182	0.615360493642281
S10846	0.0296028868505299	0.107178258970903	0.0696763791033355	0.0217579716086571	0.158090106496479	0.00266483738355306	0.611029559586542
S10853	0.0236964728154501	0.0959517587640717	0.0590045079542845	0.0214015616700165	0.165062266262703	0.00270893378973321	0.632174498743741
S10854	0.0275193644168901	0.118396521393344	0.061715748751036	0.0226391930845002	0.160941347156244	0.0028155662758564	0.60597225892213
S10865	0.0261298660127998	0.104218359082408	0.065421186292036	0.0226210465569016	0.170411665678159	0.00367267683727292	0.607525199540423
S10866	0.0256019388581696	0.100583589937149	0.0661764378408186	0.0224636349879248	0.166340205826669	0.00286242265652044	0.615971769892748
S10869	0.025417946189865	0.0933899836552907	0.06531431812171	0.0234695906608415	0.176253434688679	0.00323064293553946	0.612924083748075
S10873	0.0262469859109551	0.097050511011043	0.0663976933168588	0.0221439005837787	0.172115606173264	0.0028626358909786	0.613182667113122
S10876	0.0264616600728363	0.105506885689263	0.0740276578026061	0.0230589520855902	0.161637443785542	0.00241272220350289	0.606894678360659
S10883	0.0259565678691075	0.100368403969062	0.0578124799732428	0.0222235540753421	0.169517404679568	0.00304774451443916	0.621073844919239
S10885	0.0249933639853936	0.098464741490621	0.0677314653062917	0.0214598821744442	0.167190683574995	0.0020802909777549	0.618079572490499
S10893	0.0247368169836168	0.103800771617943	0.0571650411897913	0.0224107845243817	0.170014967994092	0.00332752741322248	0.618544090276952
S10895	0.0239046968190924	0.105862533749796	0.0583508529310155	0.0226198336825428	0.169192083171129	0.00341490315996907	0.616655096486455
S10902	0.0273252514617244	0.100145105836416	0.0683426620425846	0.0213143994951788	0.16355259278988	0.00176762303080446	0.617552365343413
S10903	0.0240405422464998	0.0934327854403687	0.064323553523838	0.0218749051727487	0.16522162007199	0.00310583838328598	0.628000755161269
S1092	0.0251402053064121	0.110271719789752	0.0583318193515076	0.0224676033347473	0.172626457920802	0.00268279591734412	0.608479398379435
S10925	0.0263727342318464	0.104279974953453	0.0667101063216661	0.0226189245880989	0.162247384095995	0.0020352614658548	0.615735614343086
S10927	0.0243004285299827	0.11804640940317	0.055287901664688	0.0226953102215248	0.17464698090616	0.00317640991593487	0.601846559358539
S10936	0.02506339664619	0.114166771544766	0.0635785886769734	0.0226922321976343	0.162450560626888	0.00328908419077559	0.608759366116773
S10945	0.0272501941314552	0.107043682470462	0.0608485074430945	0.0233513770836156	0.175668801102504	0.00360486770224606	0.602232570066623
S10947	0.0251665876776275	0.105870033857126	0.0604595573262974	0.0215366680128516	0.160124467510422	0.00236538074511888	0.624477304870557
S10949	0.025473007961777	0.109924101754644	0.0628198415216991	0.021115563300025	0.163086018756516	0.0026627840652164	0.614918682640123
S1095	0.0255602448925544	0.100825982156706	0.0587247996701568	0.0217122429773087	0.170379639270571	0.00337627710561299	0.61942081392709
S10961	0.0237450446432675	0.0980090891763873	0.0636920929875385	0.0218497401737129	0.167022691372861	0.00280666995247525	0.622874671693757
S10969	0.025781953464443	0.113843757720707	0.0603455773859508	0.0227410680594862	0.166218070798317	0.00344859968262162	0.607620972888474
S10972	0.0270577622384867	0.0992088994917206	0.0630048935835544	0.0222735279815147	0.16723878385697	0.00363565526664363	0.61758047758111
S10973	0.0267187711358105	0.102533851841979	0.0645939160508955	0.0214222623166843	0.17861920473269	0.00283169049355645	0.603280303428384
S10978	0.0251721667708396	0.102546952419359	0.0691010006611462	0.0215609119612825	0.175082176587145	0.00304432727948343	0.603492464320744
S10979	0.0266940183408631	0.107100929598898	0.0683520991113133	0.0217434307951805	0.167675714862207	0.00297155440085931	0.605462252890678
S10986	0.023464950616962	0.106711361974958	0.0573305791047853	0.0215536334533796	0.167193827501485	0.00300893656151039	0.62073671078692
S10989	0.0250403939154019	0.107804221392382	0.0648572225279562	0.0219060482800343	0.164689860457911	0.00240589726651929	0.613296356159796
S10995	0.0241694463841208	0.110501694464333	0.0621756894548023	0.0231090846325235	0.167195144428346	0.00237248897377846	0.610476451662096
S11005	0.0263887794269576	0.101526496059169	0.0667703461683862	0.0218847517211627	0.163278041400192	0.00308438447727879	0.617067200746855
S11008	0.0263816975065583	0.106955211736752	0.0624634426961798	0.0213140254940847	0.168728371398162	0.00309401203039923	0.611063239137864
S11010	0.0241052931111036	0.102342361210063	0.066215442423163	0.0218866314611711	0.147047588852189	0.00220278183220631	0.636199901110103
S11013	0.0247706613867391	0.112533771773582	0.0626399025179917	0.0226323059956704	0.163941515766593	0.00305326967269932	0.610428572886725
S11016	0.0266334972462436	0.1032527910237	0.0699422311676646	0.0228204558520972	0.16259464868225	0.00280492164993745	0.611951454378107
S11017	0.0253633751044852	0.100953289558862	0.0596500639589603	0.0234921315008511	0.173443574613009	0.00352214804291775	0.613575417220915
S11020	0.0257614735351147	0.107856197930359	0.0551861943459705	0.0231385367160561	0.175215877763657	0.00422965096976585	0.608612068739076
S11027	0.0249147615605876	0.105779973874969	0.055689667498172	0.022787915707239	0.173143305965123	0.00368598607615245	0.613998389317758
S11035	0.0245910380701163	0.101094447875223	0.0629689036477824	0.0213695017435354	0.167031318035731	0.00287361873079076	0.62007117189682
S11041	0.0251521839793716	0.115187575407186	0.0561417019125466	0.0213795710368803	0.163547349095199	0.00345253679704789	0.615139081771768
S1106	0.0260253170421776	0.106029820398749	0.0683204252497408	0.0219427305913187	0.165682646212255	0.0023242375072725	0.609674822998486
S11071	0.0284843195706578	0.109871019915599	0.067107449656247	0.0224607231158613	0.1530896693034	0.00329506379240443	0.61569175464583
S11076	0.0253550087667178	0.107886611242439	0.0624514679159282	0.0214092067042253	0.166166850056128	0.00308545925127828	0.613645396063284
S11078	0.0274012185584646	0.107638963638267	0.0569126339929172	0.0220167883364817	0.174649886283333	0.00305629788946219	0.608324211301075
S11081	0.0258540753408459	0.109389901263599	0.0605838247535038	0.0224668293296465	0.169781785189796	0.00320757919980617	0.608716004922803
S11086	0.0254902238027395	0.101993523350161	0.0643654319348814	0.0212261202283405	0.171238952741684	0.00316496006281469	0.612520787879378
S1109	0.0248511610827085	0.0982077231043402	0.0644358522788296	0.0234031701675779	0.173027688191956	0.00290257024881796	0.61317183492577
S11096	0.0243790971838936	0.0983846392401221	0.0675911646299288	0.0226092756582915	0.177020351672839	0.0025885996451586	0.607426871969767
S11100	0.0269369427478246	0.114656153316152	0.0607881556915139	0.0212902014357461	0.171934344328049	0.00270877555472435	0.60168542692599
S11107	0.0258439591837995	0.103244452842071	0.066296681636694	0.0214929623251926	0.17373034679636	0.00253928620376456	0.606852311012118
S11109	0.0257745102253775	0.0994664130057543	0.0609627627203501	0.0219720029517367	0.174443279969806	0.00262637163488154	0.614754659492094
S1111	0.0246892237873544	0.114757686371045	0.0620495518132772	0.0216245782842019	0.155934560772326	0.00278694956137624	0.618157449410419
S11119	0.0255368192519898	0.110733366407038	0.0574511303438847	0.0214133133562621	0.167101489452677	0.00257320421627997	0.615190676971868
S11127	0.0245307994666782	0.0965449072500971	0.0713521565185824	0.0217065174497692	0.158704308850511	0.00309921084822816	0.624062099616134
S11136	0.0246683520660511	0.105806700780584	0.0678209366460905	0.0211086040367626	0.165066320202691	0.00236910454915578	0.613159981718664
S11147	0.0252601433411361	0.110638270264626	0.0616512565622434	0.0218759027663635	0.171574967759317	0.00284044362367796	0.606159015682636
S11150	0.025018183998652	0.109250136696897	0.0603116940666914	0.0211529193020925	0.173695178168327	0.00296294604941737	0.607608941717923
S11152	0.0261768016711633	0.0981008803498248	0.0649176645197511	0.0221658091355838	0.16600330376963	0.00257647043069811	0.620059070123349
S1116	0.0253425995553279	0.104639859196799	0.0777260830705239	0.021692647709432	0.165000410658009	0.00184324655993365	0.603755153249975
S11163	0.0256336875837919	0.11136475397031	0.0702525178771324	0.0213927978655892	0.167387192305373	0.00245353757646477	0.601515512821339
S11164	0.0247856496295094	0.105010253470383	0.0568301744475477	0.0225859138726477	0.171116955875494	0.00307106870566214	0.616599983998756
S11166	0.0274998543218475	0.0921516849511284	0.0646329999024793	0.0213464065060428	0.162297484306141	0.00199339940814842	0.630078170604212
S11173	0.02604489215467	0.109489312643021	0.0584910100691428	0.0217670400198306	0.169591904313245	0.00310176875289921	0.611514072047191
S11174	0.0251923434572717	0.110652047870284	0.062282499180476	0.0223003315485595	0.159633162977775	0.00273274835458422	0.617206866611049
S11182	0.0267225726270084	0.113186430907524	0.0686089699538742	0.02124581775627	0.16491323858487	0.00249130249065041	0.602831667679803
S11188	0.025152733429763	0.105910984817746	0.061361596337059	0.0229183434602771	0.16836572389483	0.0031993557164085	0.613091262343917
S11189	0.026123771007264	0.114602693753429	0.062354439104632	0.0225735765866305	0.173659858306393	0.00304396783377476	0.597641693407877
S1119	0.0267782511276031	0.111775389433406	0.068314754461277	0.0224309689452428	0.15571198697786	0.00262280080530365	0.612365848249307
S11195	0.0293350818072534	0.100133633860029	0.0821914428042976	0.0224073671960154	0.17391812324946	0.00178532938480355	0.590229021698141
S11197	0.0260062494877969	0.11129604070049	0.0675451661794372	0.0206115058571184	0.160840989540848	0.00198742531940452	0.611712622914905
S11198	0.0238858968801588	0.0956991692859358	0.0592126406693607	0.022889751946946	0.182077419876317	0.00341444702208118	0.612820674319201
S11211	0.0248971248523835	0.111025462373036	0.0607262104623819	0.0226263394982097	0.169183325909105	0.00315268772659403	0.608388849178289
S11214	0.0257000663727039	0.102982723930559	0.0620964166914907	0.0217792335926573	0.158819668431234	0.00286144265236642	0.625760448328989
S11216	0.024905105294038	0.116311963144745	0.0546079367223365	0.0225797737880249	0.175362493280371	0.00380184978133639	0.602430877989148
S11224	0.0255227911929905	0.107759185857761	0.063774392990386	0.0218715750567427	0.164567237328823	0.00265200098673817	0.613852816586558
S11236	0.0247645500135934	0.107632355506543	0.0649064159375852	0.0227405545743527	0.169628686690009	0.00272098871020939	0.607606448567707
S11241	0.0249748346911538	0.099571861112151	0.0655241684672696	0.0215133769520066	0.166726144567801	0.00229951497153782	0.61939009923808
S11243	0.0242028173200041	0.111734760678603	0.062880288689672	0.0212858929054767	0.168411547861748	0.00299878318408773	0.608485909360409
S11245	0.0273153148806469	0.102785939926156	0.0615073020836525	0.0213523923569036	0.171464081368962	0.00301168925886373	0.612563280124815
S11249	0.027649842334633	0.105695547678384	0.0623385022192598	0.0216562804713134	0.168359162400934	0.00270784205017001	0.611592822845306
S11274	0.0250521878607077	0.0978172570767471	0.0619471205589185	0.0209186781732225	0.17085430232434	0.00328972500695682	0.620120728999107
S11280	0.0260561786295634	0.106942505315845	0.0691230371430879	0.0222450590373501	0.164093853182393	0.00249544005872243	0.609043926633038
S11281	0.0247409327619727	0.111674527045278	0.0612033315994025	0.0227792736216964	0.161487469214054	0.0029683072540777	0.615146158503519
S11285	0.0257638278374703	0.106226614463105	0.0643700752745557	0.0217162320306752	0.161285339655796	0.0021339791217719	0.618503931616626
S11298	0.0249151443096558	0.111736570266358	0.0606632368767013	0.0215637473056167	0.159260878923714	0.00289891684477926	0.618961505473176
S11311	0.0227796868732554	0.10705472662507	0.0643913789920345	0.0220140481888036	0.165585494560541	0.00305225240895317	0.615122412351342
S11312	0.0241146615298321	0.11366758478289	0.0567678832624537	0.0223361057631711	0.17291555201633	0.00293288731235924	0.607265325332965
S11316	0.0262952681946835	0.108918851321855	0.0646459434039857	0.0228466885987358	0.16482195372067	0.00219567903101082	0.610275615729059
S1133	0.0261184745280504	0.105083483301853	0.0607725218031967	0.0205721178659873	0.168161746126456	0.00253394468220376	0.616757711692252
S11330	0.0254586299487423	0.0979324723905121	0.0682658741303101	0.0216220126733546	0.168931397289269	0.00298814288093672	0.614801470686875
S11332	0.0275569876079791	0.108160813939256	0.0769425013067738	0.021666190109922	0.164257039579265	0.00294126984156866	0.598475197615236
S11334	0.0265966628921706	0.101497967635193	0.0684473929733769	0.0228256037322449	0.166051363342795	0.00216840123406295	0.612412608190156
S11335	0.0263939006828405	0.10718810866938	0.0635365629558405	0.0216643049401831	0.174071473636914	0.00260225866716538	0.604543390447677
S11345	0.0264230261843204	0.0999886339902101	0.0631265126553098	0.0204580380769414	0.176401267573247	0.0033117736501823	0.610290747869789
S11349	0.0235853691157996	0.107327886742041	0.0629690284517473	0.0230392414798182	0.169690597114292	0.00313544276439508	0.610252434331907
S1135	0.0254553808689846	0.105868986373646	0.0591845842463199	0.0237942941185154	0.169859515134911	0.00322276996281993	0.612614469294803
S11352	0.0246403012141757	0.101419061026708	0.0527854811397432	0.0222288219813146	0.177312621118713	0.00334119052552072	0.618272522993825
S11353	0.0243833838242812	0.114483004208221	0.0559953660047184	0.0224909814700125	0.172888564948585	0.00366036267255979	0.606098336871622
S11368	0.0249346129731466	0.0946097179816416	0.068468755920218	0.0225852065833096	0.164870447926979	0.00176539422033178	0.622765864394373
