B.cells.naive	B.cells.memory	Monocytes	NK.cells.resting	NK.cells.activated	Neutrophils	T.cells.CD4.naive	T.cells.CD4.memory.resting	T.cells.CD4.memory.activated	T.cells.CD8	Macrophages.M0	Macrophages.M1	Macrophages.M2	Mast.cells.resting	Mast.cells.activated	Plasma.cells	T.cells.follicular.helper	T.cells.regulatory..Tregs.	T.cells.gamma.delta	Dendritic.cells.resting	Dendritic.cells.activated	Eosinophils	otherCells
Mix_1	0.0253470005598654	0.128313391493791	0.0210992184181943	0.30345838208799	0.300373307440687	2.37409419580685e-05	0.00153189529886121	0.0182266456511619	1.15776560245703e-06	0.152198631283528	2.66078880673092e-06	1.32756876153014e-06	0.0376029329640047	3.51061271107126e-06	2.09594509084035e-07	8.29478952652179e-06	1.27222297081353e-05	0.00539851229887924	6.06783227838599e-06	0.00637779937207942	1.83477048170807e-06	1.83324741043126e-06	8.92298920328181e-06
Mix_2	0.065534901373914	0.206601269608989	0.00203187087339619	0.0976032210318739	0.282703893727503	0.00830174046675778	0.000907334714356225	0.0399453549796223	2.52427331770602e-07	0.162914509917488	5.29910341811264e-07	1.71056950838965e-06	0.000103383690237979	6.83651181774361e-07	5.09635977257499e-09	0.006714521041264	0.00452047695637341	0.116069526580816	5.01379295701523e-05	0.00599267090766518	8.64687925444414e-07	8.28283784291744e-07	3.11573739062758e-07
Mix_3	0.0020483212161433	0.0825015602587869	0.00213074044467131	0.369887168676001	0.291232782515825	0.00156524328047544	0.00281973664413217	0.00383193665552202	6.94968099842457e-06	0.241790960751781	1.17525661678068e-05	3.07740626802346e-06	0.00025823719067106	4.31770807076409e-06	2.51469114269554e-07	0.00018898401028851	6.4120567794633e-05	0.000984753071402984	0.000110867617204988	0.000507705390025961	1.93471698986492e-05	1.92704028991598e-05	1.19153058564158e-05
Mix_4	0.0370817781593739	0.0886526886455814	0.000197994197606543	0.225325336248727	0.327744809846614	0.0273564891187194	0.0362545082121982	0.00239569509361817	7.46437247730006e-05	0.204972931841876	0.0036658952863629	0.000196215171003071	0.000231431508280113	0.000133460767356643	3.64399303018247e-06	0.000697628885548721	3.09868027912271e-05	0.0421382328450487	0.000396710750018873	0.00089420565697106	0.00126891328782961	0.000284322506186486	1.47745048446255e-06
Mix_5	0.14934647888767	0.183756278359859	4.65254843322846e-05	0.231179812213325	0.294107471320152	0.000217905632750341	0.0172713057302814	0.0592301989945324	1.64070583591844e-06	0.024371159583806	2.79868417551933e-06	2.36694460098141e-06	3.46471057045442e-05	2.53568907525261e-06	5.30347320666884e-07	0.000177489938256697	0.000143814887105887	0.0201234406493629	0.0196332992344899	0.00029221042112824	4.22886649161266e-06	4.77965517464167e-05	6.06376799627088e-06
Mix_6	0.00813551048422042	0.21874463877678	0.0244108638999369	0.319993194834721	0.213009740274216	2.35961013958965e-05	0.0157309775823823	0.000428232249920991	1.2066970503653e-06	0.106513072447928	1.66185307025744e-06	7.85412897648904e-07	0.0746245285795333	1.9385559797753e-06	8.3697777653782e-07	5.18160269363707e-06	4.61129516939093e-05	0.00540395512017092	2.76546493555631e-06	0.0129151645648362	2.46087374444704e-06	4.73180516531614e-07	3.10151359888949e-06
Mix_7	0.0351430340734088	0.195565882417864	1.30573196511706e-05	0.170825970347672	0.233216515770685	2.05555732800181e-05	0.0813580983609724	0.0113181668032238	1.40560463470707e-06	0.179586258703784	1.69690444480489e-06	2.825007071126e-06	0.000704543966274016	1.33660191908677e-06	7.89788625535622e-07	3.01329153236597e-06	0.0043241418845156	0.0872951997905711	0.000607965549909317	3.60980724765049e-06	1.11604790735996e-06	1.19577386239594e-06	3.62061094317569e-06
Mix_8	0.135490768975523	0.207760643502087	0.00168288862352171	8.74821331752901e-07	0.0965424709448941	0.0953432294252285	0.075914488161084	0.0768986629401622	0.000173942434786078	0.0724489969859544	3.1823689078601e-07	7.06150690844403e-07	0.0242189053373281	1.08522516511319e-06	4.32719144386131e-07	1.64711676423326e-06	0.0616036606676615	0.146011616508614	2.97768493627905e-06	0.00575950262918049	5.73337293265046e-07	0.000141604009115648	3.56264253233419e-09
Mix_9	0.139823579068099	0.082334797627247	0.000570349755338082	0.212796219482905	0.266197165575249	0.000754090011546647	0.001425433713213	0.0860801178544527	9.76319962330353e-07	0.124539038876199	1.11541512424804e-05	8.3143048126872e-07	0.00655688968801082	1.16668154847459e-06	1.44966446840575e-07	0.00644902712540157	0.000607551871538662	0.0715629058163378	0.000238259934464189	4.25459692135769e-05	1.28000287901391e-06	4.02250735727327e-07	6.07182748802849e-06
Mix_10	0.11107318456498	0.217668812242794	0.005087234148028	0.144474698484672	0.257843583539731	0.000111802880592912	4.80163809931233e-05	0.000388406127135734	3.32866214753077e-06	0.199453926022774	2.93697958537097e-06	3.90327270886729e-06	0.0176731787332744	6.3075511058997e-06	6.54911194914148e-08	0.000128633671411699	1.65144745325004e-05	0.0369604078269935	7.62853829860897e-06	0.00902818048526108	1.02259020418659e-06	1.0584674461337e-06	1.71688642102492e-05
Mix_11	0.0280604824464155	0.21016388459666	1.06987639006543e-05	0.153092755201753	0.248862206392789	0.000306746516451036	0.0404587756383332	0.146113167606292	6.95170095112204e-07	0.0482445692292616	1.05622543765764e-06	6.82476603198526e-07	1.00115803518677e-06	3.96042882453264e-06	7.32141611109449e-08	1.2119686715061e-05	0.000937015434281699	0.123686742583587	2.11443376094032e-06	6.4931533753214e-06	1.42452378129011e-06	3.12613381961742e-05	2.0737812901501e-06
Mix_12	0.000560130681872445	0.0804303444833591	0.0126868384217264	0.408683564333485	0.239657215014429	0.00681473496706806	0.00177841184414062	0.0107202859335656	8.03561670141856e-05	0.200410355840331	0.000304886982853218	0.000176426037473033	0.0318203056983284	0.000175856108528978	3.02223576152863e-06	0.00218328646729196	0.00018188733787573	0.00052452994232137	0.000213656930069223	0.00244006870013463	9.55266592329823e-05	5.53910894414183e-05	2.91812369590312e-06
Mix_13	0.136265881843154	0.184192837134684	0.000372499941551874	0.063898655483634	0.287933067241528	1.99377533531363e-05	0.000869188783055454	0.0312914809508777	1.17443121300259e-06	0.190370453820006	2.97790104588898e-06	5.7168812490387e-06	4.81414348319434e-05	1.06213184403901e-06	1.30314878523455e-08	0.000274624229599589	0.00257924147177198	0.100408943192843	0.000692354383993162	0.000763141853013806	1.68310694818639e-06	2.02781802059392e-06	4.89518029444973e-06
Mix_14	0.0181418685236653	0.0545355358866241	3.0963612598894e-05	0.31775070826084	0.281636981522537	0.00147900966837719	0.0153284972831361	0.00637735216213729	9.2542379316733e-07	0.268852089130593	1.90561834412249e-06	7.70719171077415e-07	5.22782162715812e-06	2.860596109128e-07	3.1944170339648e-07	6.08413185748832e-06	0.00139119981651102	0.0244756110026086	0.000749415510949849	0.00922614380753368	1.98327060782853e-06	2.16214299463789e-06	4.95918217818095e-06
Mix_15	0.0328203583563009	0.166317006248212	0.000736825658119731	0.0884971994007254	0.231307415935841	4.26715804483435e-05	0.0608656934166996	0.0987437907231449	1.36714664299217e-06	0.136841479360939	2.64980187637607e-06	3.23484466438683e-07	0.000180614084633388	1.98703372724554e-06	3.751438757067e-07	6.46603045505843e-06	0.000245412232799214	0.177920703715729	6.24145108963672e-05	0.00521226964446376	0.000185550736052614	2.12148589630553e-06	5.30426805473603e-06
Mix_16	0.0346971530041771	0.280612148896875	0.00061470557649245	7.77785605961559e-05	0.206897080996143	0.00627168933946625	0.000127276837402137	0.0731869204597976	1.76537986407325e-06	0.224962789092483	3.60094274132909e-05	5.56129562959088e-06	8.10636054736685e-05	9.85269007230578e-07	2.42700355603315e-07	9.83769900231674e-07	1.04728018372013e-05	0.171770843688622	1.01968171552545e-05	0.000597648972184458	1.70038851454343e-05	1.61679410708085e-05	3.51168290955135e-06
Mix_17	0.0461846109534516	0.168394881991999	0.000220238401883224	0.0795805753374069	0.252347958015458	0.000971499503823408	0.0669872250278382	0.0421578865416177	3.15999191872655e-06	0.14602836263404	0.000140029672220968	1.07807332097781e-05	0.000460917874842533	2.49860501817195e-06	1.86162704126264e-07	7.70185539263256e-07	0.000255677492780868	0.195800884114302	0.000289914395983809	2.37111914038597e-05	8.6178900714984e-05	5.13107035294373e-05	7.415683138174e-07
Mix_18	0.0554007766199979	0.17672545077495	3.16224924840018e-06	1.60177985543872e-06	0.159089011434097	0.00634886069717321	0.00362082451000319	0.129182377405364	2.36394953762133e-05	0.141244964729845	2.62796475371504e-06	6.27519478953269e-07	8.40474117459339e-05	5.38337813659974e-06	4.47810772551949e-07	3.00959799020173e-05	0.0381297070081577	0.281252462740974	0.00816666039985967	0.0006741220765926	3.68922581266984e-06	6.47337391479704e-06	2.98541398775436e-06
Mix_19	0.0251548538286179	0.0760019821077367	0.0112206094367472	0.390083897135532	0.23664587302454	0.00463876278908447	2.21984907182168e-05	0.00021667500595758	5.27184454978067e-07	0.203385375331696	1.80842220995056e-06	1.5502845076755e-06	0.0343584106238076	3.07790063773733e-06	2.94038023112142e-07	1.88409662449333e-05	4.63090024427103e-06	0.000628891506136279	5.87984358963263e-06	0.0175968369594842	6.24942988348925e-07	2.40895828510274e-06	5.99031875569741e-06
Mix_20	0.103500033967612	0.238766312620466	0.00851210905992127	0.0239852029723617	0.271809404469171	0.0124841728745231	0.0081707629525938	0.0674370219128646	8.29872119030222e-07	0.142742210592731	2.26243488996162e-06	1.23236299126978e-05	0.0081590258677485	1.65422458592411e-06	6.63248630457313e-08	2.06888061296701e-06	1.05354952534264e-05	0.108557144675936	7.7216576027222e-06	0.00583210309732183	1.37570172971416e-06	3.9342474971178e-06	1.72246768131825e-06
Mix_21	0.112615742075002	0.218285900257846	0.0175319521197842	0.00108558066413068	0.223036336517684	0.00076617443361292	0.000594731931634772	0.0105594693507538	2.1142712320439e-07	0.190372030681171	5.58239146661495e-06	7.34323334978928e-07	0.0360010249696556	1.09886651624935e-06	6.89292851968473e-10	3.60562920523052e-06	1.43858325221097e-05	0.185698950722905	3.10515019532834e-06	0.00342167437137902	4.63323320363551e-07	6.12611191610754e-07	6.3166027296073e-07
Mix_22	0.045635590045641	0.0962516091949577	0.0220802181324655	0.279531267355855	0.234344432552726	2.1516636816723e-05	5.02408139530163e-06	0.00660454748987209	7.38719083498442e-07	0.201924694553729	2.43885165902604e-06	2.15333435871789e-06	0.0434890250993221	2.0367644776331e-06	3.79083946442088e-07	7.88660347003164e-06	3.5543499735617e-06	0.000670547311916981	0.0520217860270105	0.0173876517537944	6.89478179302075e-07	6.53534527429963e-07	1.15590448219745e-05
Mix_23	0.116344488931967	0.282352553338314	0.00620288299735333	0.000648523210740801	0.261376094720461	0.000617876455365897	0.00329115235728848	0.0405553506533944	2.26021427375661e-06	0.0727470849063958	1.68232011145924e-05	1.20731170655559e-06	8.69881726083748e-06	1.25429047330054e-06	2.16559960909155e-08	2.38212284872048e-06	8.00625732495505e-05	0.214865163579313	2.27126486949261e-06	0.000875531909294719	5.9112230937294e-06	4.21663532361792e-07	1.98260169199976e-06
Mix_24	0.000402520334841106	0.112836905166805	0.00821490921644931	4.00859852470333e-05	0.159140918736135	0.0270140981965085	0.124904447087679	0.135867325624852	1.77325220732066e-06	0.160321992214497	2.78927713259076e-06	4.12032189319201e-05	0.0167220159623858	0.000121261591226079	1.25664448481588e-07	0.000703908816153649	0.000216099750143982	0.253418699287819	1.27078045638314e-05	7.77133857607359e-06	2.4416778576101e-06	2.18087813636598e-06	3.81891740320567e-06
Mix_25	0.13292969391007	0.156031843378188	4.10572018901718e-06	0.0628712152482058	0.20417302018008	0.000124745755461381	0.00664212090669316	0.0627343755670859	6.40020991520449e-07	0.116297452397577	0.026737114641869	0.0135758295516204	1.90113767808445e-05	1.19389125994708e-05	2.40404310582008e-07	0.00490132766604177	0.0454214153104956	0.111608295106623	0.0558437511595256	2.10914616922188e-05	2.42804391343633e-06	4.52696959931537e-05	3.07358399354549e-06
Mix_26	0.120375284498667	0.119071725663538	0.000697511762146616	0.0513380784508828	0.165712247439047	0.00990362279091679	0.0538652955120665	0.0967991303221863	0.000101608819219568	0.1446371182718	7.08973442948905e-05	2.040821317069e-06	0.000148519422627183	0.000564363531976443	3.80562623084042e-07	0.011108942455164	0.0482581265571135	0.17603072205016	0.000813205153536399	0.000291294051216076	0.000101021998598869	0.000106063796560274	2.79872434141577e-06
Mix_27	0.173300376825406	0.228307665340442	0.0161663212683875	1.31342082034041e-05	0.0886090418897514	0.00029751970462841	0.0696359783079059	0.0599401054861987	6.83896180655872e-06	0.117138260526216	2.96734775730845e-05	2.41309152680368e-05	0.0195427639869851	5.75135590034646e-06	6.16771428318898e-06	2.87887323436301e-05	2.48723447623798e-05	0.224035652596867	1.78208373644558e-06	0.00219124048563447	0.000645666404240673	4.78201277586032e-05	4.47255701677245e-07
Mix_28	0.0372971519462722	0.224211866543826	0.0116744988256466	0.137438220458209	0.268832239035155	0.00112244551928462	0.0268471884792646	0.052919296747378	1.02881576795661e-06	0.1221173308429	3.94177185369615e-06	1.48249386264199e-06	0.0220840613788728	6.8546929306473e-06	4.85935755030453e-07	6.54746025912062e-06	1.95734167545704e-05	0.0923710114345793	4.36806212582929e-06	0.00303498525506389	1.93337445915208e-06	4.83552847315529e-07	3.0039569326296e-06
Mix_29	0.123793612139283	0.183399668995678	0.00148747864170728	0.0713754889221296	0.142067413242522	0.0184335846734665	0.0378923927923047	0.134044147132989	1.08493181447704e-06	0.126666818355109	3.77443305057397e-05	3.3182338992979e-06	4.33171089794546e-05	8.0474798595828e-07	2.03442521174107e-07	6.72136784584417e-06	0.00123609253274648	0.159399723414851	1.30014836969611e-05	9.44287161667048e-05	1.01879005117043e-07	5.22661068641269e-08	2.80064868584947e-06
Mix_30	0.0361530635044474	0.113935328014582	3.5655985953599e-06	0.284528658881608	0.292968976589479	0.000763090616668897	3.52235453086273e-05	0.0037258260272655	8.13560041335755e-08	0.174631346385737	1.93777980215746e-05	2.1561920038919e-06	0.000141463431105687	3.75456777116801e-07	2.88410401494776e-07	3.15791513024121e-06	1.74672830114538e-05	0.00226880214248359	0.0907896815555444	6.63121385768321e-06	3.77418144015155e-06	8.57817965687794e-07	8.06082560832843e-07
Mix_31	0.188204390954643	0.118810789359342	0.00101045546370584	0.00889904324574954	0.266546164363862	0.000324702491793871	0.00488141648251855	0.0759497773254282	5.08986842671316e-07	0.146970975722255	7.45430736880992e-05	0.000167156288477438	0.00285332758901428	3.77111591697628e-06	1.50859971425815e-06	9.82996769985981e-05	1.61496606870598e-05	0.185060204213343	1.56824916863403e-05	0.000104869899768051	2.82319144921873e-08	2.22743851682472e-06	4.00732413333903e-06
Mix_32	0.0814346655136332	0.137040576227105	0.00380888572129157	2.91386837529067e-05	0.15133603844062	0.0737352426532102	0.104218736958869	0.0491917177766171	1.03858438338714e-06	0.0761241070553266	0.000125648738577194	8.81002871577417e-07	0.00925941786780973	1.10713720170607e-06	7.72666326799727e-07	1.74813002929934e-06	0.0477803567187708	0.264323109848547	2.27315693414669e-06	0.00158077118677606	3.91940110968089e-07	1.13855566389412e-06	2.23543557308522e-06
Mix_33	0.0213788899252136	0.116324855141217	0.00357074821152859	0.11269059714431	0.180221316170739	0.027202087104161	0.0639803679459201	0.083495647926209	9.06602861963066e-07	0.144946946898406	1.08538167456457e-06	2.33172353998396e-06	0.0542930008396037	2.42521575694324e-06	2.97965847145982e-07	0.000223535364255144	0.0203533131091695	0.130977440235908	0.04032288626361	5.19876420094979e-06	1.00019955895956e-06	6.83936740064231e-07	4.43792956800271e-06
Mix_34	0.0445995224903773	0.223238460713879	0.0244323708087136	0.164397210286969	0.277144473918224	7.76292795725545e-06	1.10469719567598e-06	0.0532415599423779	3.66399443466257e-07	0.147310381874676	1.16386781509719e-05	4.66415680617604e-07	0.049336996252891	8.93509969624477e-07	1.47150126153658e-07	0.00448375858255324	2.17012089651534e-06	0.00668813889043788	1.2846835239515e-06	0.00509223581072281	2.72228141884877e-06	1.38454764051441e-06	4.94901617479912e-06
Mix_35	0.0802471509851734	0.0957903525485969	5.83640244243211e-06	0.17562488723901	0.30380483362036	6.97186879676126e-05	0.0144738763386446	0.0515539890137575	2.7230656094042e-06	0.11735271357122	1.22693538145067e-05	2.98014692855044e-06	5.24920444795558e-06	1.26397743555131e-05	1.56624171259079e-06	1.06907530719757e-05	0.000268890760041634	0.0996920809422597	0.0608402430656066	0.000183297290648691	1.03746699104552e-05	8.0156014456874e-06	2.56207229739094e-05
Mix_36	0.069745826895875	0.19591316399834	6.33815758731505e-06	0.115252250193969	0.248824886447273	0.0185373499614538	1.97652725610372e-05	0.0248674037196702	1.45292032566858e-06	0.149190484100889	0.000394653183492517	5.72055122686977e-07	3.809815056831e-06	7.26625017144378e-07	6.48421743954201e-07	1.09713290354389e-05	0.000313552289161152	0.108262048376586	0.0684908998772916	9.76581374523913e-05	5.75886906826543e-05	4.41250075013868e-06	3.53703066262528e-06
Mix_37	0.000867590732246532	0.0786153620417539	6.64596035105243e-05	0.394176947204615	0.279585591458998	4.35892998585296e-05	0.0130578380945008	2.19122943090103e-05	3.35962665973922e-08	0.211186386152013	0.000118228767296968	6.7100146262877e-06	4.13665522258891e-05	6.28380732071941e-06	6.67176340579203e-08	2.25010403428138e-05	2.14153291103195e-05	0.000100387173180722	0.000116330113683586	0.021906666917464	1.53206709525444e-05	3.19955281577067e-06	1.98128652738662e-05
Mix_38	0.00548747065426318	0.0945715251674645	0.0130195328641761	0.252790859118951	0.320053424355354	0.00355550927402713	0.0145769607884743	0.0635007719759662	5.37601098811327e-07	0.12781836647854	2.67808919272827e-05	5.54413045117359e-07	0.0139622417861233	2.91869543822195e-06	3.63159455302079e-07	7.7166710609279e-05	7.88786135241633e-06	0.0891698201527871	0.000494284409151914	0.00086949047552431	2.26560557231742e-06	4.12888328269717e-06	7.13867741451208e-06
Mix_39	0.107842022008623	0.354126901648696	0.0131986105450058	1.08811980716414e-05	0.106106052099353	0.000345378662765203	0.0261177507079129	0.0485362407752349	4.59773035951998e-06	0.0714890408500291	5.30537932029301e-06	4.4427628785021e-06	0.0677890861868966	0.00327289878955194	5.15060960360739e-09	0.000252066436988798	9.84486745191233e-05	0.197809938414113	2.72388683292749e-06	0.00298322980209575	4.20368988615251e-07	1.67643319039147e-06	2.2814879640097e-06
Mix_40	0.0304040896715088	0.11672176588837	0.000233729643730896	0.28605283435075	0.343088559607335	6.51660797107068e-05	0.00046977603398221	0.00113652269362107	1.15473184486226e-07	0.203185500326811	2.03335202042735e-05	1.51611575700967e-06	0.000106640949384764	1.20779404884644e-05	9.6259486072681e-07	3.81981215482821e-05	0.000179041789775113	0.017877968678826	2.75774276679608e-05	0.000320044969819186	4.33153781240521e-06	4.62573045212371e-05	6.98928033075578e-06
Mix_41	0.0551159186397068	0.08888289792806	0.00153857262037936	0.323276512145183	0.3624660094068	1.78253991945e-05	1.15185149616996e-05	0.000828156480274827	4.26054834487056e-07	0.134389148517666	1.69788186099254e-06	9.75401454819782e-07	0.00146802497622531	1.18795133896531e-06	1.42106294820968e-07	1.55853941083419e-05	6.97708569735412e-06	1.08636000972477e-05	0.0281500594733311	0.00380911009997266	1.98888519592559e-06	1.10370384559003e-06	5.29773351557437e-06
Mix_42	0.0924009412936183	0.221296542462301	0.00021240497331181	8.07334645093181e-05	0.13670126165234	0.0142990804599879	0.0660548614934355	0.157673167798388	8.06133546583475e-05	0.097865666780439	0.000159802110890478	9.41538702761994e-05	0.00474607524047144	8.78533136587608e-05	0.000124894736268681	0.000308242019304683	0.0194415999671666	0.187774140970956	7.07382378097944e-05	0.000186826510120299	0.00020373879204009	0.000131861893237646	4.79860481004306e-06
Mix_43	0.0715244761593739	0.213583333897391	0.00801940329892353	0.260763395712209	0.232875725946258	0.0128177902332136	9.77698519811912e-06	0.00242717795948344	6.40374488635619e-07	0.154082022061308	2.22131435287355e-06	1.2721695459587e-06	0.00903635203959872	1.2545097574319e-06	2.24557260596226e-10	2.09914014345346e-06	2.66221443543885e-06	0.0296246252950334	2.02754276447139e-06	0.00521032923419558	8.33605049464709e-07	7.28975337520931e-06	5.29032934367947e-06
Mix_44	0.0323029626212518	0.0617207860169375	0.00938435301949924	0.360631489544486	0.30451840417921	1.82671301152856e-05	1.73330790299476e-05	0.00400936962948394	3.96482996011843e-07	0.19010127887155	4.29174105364519e-06	7.5947458102313e-07	0.00470079170206486	4.37900563888665e-06	3.10378579953279e-08	0.00996204685158887	2.17031366080193e-05	0.00767754419161516	4.18410807370415e-06	0.014916811666372	6.93413109386992e-07	8.40570890774064e-07	1.28252598666776e-06
Mix_45	0.000472614218862886	0.191382602296978	0.00587545429114362	0.157771903611838	0.220376415858538	8.95978630844168e-05	4.87639313215995e-06	0.00607510376502359	1.75651375096801e-06	0.306534830638839	2.20506798593556e-06	2.8860206470267e-06	0.0225608682042	3.32761059013158e-06	8.38152315802174e-07	1.61466039921037e-05	1.2051738510127e-05	0.0880733111685287	4.93468420186774e-06	0.00068579614724698	3.7612096353868e-05	3.2573898627932e-06	1.16096643741323e-05
Mix_46	0.104433684220009	0.296803547385935	0.00442533250238473	0.00110871795004383	0.0706532350679059	0.00179679383439778	0.0255936246431532	0.0658904346765726	1.54095498977616e-06	0.191529176495085	2.50241082004532e-05	1.34819103272363e-06	0.00131314845826234	1.3364671845925e-06	5.74741397638466e-07	6.91289890613494e-05	0.00253707765292544	0.232069561924019	0.0012267564468283	0.000343190144668348	1.68446498221593e-06	0.000173279878056848	1.80080290426932e-06
Mix_47	0.0992787430620433	0.128970053135274	0.0179380072439327	0.267651925710461	0.226229532720054	7.0226301831714e-05	0.000195147905761974	0.0123016053203106	5.26743469323754e-07	0.194278833627738	2.15499770273759e-06	1.94581423506529e-06	0.0203772575159171	2.3182582927113e-07	1.01080524817335e-06	2.92898449455513e-06	3.52609451723924e-06	0.019904875558608	2.79638957227205e-06	0.0127795390759739	4.07472056095829e-06	2.15767656282664e-06	2.89876990109972e-06
Mix_48	0.0817474020621993	0.176421199840473	0.0030346098478358	0.0752084417333976	0.265465622094118	3.13888450171823e-05	0.0168955749693302	0.0698164938901378	3.64671674894803e-06	0.154682852317072	0.00104093053909589	3.6119995177489e-07	1.34118577930818e-05	5.67980024622962e-06	5.72212005235407e-08	0.00245010341358705	1.32983833783075e-05	0.107500888322691	0.045614986415742	3.48490532886583e-05	3.19965636787304e-06	3.05082958972492e-06	1.19509907388553e-05
Mix_49	0.026001937498383	0.078450127765297	1.96780878605776e-06	0.344559819535802	0.334196070229166	0.000140483099435679	0.0167586203056468	0.0254125051528231	8.08752873710443e-07	0.112117095231953	4.6982063600766e-06	3.31709341391268e-06	4.1651805311057e-06	7.64742147073615e-06	4.84862496270327e-07	0.0148709722497589	2.29664468852312e-05	0.00456960418460772	0.0428277498275456	6.85346289644971e-06	1.81965798556169e-05	1.49621188553373e-05	8.94698515581188e-06
Mix_50	0.0274277633472086	0.148576681170972	0.00147508063641261	0.0894633231032564	0.0550118932402068	0.0957809328836994	0.0481158000712998	0.101148703042041	0.0255516070890434	0.197999128647946	0.00112119744344354	0.00108253493525887	0.0295824461163575	4.86777540530637e-06	8.37342852916877e-06	0.00941479151298708	0.00940636476251084	0.155126840378273	0.00206571266572993	0.000253715547802133	0.00134750248668384	3.14964038611127e-05	3.24331107271549e-06
Mix_51	0.0804501153489977	0.221527582299264	0.00193231528171124	0.0641088120333513	0.25694628542742	2.02947032890818e-05	0.0582177654122104	0.0877374019582812	1.49372061701614e-06	0.0916740332127056	1.76734144991039e-05	2.74366432998133e-06	0.000203733565520039	1.84571356528004e-06	7.56641135547996e-07	5.55080115982486e-06	0.000115784879565374	0.136338846997513	2.80042247729001e-05	0.000643668509707872	2.01585993261836e-06	1.6419627067066e-05	6.85670338432879e-06
Mix_52	0.00700687709273282	0.0772939433674587	0.00385903972054918	0.27872393088626	0.284129245810343	0.000109992723447049	0.0146071140652197	0.00566288146908402	2.97964858935899e-06	0.288675304571623	4.36477688126157e-06	9.16169625102446e-06	0.000512612536422857	7.37369704636445e-06	8.95595225429937e-07	1.89496351504503e-05	0.000255571104731766	0.0381670123449804	2.74760615490849e-06	0.000894224336669121	8.23567105271992e-06	1.06693779063186e-06	4.64747063365538e-05
Mix_53	0.123223277655258	0.167667874910056	0.0149259786605106	0.102017318115959	0.159804066351423	0.000788271626096891	0.0184547112576783	0.0705662391718959	7.13200017174743e-05	0.171769141236716	2.83178768360512e-05	1.50329751353989e-05	0.0290858859877478	3.07851698173875e-05	3.5300751992144e-05	0.000554688824113619	0.000157169654146365	0.13364415660637	0.000193997125216268	0.00693606093003062	1.11910176281349e-06	2.86645775506441e-05	6.21431969998652e-07
Mix_54	0.000744488077955899	0.0488130492407602	0.00851184708363031	0.541207499286694	0.308832382184168	3.00643418206424e-05	3.05841693814487e-06	4.60038716882252e-06	2.25819097104236e-06	0.0685846775243264	1.07137085328396e-05	2.20152982544064e-06	0.0124369030263654	3.00692610301323e-06	5.73040184419494e-07	9.9823519696359e-05	2.48179199555661e-06	2.32496840271325e-06	0.0101717493057932	0.000510998121397463	6.67669708067348e-06	5.17726115788123e-06	1.3445369032357e-05
Mix_55	0.0202231180651873	0.0353705669420406	0.000371803628982628	0.436968504932212	0.339150881085014	1.6430665042102e-05	4.28227390644985e-06	0.00410498414632908	2.72135365985567e-06	0.161350392213199	2.3730771663795e-05	6.10643782496678e-07	0.00102067464778922	5.72479214650824e-06	1.84181400070417e-07	8.93897511442922e-06	2.09449130243734e-06	9.0534702667859e-06	4.7818794816798e-06	0.00133888669485328	2.64087152101214e-06	1.13734145063542e-06	1.78559336544814e-05
Mix_56	0.105692655483853	0.0662368756814706	0.011302464563965	0.0908140771986837	0.144884514962062	0.0475521956264962	0.00158759558522739	0.0945298315698978	1.17373778994632e-05	0.221257464829728	1.59828881459711e-05	1.8460389260896e-05	0.00601788407120402	4.66571750169382e-06	2.39142386299063e-06	1.52057024402424e-05	0.00210902576443267	0.184815624553917	0.0147265895437774	0.00836293936982466	3.12798347918068e-05	1.04558086855869e-05	8.20528718134599e-08
Mix_57	0.000174925210063488	0.0015558813088599	0.00998960078678334	0.374103233172847	0.344545999286891	7.91980136663873e-06	0.000109588470394076	9.5034997751911e-05	4.73203900820583e-06	0.104463736741134	7.68813510858268e-05	5.36999458951621e-06	4.37351207421224e-05	7.24019512499729e-06	8.96568437897547e-07	0.00188074224882153	2.6576858156292e-05	1.08379775026607e-05	0.147441280129264	0.00159341881358858	0.0138186490615848	4.01071107330772e-06	3.97091549289269e-05
Mix_58	0.0243862269496965	0.169038879366338	0.000292571319057863	0.0794315706332993	0.263431650886391	0.00445918430118774	0.057419551916026	0.0525648510888533	8.18169685308269e-07	0.138524158160316	0.00158687457900548	1.58405012890757e-06	0.000818356657749454	3.04814500267083e-05	2.76590157604964e-07	0.00204573271561892	0.00355690425413991	0.202068229177744	3.00615516991513e-05	0.000230553220721348	6.75048662345565e-05	9.83397553945082e-06	4.1441203838504e-06
Mix_59	0.0134142278452668	0.0179184518295021	0.000292050444807662	0.435283965591919	0.376750409401847	4.92236411284218e-06	7.25621098841118e-07	0.000474027310446938	8.55574636122885e-07	0.155434026919483	9.15293171885182e-05	1.30288583391011e-06	9.85585102821411e-05	1.05328764276417e-05	9.26335951415983e-07	1.9555111129192e-05	1.79076221137227e-06	3.17286932636502e-06	4.45541530064366e-05	1.77700483784756e-05	0.000109544229455336	1.70276867546401e-06	2.53972290127364e-05
Mix_60	0.149223780016413	0.199982995404258	1.44416062503491e-06	0.0113349432253851	0.140688150931119	0.000122392692596879	0.00179787561609299	0.1426429047914	1.60970243715902e-05	0.127423297383655	1.01713532941567e-05	0.0214298192322592	7.2894890623761e-06	1.86301563886709e-05	9.73460978461431e-06	6.23464570513967e-05	0.0507646440106236	0.150134810210608	1.09040258164156e-05	4.55810001073587e-05	8.06442135074319e-05	0.00418820563024354	3.33836533680646e-06
Mix_61	0.0958308037752865	0.211247809308627	0.00238416489586131	0.204014350242199	0.256844835568875	0.000700600145214098	0.00129725038420079	0.00117604100439234	1.52309148193489e-06	0.126700699998773	3.07689349103517e-06	4.19025163860656e-06	0.007161235530981	2.97408044526e-06	4.6382739464277e-07	3.24492631527979e-06	7.24313004105593e-06	0.00473968056022168	0.0871834398708883	0.000688275383140393	3.70177857673979e-07	1.17961714604298e-06	6.54733552823491e-06
Mix_62	0.118528069994625	0.168702049373792	1.18213856999692e-05	0.307213930858504	0.267453445970614	0.000874739591664275	0.0018684076126917	0.000695832177936181	8.51580390176786e-05	0.122310397835823	6.74242208219658e-05	4.80485199322409e-05	0.000127124947583672	6.29413585965447e-05	2.42843640867769e-09	8.1649859259694e-05	0.000270939846543287	0.0105281859903403	0.000221464627469046	0.000725063622884917	0.00010235583968594	1.97185890982133e-05	1.22730898024806e-06
Mix_63	0.00203828323661582	0.0322084007856447	0.0070405463653816	0.509044905821171	0.290503753714674	0.00537551683212136	0.000253386713448386	0.000867287284688368	4.23229867897048e-07	0.107320430224509	0.000243044253683614	0.000412741226978622	0.00389135107776681	6.27893374045102e-05	8.02214163826683e-08	0.000636478377165568	0.0001032275600004	0.000195103826184528	0.0326811263337597	0.00682992031502857	0.000179791215601801	0.00010317048621525	8.24156067248477e-06
Mix_64	0.100649597406458	0.164051944974535	0.0211403736578564	0.151853499175947	0.229545679763089	6.47643921962031e-06	1.5327022023534e-07	0.0693806271926895	3.69871971415478e-07	0.119395103237465	2.79175539265938e-06	4.2937684830274e-06	0.0512526717729075	1.35711036154163e-06	2.70614452201502e-07	2.20124461523626e-05	1.06564621391216e-05	0.078613906928138	3.65169796524192e-06	0.0140507322777607	8.6146761384684e-06	8.20457752353743e-07	4.39504290574561e-06
Mix_65	0.1225849035709	0.129391096315141	0.00873484430003306	0.0966038072234621	0.181316028692204	0.0675480951853185	5.73007913889156e-06	0.0533325777840342	8.25738924072731e-07	0.190960809727611	1.6953273750217e-07	5.98094484057508e-06	0.0199252645873198	1.83303687745383e-06	1.25978808451922e-06	3.40400671027373e-06	0.00695748552862427	0.102833255373938	0.00325874943878778	0.0165279644575664	1.59470121054958e-06	1.14525247742914e-06	3.17473405922914e-06
Mix_66	0.0727843644757925	0.192662836535733	4.13752934995438e-06	0.193098233973161	0.187664598974243	0.00065826768489554	0.000591341429024356	0.0617712772769557	2.9754998237069e-06	0.156446336413216	0.000271167412266882	7.46376345294714e-05	0.00024202353015186	1.84709826737591e-05	7.43869507700035e-07	8.31108374528468e-05	3.31238347524769e-05	0.110064262947404	0.0233969738705345	0.000110095192062099	3.68779107269402e-06	8.19647797110323e-06	9.13582742596357e-06
Mix_67	0.118074584000772	0.214743824201632	0.00376097894964355	0.128146827707059	0.162645301140981	0.00995595884420244	0.00260374303443633	0.0300786773500176	0.000578786727476167	0.0856066799335916	0.000150750086784996	0.00047285135419984	0.0827768616212877	0.000221490166940623	0.000280098397736672	0.00731561195911584	0.00149942102439902	0.11064621292016	0.0390027498629721	0.000860327077160117	0.000266899161428407	0.000309857455052806	1.50702295009641e-06
Mix_68	0.0758664254573627	0.166784514645022	0.00711333758592775	0.0506335695527893	0.132779495251695	0.000232418363698363	0.124324154539995	0.09005059774807	6.0293576486758e-07	0.101754150109433	9.58766350259596e-07	7.81791474066347e-07	0.0457589491052714	6.53331948376281e-07	3.7856110151687e-07	1.95650393042329e-06	0.057843246712931	0.13840441837871	0.00841985698152452	2.52432310584678e-05	4.35717237241649e-07	8.81170120753953e-07	2.97355858533235e-06
Mix_69	0.123545768113138	0.235950204946784	0.00296964132138541	0.11394787526873	0.300646413357772	0.000786920830686281	0.00591888687757001	0.0241563036923574	1.48809097226536e-06	0.138034199533574	3.0252403758051e-06	1.68279099895735e-06	0.000512915973820326	3.03651575331503e-06	3.27907725244387e-07	0.00243236676203125	0.00299254210117309	0.0480580749002717	1.02750101512602e-05	1.56142815277396e-05	4.70292906781117e-06	3.17456067784105e-06	4.55899345599336e-06
Mix_70	0.0259268205227837	0.201756843214924	0.00247520593996621	0.00130832999806923	0.201251879748051	0.0100356529972192	0.00381791529035299	0.0870673724090319	8.04199178819244e-07	0.227586850272038	0.000325147824757013	0.000100731700964137	0.00425521241146278	5.21245219136335e-06	4.27919574273531e-07	1.22689006201617e-05	0.0152298244124968	0.210308970236863	0.00168131667592591	0.0065351012129418	0.000289626442098931	2.23178246398385e-05	6.16739384814498e-06
Mix_71	0.0129860361594606	0.151030242591873	0.000177223492020673	0.323696493048488	0.289905259702926	1.56356426375191e-05	2.58338971955563e-06	4.42209104424687e-06	1.65265393856264e-07	0.217979725917236	6.46454921672159e-06	5.73125695246004e-07	0.00411622880869078	6.41525113819843e-07	7.08385763134826e-08	1.29345906649502e-06	1.06548791025962e-06	4.29340156153308e-05	6.98797990309922e-06	6.8471378177834e-06	1.53201851571787e-05	2.49961942576567e-07	3.53562449569152e-06
Mix_72	0.0198194120844665	0.243925210301306	0.0171041117219138	8.13037585242255e-06	0.0859824603100464	0.00772902555715031	0.0608577874254068	0.12154832221575	1.19294685420442e-05	0.101286606240227	0.000547666284369916	0.00221312257796483	0.0254990255625055	9.83091936550871e-06	6.74204883589943e-06	7.12391997272315e-06	0.00252169807922849	0.295781030682897	0.00371407022130418	0.0113930122547632	6.81592074521117e-06	2.64032570625782e-05	4.6257032250225e-07
Mix_73	0.0191306669372015	0.0110968308006597	2.79242429274814e-05	0.456521588951059	0.316772225714955	1.60225552800521e-05	5.94045679701835e-05	0.0180319572549869	1.56436261982125e-06	0.177974516252138	6.62266672328703e-06	1.89505615300143e-06	7.7593452447248e-05	3.55660118229647e-06	7.43104892463759e-07	1.24291691486907e-05	8.84076979827161e-06	9.66367775557663e-05	0.000124010346328474	1.57278449592502e-05	1.79276322094307e-06	1.43906840381657e-06	1.60107393891004e-05
Mix_74	0.0919420652972541	0.186002384183244	0.00201001986817851	0.285622207205579	0.232590702766979	2.13477450440168e-05	8.18612074076659e-05	0.0281894712261959	4.98150979308714e-07	0.0716474481283054	9.65984545622815e-07	1.46355288221858e-06	0.0369337680062207	5.76954969776098e-06	4.21051494591452e-07	0.000169201726310111	3.24150386809685e-06	0.00132008764787193	0.0628344161050083	0.00060485679473153	4.55055783899081e-06	6.5118988927378e-06	6.73984147111834e-06
Mix_75	0.0259019295100953	0.0937292341096008	3.15475794614863e-06	0.349821811031273	0.337620521350994	0.000205774666083788	0.000270492946592724	0.00155550363872064	8.76247931816367e-08	0.140754582127099	7.84768777579589e-06	6.52795525009391e-06	1.70634901725468e-05	7.09281103798853e-06	9.1968675096117e-07	0.000363806387821225	1.69755145921061e-05	0.00959594735157741	0.0400594300185014	3.37266405661489e-05	9.35811351143556e-06	6.43048395187332e-06	1.1782095292907e-05
Mix_76	0.0667443110340688	0.0362297716597415	0.00314558863729864	0.379794126737889	0.285041239721735	0.000376042076614903	1.67056397375737e-05	0.026726836436026	3.84144954836291e-07	0.201807050105121	1.42617519148576e-06	6.70092325851621e-07	3.07844247854665e-06	1.44202934705337e-06	2.66565022472569e-07	7.92538953043307e-05	2.04848014615801e-06	6.7133728295369e-06	1.0870676618632e-05	4.59706652990028e-06	1.16200070128424e-06	1.41825966594386e-06	4.99675065073522e-06
Mix_77	0.0199160035759731	0.17146004616569	0.0169037775675959	0.219209823842513	0.303126817686654	0.000547923709564458	1.68735562701426e-05	0.0031428903687092	9.49428145709777e-07	0.225989881190144	1.77389327487816e-06	1.63304934839985e-06	0.0243004083075159	1.1653641710356e-06	1.57719308670427e-07	8.36234848794168e-06	2.15286443767851e-06	0.0151606042347627	2.07908535091455e-06	0.000198706876174446	2.93700231768743e-06	1.14962489233623e-06	3.88253869794426e-06
Mix_78	0.059879290153501	0.0473331764460882	3.06424381433463e-06	0.174192502783575	0.310071350777944	0.0344131501473696	0.00351990804073433	0.0921390699369713	1.84873998229976e-06	0.130723960285666	1.35206857251653e-05	1.19559420036633e-06	0.0009205787487698	1.27828986080769e-06	6.30729557111176e-07	6.16622283105149e-05	0.0289145322828007	0.0339891658650128	0.0837333701896728	7.67157203636079e-05	8.28390773729532e-07	1.96546612952615e-06	7.23425317629672e-06
Mix_79	0.00900204362723731	0.0097689694459366	0.000531005583100276	0.559561351368311	0.252014282279586	0.00104646883576929	4.30429959009754e-06	7.12944630758676e-06	9.73248062248643e-07	0.0621727292036646	1.7177144704401e-05	3.35249807703433e-06	0.00220058998601895	6.3484314545963e-06	5.44476684191013e-07	0.0186410004183676	2.52763142207956e-06	2.37075625729269e-06	0.0809303755293898	0.00401770975667909	5.01587943130977e-05	3.43638087325593e-06	1.5150858193611e-05
Mix_80	0.0202001738185831	0.214349576344093	0.00248156994985785	0.0332530686104613	0.291920859958211	0.00109335913749108	0.00447409392255313	0.0908279506733101	2.16204873203196e-06	0.167041108124986	9.33301960418663e-05	2.00548313567494e-05	0.000834799484958958	8.40858963563189e-06	2.70503661397196e-07	2.09129437678601e-05	3.52307630851582e-05	0.172148421409991	2.41796248711334e-05	0.000406577101168741	0.000757527929593733	2.86422550505544e-06	3.49980808425998e-06
Mix_81	0.0273291915282893	0.138322150526829	0.00214758406037656	0.315123354495513	0.245083800057827	0.0514299394044843	0.00687732621400052	9.13283479028097e-06	1.15177411411049e-06	0.197611614593484	9.30444254200089e-06	7.04230701176039e-06	0.0156776565563473	2.65972710276874e-06	7.3631508386677e-08	9.36827463144455e-06	4.99301567812665e-06	0.000154607171413764	5.89822381116063e-06	0.000183828215364858	3.51724196725483e-06	1.6193637723319e-06	4.18633914081152e-06
Mix_82	0.0225932957868785	0.179477824718429	1.96124961492687e-06	0.242444745822711	0.306173359937226	0.000217144448823613	0.00603539595344124	0.0378853956789369	2.15307374451896e-06	0.179532572994318	1.18343620483206e-05	2.09753114905068e-06	1.7655004787387e-05	2.74425975050603e-05	1.08791078188815e-07	2.77313325912781e-05	5.31710994262806e-05	0.0245320929665447	0.000922377974064912	2.37575554009557e-05	7.44406095074968e-06	6.94897003010493e-06	3.48809029956084e-06
Mix_83	0.124133789744271	0.177190910657054	0.00393186033363872	0.210753116759899	0.254885512367263	2.48693936801963e-06	0.0177262934682112	0.00729657719062801	9.51163249085923e-07	0.128212970721199	2.19244377073995e-06	8.1508469168662e-07	0.0144209635962255	1.5490029132646e-05	2.64272402927085e-07	0.000647427090908661	0.0153151715559867	0.0413902107601181	3.45031983808128e-05	0.00403270186385115	2.00136334135772e-06	1.14638723197029e-06	2.64300917636048e-06
Mix_84	0.0593742605469025	0.187010549279133	0.00302039147854891	0.0826879802361249	0.166824572885101	0.0345679980027019	0.00997759597431293	0.043703547148859	4.91463736201718e-07	0.177043538117945	5.72761281115978e-06	0.000656559368968102	0.0100410169168094	6.75850166695894e-07	1.21366164963742e-06	7.69640761641324e-06	0.0153197624568244	0.180073113099945	4.44438839234777e-06	0.0296680321161328	8.20937102394021e-07	7.02093347389326e-06	2.99111674329892e-06
Mix_85	0.111279462114881	0.0545689683999277	3.55917965042399e-06	0.244265828159573	0.347363474849089	2.84435575781176e-05	0.0261388122293862	0.0242365451223329	2.26967590505525e-05	0.129318262587574	4.32621896481388e-06	1.38430113771432e-05	1.07836795103301e-05	8.86116277512724e-05	1.98956741783548e-06	0.00206383879358123	0.000878636983177075	0.0596159262864903	7.67724112267709e-05	1.00562125813203e-05	2.97401826000608e-06	3.42665761979398e-06	2.76157299947224e-06
