B_cells	Blood_CD34._cells	Dendritic_cells	Eosinophils	Fibroblasts	Keratinocytes	Lymphatic_endothelial_cells	Macrophages	Monocytes	NK_cells	Neutrophils	Plasma_cells_CD138.	Platelets	Reticulocytes	Subcutaneous_Adipose	T_cells_CD3.	T_cells_CD4.	T_cells_CD8.	T_cells_Gamma_Delta	T_cells_Regulatory	Vascular_Endothelial_Cells	otherCells
S10001	0.0629659438472559	0.000420802627364203	7.56380035597446e-05	0.000178950295269999	0.00100452136858998	0.0091349772107846	4.38951185934261e-05	4.55905394736223e-07	7.16600812737241e-05	0.024908937482634	0.438700653100454	4.5797488921262e-05	0.0476166449595125	0.292469697719563	0.0331683892355497	0.010762789500093	0.000715987617130397	0.00413555360307428	0.00353902570923183	0.000698387478009816	0.000533948129250949	0.0688073435184881
S10006	0.0565967232206448	0.0044510782499924	7.44098606479105e-06	4.32938241117372e-05	0.000368563139238919	0.0119242202489342	5.38126242264783e-06	1.61300483948355e-05	2.30946284921215e-05	0.048786414032211	0.414550559608992	6.78876767941579e-05	0.0676966688956886	0.279815561846453	0.0369910191212446	0.00117956779245024	0.000287318336465417	0.00135610243836918	0.00353707906345794	0.000131947378877158	0.000187235032746783	0.0719767131679537
S1001	0.0621696618827155	0.00856695366470154	3.45050404477924e-06	0.000281489327970215	0.000425161084913021	0.0178058452065838	8.78483326298319e-05	1.06807355236193e-05	9.67531101308483e-06	0.0367987432884644	0.402540354871267	5.21561180391977e-05	0.0607671414653004	0.254071184795208	0.0417096701348134	0.000184349294677816	6.03604698072817e-06	0.0260468383938622	0.0152347798564925	0.000138728380719336	1.45028383284759e-06	0.0730878010202466
S10010	0.0552273247821484	0.00256288654769895	7.17775609808033e-05	2.18682748230967e-05	0.000380405949665523	0.0160060989720259	7.93887685996363e-06	6.72644624666785e-06	2.4038657365916e-05	0.0103634992381365	0.482942287630659	8.849918966794e-06	0.0423532960909099	0.239191878946129	0.0314868355778078	0.00040621097607403	0.000130266075124624	0.0406148854198844	0.0121190842440605	0.000128995296940366	6.21868851397848e-05	0.0658826576323521
S10011	0.0598121480431455	0.000129917045766207	0.000134239149872668	1.00305995641456e-05	1.14868276832652e-05	0.0145734222287901	3.08230533922419e-06	2.49621121263373e-06	1.07115313289064e-06	0.0146204506585159	0.421357442299531	3.1642705104652e-05	0.0419709875485456	0.282158431788646	0.0293367797046889	0.0430199757211007	4.92729864382262e-05	0.0217537826844536	0.00138244610375439	1.32803594398539e-05	0.000135038253081199	0.0694925756221929
S10014	0.0504591432403222	0.000667402811734719	0.000116447541332054	7.03756076066729e-05	2.33658898378046e-05	0.00230362550293972	3.35905517407129e-05	4.20629777610168e-06	9.50509851507857e-06	0.0491596936478082	0.428675295340706	4.75572132439134e-05	0.0594160375047925	0.269850914274831	0.0449565999354253	0.000590495120831957	0.000117524843888902	0.00294700966014508	0.0181254312907343	0.000434198433290304	9.09577918036945e-06	0.0719824844133168
S10026	0.0727116418086552	0.00730846441608921	1.39934636256216e-05	2.20071100870739e-05	0.000119941349812976	0.00965778437050153	3.08432597760301e-05	9.88381674422044e-07	3.69902913310373e-06	0.0639671802748757	0.434978549980088	1.8584630355979e-05	0.0513184028380553	0.232034615030383	0.0432894508315539	0.000540002229994442	0.000478505554183451	0.00643413782520433	0.00514062473321237	0.000194871654028069	2.1341437840331e-05	0.0717143697908707
S10032	0.0741712861959537	0.00437620256887931	0.000126280101864184	1.07276717046509e-05	9.59633999731985e-05	0.00661989714325926	7.64028447645041e-07	1.31423189920062e-05	3.18830303951297e-05	0.0707273941541738	0.425390108667674	9.45032144482839e-05	0.0494325509601111	0.254566908633125	0.0409115946882101	0.00131888779134357	0.000516378310150481	0.000683468744863902	0.000425482708636276	0.000101802392525234	0.000162564284439257	0.0702222089908299
S10036	0.0476028397251327	0.00738880325787758	5.75017215537295e-05	1.29598719505344e-05	8.06667883244088e-05	0.0177721812975799	2.64394965202377e-05	3.05720330725363e-05	2.44022081861759e-05	0.0523025561191719	0.44563407400498	3.30242186744275e-06	0.0594897611737069	0.248618538992268	0.0385156871721556	0.00167834022478617	0.00158291776339826	0.00470271641485361	0.000640075542970542	0.000269127679541533	2.1871683344042e-05	0.0735446644067591
S10042	0.052476329850027	0.0072828540657966	4.86360918982375e-05	3.56447828602777e-05	7.21400800155266e-06	0.00458121537343808	9.48886670243046e-05	1.38064663381741e-05	1.29773834766364e-05	0.0818722836910862	0.426102040537711	1.17571252157318e-06	0.0540004862545196	0.255960073303143	0.0418493536943138	0.00337466574355564	0.000337498765304533	0.00094890362887097	0.000484065918271378	6.09281151856397e-05	0.000140166320453591	0.0703147916262026
S10044	0.067871554829202	0.0113261287043035	6.22991481877436e-05	9.02134866753526e-05	0.000126500408710074	0.00962199173191953	1.53739212151239e-05	2.4640290358563e-06	1.55271517622194e-08	0.063438111614842	0.430643017519479	1.63972852681544e-05	0.0571400779215145	0.234741163030211	0.0366731361679382	0.00111427769557848	0.000402185189544503	0.00649925537113877	0.00864386551181516	0.000682146711694154	0.000196824557235699	0.0706929996373397
S10049	0.0799462192778728	0.00271903434899408	5.53592090146029e-05	3.89192255470186e-05	0.000116058719641536	0.00663150693887788	4.54737168006433e-05	5.87803172129148e-06	8.23205389885879e-07	0.0576474976530793	0.41428096540758	4.16336641910147e-05	0.0657244316457965	0.246559039611921	0.0393444029072729	0.0026655627556	0.000245109355683941	0.00563465773700397	0.00607426656095415	4.72272804522799e-06	0.000154870479294978	0.0720635668197169
S10057	0.0408600564316356	0.000496276950089439	8.80240861703529e-05	7.69286480692488e-06	0.000219359178671774	0.0106589208751392	4.5842514187177e-05	2.53123944494119e-05	1.28230867407148e-05	0.0413411194678866	0.366295935961108	3.72514975190432e-05	0.0552659053700449	0.333952684604254	0.0404907737803412	0.0112061240500561	0.000203799246092917	0.0136308241348819	0.00588492517390211	0.00212786626715687	4.70488638411285e-05	0.0771014332010242
S10062	0.0763379251010115	0.00097904486845322	3.39070484588145e-05	8.02282013152194e-05	9.00984886406744e-05	0.00419774785441085	2.05492262558155e-05	1.84298192318681e-05	1.7190662521703e-05	0.0551110800962441	0.422895633207165	2.42908732519945e-05	0.052476445824754	0.257548660607302	0.0432897904604254	0.00325595853924177	0.000231520341334916	0.000707514948554995	0.0116319226288179	0.000156585895054583	2.66253907665931e-05	0.0708688499167864
S10066	0.0467234475516637	0.00334621811263055	9.98414624956529e-05	3.88684571434127e-06	2.9577860555359e-05	0.00761437223942633	8.07964736199348e-06	5.82257985722222e-07	3.74206386412545e-05	0.0297433996869126	0.499731723694669	8.15123814450207e-05	0.0466371655845734	0.251665278350186	0.0309009374536303	0.00691662337783385	0.000192290347723869	0.00575685852654659	0.00393649542372096	0.0022397696487914	0.000140220918523551	0.0641942979889685
S10067	0.0755602798904123	0.000806026864153055	4.81421573196088e-05	3.09412953068316e-06	0.000273333832749965	0.00746860251535034	2.02056330556698e-05	6.19833319400022e-06	2.95696246950294e-05	0.0879713138709493	0.385420134659112	2.68882063127451e-05	0.0563931175612496	0.26297254212774	0.0396075889582393	0.000734870411738975	0.00151324661737159	0.00585279403551387	0.0004881655436677	0.000128666435221631	3.95539482397635e-05	0.0746356646441832
S1007	0.0654077676477571	0.000404894905126643	4.53769761723179e-05	5.72104664914593e-05	2.92253586425234e-05	0.0103304413474016	5.95888771157981e-06	6.11721936276812e-06	2.94640206922465e-06	0.0448993063914457	0.407291560415539	1.55674606492706e-05	0.0591263393556358	0.290102821922706	0.0377809880691891	0.00562899671932729	0.00133366436975139	0.00270429565222078	0.00271849008287311	0.000188504038798643	8.44145715080422e-05	0.0718351117396207
S10073	0.066428456295245	0.0039426870605483	2.9018864244988e-05	5.92551573344889e-05	0.000197145220839438	0.00724422928815093	2.85718096793835e-06	5.84817234756117e-06	6.32137450166256e-07	0.0483944767642419	0.408784188440668	2.69311266939755e-05	0.0502715309099633	0.25706878180469	0.0327425560904655	0.00463401146913475	0.00193118761399908	0.0343315298131272	0.0124852770340711	0.000489736094555885	0.000175692283117377	0.0707539711781434
S10077	0.07299970656807	0.00104892016864432	1.53968811983672e-05	2.51317802062806e-05	0.000405811890750433	0.0087082502233639	7.78290020350374e-05	2.28156689119732e-05	6.38517741910021e-06	0.0372177883126089	0.424212885602145	2.19514273740964e-06	0.0426153263661882	0.28983150927748	0.0310681662934424	0.00367397039088788	0.000264748223661997	0.0147640621295263	0.00296387731176413	0.000257480081018036	5.04358623292821e-05	0.0697673076456111
S10080	0.0626895184501486	0.00041384546475815	1.26221835825253e-05	3.59822807450288e-05	2.35236631272724e-05	0.0144717433032015	2.46705959165539e-05	4.832267215245e-06	6.28018297729055e-05	0.0138346630257681	0.433208105452863	2.9871962865141e-05	0.0455972333176821	0.27284469722709	0.0336146395967365	0.0266155905058357	0.000344270942102676	0.00661701215447305	0.0205374859944521	0.000220103740403915	0.000134760961757186	0.0686620250795034
S10082	0.0814934002428894	0.00075260557562591	2.97364056532179e-06	1.02125722035781e-05	3.50107718532183e-05	0.012473603448427	2.87900971612022e-05	1.59608437702303e-05	6.83750633749368e-06	0.0618272673985427	0.41641428221765	5.68319495340658e-05	0.0392046793142153	0.254375181813804	0.0376753953311546	0.017133914038226	0.00260212604823267	0.00130359640667541	0.00105138087353371	0.00213588723512131	2.87459204632889e-06	0.0713971880824307
S10087	0.0907663726387508	0.000901724773813941	5.39691032017384e-05	3.6917617382762e-05	0.000222557213716322	0.00736202777706597	3.51133835403992e-06	1.01409360129463e-06	1.11740772237575e-05	0.0583607109668272	0.407133282684129	8.67484255728202e-05	0.0556310519343311	0.252472407687314	0.0396542340984652	0.00448492096533779	0.000310383785039451	0.00507702875198896	0.00477587628329361	0.000319943554030744	3.66734494202612e-05	0.0722974687811384
S10089	0.0654201612642473	2.02803808979487e-05	6.42241688784219e-05	2.120981684495e-05	0.000596423235693262	0.00876484157131879	4.55000855878757e-07	8.54055882162948e-07	1.01807133694522e-05	0.0314969411093148	0.443287819304139	1.07625920068441e-05	0.0536101116567201	0.280865340009643	0.0324001964257772	0.000947251525672181	0.000526674065320385	0.00794332260713448	0.0027237704208633	0.00058805221966364	0.000111305784420418	0.0705898220713363
S1009	0.0856443168386756	0.00195546011254435	0.000142889790341838	9.86886460379615e-05	0.000501397066017816	0.0141533395163252	3.56513334862753e-06	1.40682282186986e-05	2.12376278116397e-05	0.0106077066616014	0.361655109295863	5.23445718465139e-07	0.0415373583120566	0.288715290419226	0.0296965797894416	0.00723614456150308	0.000588038805840023	0.0626816054938304	0.0199455385438314	0.000443501696677694	3.47560618729676e-05	0.0743228839532162
S10090	0.0453008060408943	0.00262533057682254	0.00017626241502694	0.000262985243154087	3.94455157320198e-06	0.00272072441293586	3.80338603055168e-05	4.34825780333335e-06	3.42966733969231e-05	0.0584731374550235	0.427063105968737	8.0516174602981e-05	0.0568468621830078	0.291964132585777	0.0371785357435451	0.000984577443938346	0.000202536024154727	0.000439603361592253	0.000376988920517633	0.00210763968921139	5.21004218797503e-05	0.0730635319960994
S10093	0.00592646798390275	0.00302032451144392	0.000122965962863221	1.79017184867938e-05	6.47175904516323e-05	0.0243042843529674	1.45534260471799e-05	5.11314115396025e-06	2.09905813348907e-05	0.0768265783544771	0.400671572418724	9.22679417721241e-05	0.0637746892705417	0.305202363741148	0.0427340021602072	0.000735948782230054	0.000241076919459895	0.00108699079399524	0.00143507078301359	0.000586085227822765	0.000142132093217633	0.0729739022447387
S10094	0.0643982712286138	0.00105258528852553	4.59687173842922e-05	1.46746321589249e-05	0.000129088672556658	0.00797831674440993	1.82761479035288e-05	8.36479246551691e-06	1.50177479198098e-05	0.0539006119698986	0.448762225082355	1.55012882833224e-06	0.0486622738917925	0.251296088893241	0.0342385196923759	0.00404748193485021	0.000299357436439394	0.00632973883595333	0.0108399777728365	0.000198439628055877	5.86274920773838e-05	0.0677045432693585
S1010	0.0524621827863293	6.23758453641523e-05	0.000444785409149556	1.82722876193698e-05	0.000164033744978376	0.00728531986573559	6.95557669770137e-05	5.87200009881952e-07	2.30962618488557e-05	0.00892553742074458	0.413359530734828	0.000108055505619351	0.0508588490564307	0.286682210614986	0.0394321116671061	0.00494030565248913	0.000139921879865585	0.0509685158286517	0.0132406635828332	5.55643753400627e-05	3.42139671334889e-05	0.07072431054596
S10111	0.0749406428879872	0.00441756328579951	0.000138690509787124	5.62492812977573e-05	0.000313762378162499	0.00398838520282026	3.24792967617229e-05	1.31389401971225e-07	8.64627624716907e-06	0.0698244861393755	0.390703993615068	9.1812220041231e-05	0.0650169352782066	0.25386310563766	0.0385708095176889	0.00751877604512753	0.00137393994286386	0.00832795890335397	0.00708328134879488	0.00105198685935231	0.000142362763193607	0.0725340012210087
S10116	0.0606732442839008	0.000101764164768548	0.000192076032211167	0.000147683440233194	0.00074473931274827	0.00979511242257466	1.19440969010374e-05	5.94792721509258e-06	2.25947045295672e-05	0.0438188849764283	0.331505509469262	1.14759307191729e-05	0.0378899338596949	0.335000015862311	0.0279465623216104	0.0132468264394385	7.01759954983917e-05	0.0571526743465146	0.00653032911553034	8.33401847623671e-05	0.000122756722068106	0.0749264083910791
S10119	0.0736140764277359	0.00651366921939913	5.78722324818129e-06	3.47923749067024e-05	0.000460110089615344	0.0128442819626906	2.43295667200722e-05	6.23178964794873e-07	1.74241064033509e-05	0.0133976534566978	0.38396241263299	5.02847402967099e-05	0.0559321340140907	0.273866821108847	0.036382228317039	0.00127798404976449	0.00350525383150526	0.0589763747580974	0.00414492156382994	0.000666714695836559	0.000150868850243463	0.0741712538310782
S10121	0.0713558332068397	0.00035589247663122	2.74849296905616e-06	0.000122055732257923	0.000166790861148472	0.00497115681281848	2.80783618684641e-05	2.69554843000945e-05	1.08621105150364e-05	0.0224016118217023	0.436431556637998	6.94609666925515e-05	0.0471292869119833	0.254830789587409	0.0413094924470571	0.00315958764887972	9.06514483249207e-05	0.0328988911061386	0.0129481451616153	0.000376926285541032	5.77343280663291e-05	0.0712554921092437
S10130	0.0651389741400591	0.00195583397840261	0.000231549115655908	7.61009427235771e-05	0.000611164484050009	0.0130407752521146	8.30498534671774e-05	1.54168538945863e-05	6.04042331531124e-05	0.0121820902071357	0.445635829371047	0.00012141970699461	0.0469899892333922	0.278685905750618	0.033707467379976	0.00598397122172584	0.000386510659650945	0.0153193357320074	0.00567036550205669	0.00439863933776087	7.70828995725137e-06	0.069697498754157
S10140	0.0684010304132164	0.000328559021831528	1.10344507425496e-05	8.04563527465028e-05	0.000376015593525342	0.0229518053347092	1.31191227644297e-05	3.27102837802097e-06	1.45394738458391e-05	0.0563106529277392	0.463065784772315	5.24705480135553e-05	0.0634649250900607	0.231382902071221	0.024737175631467	0.000215693742650185	9.54435460769963e-06	0.000248179114709583	0.0007358431939697	7.33230823372739e-06	5.32079933988189e-05	0.0675364574598543
S10142	0.0641824706167451	0.00501615967949918	2.57976490488962e-06	1.36212373440743e-05	0.000164239525777812	0.00685420624177291	1.00785578648914e-05	2.97479704551418e-05	3.97433142971498e-06	0.0957315657422341	0.381349869440429	3.02053714315014e-05	0.0558703525914318	0.27055205947876	0.0420516558609143	0.000417859647107016	2.72597538055801e-05	0.000182718733248294	0.00190603249497981	6.60606819900005e-05	5.4546130466794e-05	0.0754827361474077
S10150	0.0389126678299494	0.00219654616269981	7.14890259300557e-05	8.19930130228822e-07	0.0013830894276132	0.0100493303396097	4.34389041470106e-05	2.87054826470775e-06	1.35754537897111e-06	0.0417086420338044	0.486813401700914	0.000303269819243318	0.0436730691204982	0.273560391153492	0.0323792794830161	0.000200579691648421	3.61020035263268e-05	0.000206565088223458	0.00214469203048645	0.000210494338812575	0.00016846329467466	0.0659334405279367
S10155	0.0732809468799707	0.00166385880979835	0.000167857618111396	0.000525516594929549	3.16781831748716e-05	0.00858163247051991	9.87880743100272e-06	3.88809924077058e-05	6.16237411047456e-06	0.0377636620508881	0.413847839239387	6.43627136876074e-05	0.052288531983659	0.262512676303281	0.0405792553086659	0.0311743639363634	0.00012489468290091	0.00257136158863775	0.00302155274660236	4.79236436696842e-05	8.09207203681124e-05	0.0716162423514346
S1016	0.0516241822756621	0.00125903518159422	7.71789403124521e-05	0.000157505771746667	0.000109785735630746	0.00510358440704465	1.76213954656406e-06	1.3468818267343e-05	1.46063923754438e-05	0.0657558664790477	0.421980628413931	3.8213894393325e-05	0.0502758583413248	0.275137460170882	0.0476892258611699	0.000489751803297224	0.00159491119640051	0.0042925007266452	0.000689188187196096	0.000300181744126405	2.81453984783964e-05	0.0733669581209275
S10163	0.0438614609604768	0.000259788660664026	3.01074532902447e-05	6.98051547831169e-05	0.000489505715547678	0.00991774888354302	6.04050439638396e-05	2.15266742609615e-05	9.05642960403001e-06	0.000286694134225616	0.442126122463678	2.22811759539605e-06	0.0421703344519566	0.300322606863134	0.0248007120749826	0.00344957036794742	0.000250362506856497	0.0232858433096018	0.0388672359842698	0.00393053978269706	7.96952010890497e-05	0.0657086497658317
S10167	0.046868522081426	0.0099638580079801	1.81191316723188e-06	9.78429872893679e-05	0.00109298561859942	0.0119348365106271	0.000125801957860566	2.48019515320987e-06	5.09431403792127e-06	0.0651468248166597	0.413976035549531	7.12327553339971e-05	0.0495351066351717	0.280569595076336	0.0311639030946632	0.00107145290319346	0.000336921101385641	0.00272814282940122	0.0131511684760163	0.000115831589889147	0.000196523514714243	0.0718440280715639
S10168	0.0708943258634799	0.00038589218768987	2.24667629678987e-05	4.21915883451732e-05	5.88935170308925e-05	0.00338059098119745	2.54712665943176e-06	3.7506888649683e-06	1.88240120786986e-05	0.0949458283705212	0.387552678623053	4.17014300365644e-05	0.0485035974513132	0.273435992920989	0.0406754070278342	0.00258199393972386	0.00013629556425025	0.00185947523388379	0.00023951133385952	0.000711297174633212	0.000106704924342938	0.0744000332772447
S10173	0.0860986088251586	0.000390594471709969	3.80730005883069e-05	6.66799673919994e-06	9.58095013510033e-06	0.00766863983843869	1.59582141196561e-05	1.50795313120716e-05	2.51267043749325e-06	0.0403621629668151	0.384331121462304	1.53534825636396e-05	0.0393943732098831	0.267695103806067	0.0425195094126867	0.00825673551502886	0.00164157110216896	0.0374883677816811	0.00867934159024756	0.000175917965979123	5.38917176400229e-05	0.0751408344882957
S10175	0.0604977492880298	0.00303720383775687	3.75828894880966e-05	4.53334326398176e-05	9.89011082578668e-05	0.00866548394447731	5.19241493349035e-06	4.44518233114706e-06	8.12954382338131e-06	0.0511449928409631	0.447132115878248	2.52966637299251e-05	0.0514315726094755	0.257223809476676	0.0359668538283956	0.000112152578772429	7.45272826765543e-05	0.00616379417966893	0.00761710504142963	0.00151372784836857	0.000117353807894467	0.0690766763219638
S10179	0.0657416920454133	0.012051996473986	3.20545129435883e-05	8.19000529636013e-05	6.4046640249185e-05	0.0065446662786148	2.47003238540366e-05	3.61856527651535e-06	2.33164722579783e-06	0.0770917958287308	0.356600607893514	5.39648915459975e-05	0.0730786017673624	0.252888908179828	0.0415716947837847	0.000104413992418301	0.000429814495534686	0.00362011847070397	0.035647220365627	0.000127339706614788	9.9282390951168e-05	0.0741392306928569
S10186	0.100468991008174	0.00138184918545914	0.000105710812014022	2.29996335041197e-05	0.000128711869524855	0.00726394172968098	2.93848611806225e-05	1.15260996129022e-05	2.93174543984891e-06	0.0783951388855299	0.316452426869062	0.000217319502341832	0.0598738080053524	0.293835874453498	0.0474240044615527	0.000806942959538188	0.00132643255811512	0.00639165319234641	0.00677465342110449	0.000591675608617245	0.000129202617779419	0.0783648205205719
S1019	0.0710999274098007	0.00110831093921963	6.11067306936949e-07	5.16586101640424e-05	3.75681596257323e-05	0.00585514476087814	1.82398496485496e-05	1.51110934913621e-07	6.36570284138559e-06	0.0631619033592247	0.399627390859834	3.83493781897803e-05	0.0537639796447227	0.277899837470834	0.0401525110566423	0.00365740757621196	0.000824242106333785	0.00497997144465143	0.00268131941060353	0.0010430475719408	6.61242750607309e-05	0.0739259382353304
S10190	0.0851166499352538	0.00781559660734141	2.55022474570834e-05	3.53764390745098e-06	1.25161457453323e-05	0.00488834925522718	1.3737378471358e-05	1.36678575008788e-06	2.24241547882758e-05	0.083800279352155	0.38705435275085	4.19959899215735e-05	0.0568618302726607	0.241250018015352	0.0468469798716269	0.0035083658506964	0.00170984575855118	0.00335799666684771	0.0023985475438713	0.000114236460297089	5.61793395232693e-05	0.0750996919737044
S10195	0.0540250622794491	0.00487059458381427	4.50298360364068e-05	9.91658558536075e-07	5.80571177944219e-05	0.0108532577840985	1.24442034342897e-06	5.4973730547167e-06	7.47637016880066e-06	0.0412202090155048	0.443955653515021	4.55927258075298e-05	0.0569031459255384	0.269799409491369	0.0365687918254849	0.00049377442338436	0.00057437436497957	0.00445187993237381	0.00677922608614081	0.000384973013825895	5.16737756209283e-05	0.0689040844816305
S10196	0.0560010956078489	0.00602582524915235	6.19503516924507e-05	3.91466789923526e-05	1.82125985281606e-05	0.00366486662944538	2.08934405160235e-05	9.51312587308801e-06	2.19549842406475e-05	0.056982762088889	0.417754322961513	9.96155635749355e-05	0.0672810297907589	0.250165147927685	0.0464883950343736	0.0028425944555211	0.000606307285367574	0.013399526371046	0.00756676402102552	0.000117258371776873	9.92333120192947e-06	0.0708228941309773
S10200	0.0484410842097237	0.000804891461827708	9.54080276917665e-05	1.57725768450985e-05	0.000168968313712572	0.00288322445999656	1.03849578959902e-06	1.83150904680033e-05	6.60246464942913e-06	0.068516620856688	0.451442796511695	0.000125659050668207	0.0544985093856571	0.252743249341212	0.0411161723353201	0.000917040206955489	0.000204965726860096	0.00342911131084843	0.00582421873096526	8.62588254927949e-05	0.000151621325245784	0.0685084712916881
S10201	0.0479079039813049	0.000565984345828322	4.68715514103076e-05	5.51810668196455e-05	0.00110946338318575	0.00387604888827091	6.46630431389836e-05	1.77832342306695e-05	9.44856336532681e-06	0.0156977608469381	0.519544913299871	6.46289976438898e-06	0.04750748235531	0.262511174453417	0.0312734751921513	0.00202689769255333	0.000124319231557155	0.00156070219483302	0.00122741351757782	0.000650171129420346	9.55843298169479e-05	0.0641202947992353
S10202	0.062904795006878	1.67398747516316e-05	0.000135255247527666	5.49772083032731e-05	1.50518062886181e-05	0.00144702088068586	2.17912488995198e-05	1.69704416274108e-05	6.58264359928152e-05	0.0167226383135932	0.437831113683251	7.06312041142072e-05	0.0402285180462773	0.269961886888172	0.0407683013171177	0.0138132681104067	4.13113812530538e-05	0.0154631578845109	0.0299497965420286	9.80531932924078e-05	7.68851464827064e-05	0.0702960101385447
S10205	0.0667563333164423	0.00692895328901708	0.000138846393911259	9.08826513675815e-05	3.78864935379736e-05	0.00529817969579853	1.18482001285159e-05	2.52837844146863e-05	3.70672656097352e-05	0.0369920945262801	0.431330073051373	7.85960677963879e-05	0.0609941712136408	0.245446426930947	0.0359268181860492	0.0014941494852331	0.00089486153211583	0.00908366779965351	0.0284049487711128	1.91734419882013e-05	0.000364527266227679	0.0696452106373548
S10211	0.0469372950355771	0.000861329161907077	8.08392173033315e-05	0.000100312273810468	6.78515906418689e-05	0.0193861136389011	5.03571537453713e-05	4.9079711378169e-06	3.80147051234941e-05	0.0695422020289085	0.383466522329963	8.33153647782727e-05	0.0668014042681202	0.282430094287633	0.0494831609182966	0.000163051754219465	0.000164751657303895	0.00210707077634366	0.00128791526338526	0.000244245879868133	6.48902800521892e-06	0.0766927556950272
S10221	0.0640426011396066	0.0240271392061045	3.28847160974171e-06	5.7254007086836e-05	0.000170150974106977	0.0100395386533282	3.53245044718384e-06	1.12394832694629e-05	3.59819796131874e-06	0.0551083782457467	0.406803537540221	8.76565362224163e-07	0.055736610765715	0.2559046385466	0.035660898728157	0.00091986147465991	0.000160977305127557	0.010363455555608	0.00855566414557412	0.000550414257845842	0.000208030715634244	0.0716683135702271
S10222	0.0563658432275159	0.000331249602866032	1.85090205161194e-05	3.93645209938419e-05	0.00127945731486619	0.00622861995217366	7.33067597538827e-05	9.61495982139656e-07	2.30857050664089e-05	0.0506901540798774	0.439144046480108	1.27710248488104e-05	0.0536930240375908	0.281930297106284	0.037080703943579	0.000528159377184584	0.000188588826261094	0.0001420749210871	0.000399196478314987	0.000782697255696637	0.000268475067519171	0.0707794138019144
S10226	0.070812102653253	0.000567219318402956	1.82692954491245e-05	0.000168136335682026	5.28276038858943e-05	0.0041970880955538	9.49347045853836e-05	1.20211622452798e-05	5.10273308488306e-06	0.02786113040044	0.439515838395573	0.000178377996308978	0.0698537863894823	0.24456955578012	0.0394058324675159	0.000380078423478208	0.000195710628487658	0.00668953064153348	0.0256642356852452	0.000104065060440345	5.73386032989325e-06	0.069648422368902
S10227	0.0508988742872682	0.00642610022791089	0.000605044174546068	0.000242383680939047	0.000108507543969676	0.00845649105977609	2.58792460043123e-05	5.83489259109142e-06	2.99952241732872e-05	0.0434008179007467	0.4389332241447	5.53951857783264e-05	0.0593544400933699	0.272114419976987	0.0381234622619242	0.00300063150788201	0.000377018658116105	0.00557925324111307	0.00360959389625382	0.000724793609238536	0.000130514239968233	0.0677973249467433
S10228	0.0559302881634377	0.00295026051858879	1.72133435618828e-05	7.37243150715258e-05	9.25860362981444e-07	0.00813111312637186	2.0648886551944e-05	2.39703040872792e-07	1.06666626829595e-05	0.0591425635714768	0.431636380719536	5.86101111294654e-05	0.0568562473692154	0.260666154545634	0.0377393328090196	0.00563309877730018	0.000538764391477465	0.00828042226846294	0.001549242968483	0.000171518663644894	0.000174950768027876	0.0704176324569211
S10232	0.0746194125437272	0.000247495597192031	1.17458669103034e-05	5.03291562522859e-05	0.00014456722753282	0.0095908737145125	3.72123843433123e-05	7.45128779274019e-06	1.76941467450571e-07	0.0664196162061745	0.329911187235332	1.8347091348529e-05	0.0521797543869347	0.308555319104677	0.04705550058489	0.00508208265344921	0.000401383472931981	0.00837579579717588	0.0175493086298275	0.00020240012061934	8.4318915831891e-05	0.079455721081077
S10248	0.0731513414124484	0.00884241806699177	1.24828381694648e-06	9.47697519737542e-05	0.000171882525700905	0.0118750071240758	1.4255889966772e-05	4.0853227407922e-05	2.20489786763937e-09	0.0636153966089815	0.414604416806418	0.000104751998021237	0.0586149274376307	0.237156507709243	0.0434527106548201	0.00105950358093985	0.000356220636432383	0.00215126571320741	0.00966663572929249	9.98584227680401e-05	1.56376799854594e-05	0.0749103885349797
S10249	0.0543306380772893	0.00113068782167998	0.000117691282784167	6.87537710479013e-06	1.80869504899326e-06	0.0102541917639096	3.62786085445492e-05	2.99227216244003e-07	3.79976188684702e-06	0.0134505484828801	0.488118361073089	7.53444912984387e-05	0.0476483063034499	0.243036821344493	0.036121652427616	0.000554124146759495	0.00021249184692573	0.00585160469295953	0.0321476512987438	0.000227790459757306	4.03227177366373e-05	0.0666327100988271
S1025	0.0723124422682071	0.0037389133132988	3.63024460557195e-06	1.15050437687984e-05	3.95584017861429e-05	0.00397095670988626	5.86695122065811e-05	1.22219757234389e-05	7.74140020641534e-06	0.063664201813453	0.402501895894955	2.29820469388121e-05	0.0569442827628365	0.25409410467562	0.0426498352310813	0.00200958506278602	4.31327547731056e-05	0.0184209142211322	0.00591037611278728	6.32374734643124e-05	7.3530087614031e-05	0.0734462829928688
S10266	0.0417985851341374	0.00037260971229082	6.66898433774632e-05	4.54971805760269e-05	0.000156422748813558	0.012118992488431	6.17717884448391e-06	1.48107078054679e-05	4.75654008809032e-05	0.000944033904329543	0.458364940999013	0.000131901642508364	0.0446870953633394	0.283771753599783	0.0333048201905983	0.00816380731514237	0.000268151150247869	0.042147909185013	0.00573341868775709	0.000131941335177712	0.000209425120987331	0.0675134511109452
S10269	0.0763490546202733	0.000289701398945263	0.000132781177560721	9.30770318277027e-06	6.37298543715126e-05	0.00734502839138896	4.70385521466853e-05	2.99379904037669e-05	1.89293132994991e-06	0.0094845806293464	0.443427255383153	4.14603265465251e-05	0.0488984418473277	0.265641579970653	0.036123477533596	0.000467663757646664	0.000191263924384511	0.0388143498252186	0.000821446796688634	0.000249230354451796	9.59857845214753e-05	0.0714747912468629
S10272	0.0608337219133916	0.0120892423089942	0.000168110847261392	4.17002500992098e-05	2.14048923388322e-05	0.0144082553880717	1.31525500375637e-06	1.37139783190085e-05	3.43407863812071e-06	0.0218801262292142	0.450867784157361	7.73869855320763e-05	0.0501648944400057	0.264204076023551	0.0360426451115231	0.00113650853628787	0.000533419227185213	0.0117663674771278	0.00373790805398079	0.000831609022467845	0.000161403412145096	0.0710149724115005
S10273	0.063546321124952	0.00051786537437353	4.10719355762468e-05	1.29264778273955e-05	4.51174521641736e-05	0.00191857084828786	1.60480385914028e-05	3.49077279595969e-06	8.11334056656126e-06	0.0447441988826932	0.449358545494461	0.000116244987166455	0.0534753516006012	0.255255015134979	0.0359802811158284	0.00201424401036636	1.10723516440278e-05	0.0173468375630515	0.00594386743944681	0.000106736801856254	0.000286076562058132	0.0692520026907123
S10274	0.0646433585474088	0.00180336470851814	0.000134052785458666	0.000134640604041442	0.000111586710435044	0.0123025937378821	1.69330634181024e-05	2.89537835590257e-06	1.14821292074418e-05	0.0470485013333191	0.427868535304682	7.32511738660266e-05	0.0576842804264654	0.262874713200312	0.040854813614574	0.00113596555608443	0.000230794217782241	0.00512727027961201	0.00688903371748587	0.000246682406870719	6.57732306734857e-05	0.0707394778735471
S1028	0.0731424854721564	0.0211602738724846	0.000153994317061791	0.000105752920855035	0.000111840409879624	0.00427987541494615	1.85512754806572e-05	3.55671987188483e-05	3.91754632525417e-07	0.0542257339499393	0.433928438518553	4.41480539109669e-05	0.0529996804028155	0.224362570119247	0.0438818383410577	0.000854627087387209	0.00165655223486058	0.00130230677335599	0.0144718969646759	0.000335377372164843	4.23116013232054e-05	0.0728857859444929
S10280	0.0815266524900138	0.00429189128114832	0.00014128855988481	0.000132033825292141	3.99558634979832e-05	0.00775640865718928	5.31697104435244e-06	2.14741506980677e-05	3.80848407072444e-05	0.0496298572443071	0.424078298898443	7.41943176158861e-05	0.0429968003515247	0.238210711610335	0.0394927417048147	0.00284425920303257	0.000296824804566374	0.010526964365023	0.0268426064409665	0.000251415548543303	3.18284702302834e-05	0.0707703904011212
S10283	0.0888778429281433	0.00633832251193974	2.1564592698402e-05	0.000120186165110748	7.53439348673243e-05	0.00382319628909007	5.66209533540197e-07	3.6074488272637e-06	5.14694843462696e-05	0.10030863512274	0.359103155596217	0.000103671678438684	0.050241418828167	0.253323811066655	0.0434083241640591	0.0011245465643745	0.000388981400722162	0.0149987993092418	0.00212751079917898	9.73857262873205e-05	7.4651962602164e-05	0.0753870082167589
S1029	0.071606146411026	0.00165604751662039	6.83979188744884e-05	5.05631421718106e-05	0.000623589643300565	0.00949149762060068	0.000131824152267659	1.50088915593623e-06	1.4491937042919e-07	0.027030639865436	0.407400314458763	0.000177085828501789	0.0606213354658356	0.270190323316106	0.0361673180423376	0.00685645033663955	0.00021306000980039	0.0164703689455565	0.0181523521752868	0.00119594978394835	0.000305699179184875	0.0715893903792148
S10292	0.0723090145798752	0.00339311987097976	8.56667300769323e-05	5.56115254310719e-05	3.13755030873556e-05	0.00348866447868291	2.02951477163739e-05	2.64371187517527e-06	3.00157345922162e-06	0.0596594005598723	0.377666658161246	1.31033330693579e-05	0.0506977358457708	0.295255428389724	0.0414380901328749	0.00867506250972318	0.000469006854222534	0.00785040829791946	0.00102528317893739	0.00309022004115629	0.000142701315500957	0.0746275082587986
S10294	0.0743956451822947	0.00729957320643392	9.5638245406398e-06	3.12000025216882e-06	5.18976478995066e-05	0.00807802686329203	2.45717729206729e-05	4.74679414869242e-06	3.3929761617501e-06	0.0860026523796228	0.372106791007887	8.6396358151406e-06	0.0639001694016808	0.26216891492488	0.0401817209524168	0.00135510445581268	7.54998278491162e-05	0.00598671490224772	0.0025716489328712	0.000341364219889067	6.24518716299332e-05	0.075367789219454
S10302	0.0574369037262596	0.0013843321387377	0.00010319222901189	9.22851318425375e-05	0.000221353435846145	0.00606160427717905	3.52551079556821e-05	1.96045886214346e-05	3.58563362058083e-05	0.0861312249632044	0.402723673343529	0.000114725980404432	0.0586371288217993	0.272071378509946	0.0407330547269389	2.51173462470875e-05	0.000257344731821458	0.000233937213412563	0.000471773543655246	0.00052142139748675	2.05399171653417e-05	0.07266829253273
S10303	0.0614716524002193	0.000719483232176709	0.000104453339895375	0.000107769800912773	0.00108879614595344	0.00308981685776771	1.91206896916201e-05	3.85560062211124e-06	3.58510268753717e-06	0.0498141852045387	0.426232869752549	4.26653297611317e-05	0.0430229505485166	0.274437091952524	0.0396706152244338	0.000875281160608951	0.00104017076741051	0.0192429857085973	0.00699391556057925	2.08423154420362e-05	7.4164183084188e-05	0.0719237291220285
S10323	0.0623431369739005	0.000279777649017341	4.63866085033757e-05	5.34524924997442e-06	0.000224318997023392	0.00839170057658687	2.63747006881262e-05	7.92576926446848e-07	6.99156619692243e-06	0.0195055845105777	0.426375768304495	9.65740431526049e-05	0.0578518205660687	0.274558370520332	0.0361252506540992	0.00444752404945371	0.000176811460754222	0.0297794702774082	0.0093192258370904	0.000283872984801938	1.84485935133293e-05	0.07013645330016
S10326	0.0511266355425077	0.0105293104770994	9.36290741147194e-05	1.54861561433055e-06	0.000290877916395801	0.00580874706340066	6.08005073294285e-05	3.14530319621301e-06	8.00989736477311e-07	0.0384303679963621	0.440020478563087	1.1921195604082e-05	0.0617193615655591	0.243251246669236	0.0377234467003648	0.000262650796988139	0.000167182014855661	0.0354254899626351	0.00407379605239999	3.65483872722744e-05	0.0006657866756805	0.0702962279305611
S10328	0.0592779056230498	4.30952808454654e-05	1.35611744129631e-06	0.000111070492645597	0.000177421667832762	0.00453121204352237	2.15609491690021e-05	2.74086910839444e-06	6.70890264841252e-06	0.0784286710596963	0.408527984695643	5.44775811334564e-06	0.0421287066736857	0.276235407709033	0.0337759283294953	0.00242842298764379	0.00016125365630496	0.0219416204108652	0.000661986471643172	0.00104266046623829	6.78330109388535e-05	0.0704210048244357
S10329	0.0847854997334474	0.000200696471964891	4.85503696158639e-06	3.95242479182116e-05	6.40938802541112e-05	0.00460542615726007	5.09034873223796e-05	1.24499967879609e-05	4.3606553603021e-06	0.0632314576435548	0.403967090288226	1.14943349114166e-05	0.058297767938008	0.263997604042817	0.0384792100050094	0.00314930892643511	6.55158229162452e-05	0.00197953958156985	0.00413486142862562	7.44705279655842e-05	0.000105326679433707	0.0727385431132506
S10336	0.0491157852853688	0.000171723063431271	2.64117559150045e-05	5.43404235352333e-05	0.0002599748835267	0.00345542822345278	3.6089172589371e-05	7.80411844468063e-06	9.53212284664599e-06	0.0805884380975508	0.424754744528536	3.9416566700732e-07	0.0482770279741138	0.277616951160359	0.0397743068234999	0.00248882618827118	3.9642309006136e-05	0.000899015929588781	0.000356958458979336	0.00106047291549522	0.000475821997660453	0.0705303104021614
S10340	0.0725217452749123	7.35091897109178e-06	1.29054337971141e-07	3.93627733181355e-06	0.000557141847842596	0.00204452399299113	2.44568125459524e-05	6.05556491897916e-06	5.34656007459141e-06	0.0405032323142827	0.441613552702025	8.17446727545096e-05	0.0576802264468568	0.25384258788779	0.0402118305914079	0.0057664884771445	1.31027875743358e-05	0.00286793156528204	0.0109734800875764	6.92400357788888e-05	0.000275005690521316	0.0709308904370799
S10347	0.0575204032567225	0.000308296891207336	8.85513672977808e-05	6.20892498418398e-05	2.93652119241752e-05	0.00632061680476383	8.52164585246908e-05	1.67169402628369e-05	1.29190162249669e-05	0.0144699223358295	0.400007061444099	0.000201203512489019	0.0425967412365299	0.328523413421461	0.0360549165181314	0.0233895451821303	0.000379149546537803	0.011583162755608	0.00459532394156684	0.000286535169181329	0.000519279655600222	0.0729495700840656
S10353	0.0673921086974412	0.000424494115178196	3.82766386796938e-06	3.80020436682196e-05	0.000234560078929013	0.00291385370002306	6.54331936021159e-06	1.41855667022801e-05	8.13480099482248e-06	0.0564475683107863	0.42761152019041	1.73040448119459e-05	0.0567089323485536	0.272738800647814	0.0376962012614564	0.00306666275654808	0.000351272096678817	0.00106135619776679	0.00240255904861489	0.000201290855435006	2.57703254986974e-05	0.0706350519294598
S10356	0.0658020121741206	0.000627827242732995	0.000169835611622924	2.51410437262384e-05	6.74006488035872e-05	0.00650214474530163	3.58309046989249e-05	4.32880709058771e-06	1.89159644831365e-05	0.0452290549227621	0.401225141321108	8.03460848682621e-06	0.0468172398532691	0.302191138234569	0.0392215032757506	0.0099018701634704	3.33285061829218e-05	0.00856962997764959	0.000951857426740437	0.000320551586422972	3.52635481751719e-05	0.072241949432832
S10358	0.0531871121936254	0.00515853988541135	9.30772621976187e-06	5.82266518057924e-06	2.3026275063476e-05	0.0068043047313836	2.37558497182064e-05	6.5040522492967e-06	5.49829657106709e-06	0.0636954976958073	0.446989770371164	2.55138646229689e-05	0.0591086123484309	0.25503541530571	0.0342884500214203	0.00164165115446135	7.70940277187104e-05	0.00325454493312311	0.00247454116906375	0.0001456911818842	0.000115072650691378	0.0679242736004788
S10365	0.0609818898805804	0.000572227150827282	1.80552868177676e-05	9.19571307704318e-05	3.51063363958262e-05	0.00760435416704778	1.01407529957866e-05	7.22007920635649e-06	1.04179747257513e-05	0.0404919021596668	0.456725268801807	2.91252364273429e-05	0.0462617160570473	0.258835726340351	0.0415761052921208	0.00320596598791798	0.000145820501442532	0.00828495543123477	0.0051980696367468	0.000266741396324611	2.33681412497216e-05	0.0696238662582959
S1037	0.080569651129832	0.00301171213858048	5.85133457049706e-05	2.20664811719819e-05	0.000324168034896223	0.00381875846547366	2.71005256093382e-05	2.29131937800476e-06	2.86320282500841e-06	0.0763574812844266	0.346428189416812	0.000104260654843353	0.0521813267080711	0.28383747363721	0.0406838205362325	0.00855907341067716	0.000546638563811088	0.0175691991113112	0.00814223861133154	0.000662777961185592	0.000107920385985334	0.0769824750746307
S10373	0.0791797086652414	0.00299039085472259	0.000110129642868663	0.000108279140190629	4.64347142131439e-05	0.00435974140763338	1.3523606806505e-05	1.2698948127873e-05	1.11409123750318e-06	0.0619513606269828	0.393280551711543	2.18833838881766e-05	0.058430734168364	0.278254827005986	0.0381276473985828	0.00251659907225102	0.000208110468007749	0.00497629331148662	0.00255250036996959	0.000321956085452813	7.59259696824494e-05	0.0724595893567622
