B_cells	Monocytes_CD14.CD16.	Monocytes_CD16.CD14.	NK_cells	Neutrophils	T_cells_.CD4..	T_cells_.CD8..	otherCells
S10001	1.06611449033044e-09	1.03891537172281e-05	4.15723207556526e-08	0.0372112829487849	0.197675790611484	0.0346402945614981	3.29490842549107e-05	0.730429251001825
S10006	3.06755406425809e-05	1.06026080135824e-08	1.2652379851342e-07	0.0426400963969458	0.194854380625988	0.0310340085124335	1.98311916482642e-07	0.731440503485667
S1001	2.25335470179898e-07	2.08688020175851e-07	7.32786183619254e-08	0.0447455238843206	0.192310383048737	0.0313736473689076	1.08823803555336e-08	0.731569927513545
S10010	3.40175427315015e-06	1.69073135969735e-09	2.32371677344197e-06	0.0410098388576167	0.203822566568191	0.031165039812227	7.23382590929382e-08	0.723996755261928
S10011	1.13932682815773e-05	1.01725932706625e-07	4.05055888910441e-11	0.039815197082972	0.192823064986429	0.0352482902240883	1.44789606844923e-06	0.732100504775722
S10014	1.25899616919691e-06	9.9018400444975e-08	1.86319563958056e-08	0.0424923809029319	0.194508014604649	0.0317380347106496	4.09413230090334e-08	0.73126015219392
S10026	4.84239393631069e-09	3.11187962145464e-08	8.46453152484975e-08	0.0443124476151498	0.197185788644597	0.0306649759204194	3.59685563471895e-06	0.727833070357694
S10032	1.42934599965978e-08	3.90823803541279e-06	2.67064925808662e-08	0.0430415257323872	0.197049697023933	0.0313035770176942	3.45646531405594e-08	0.728601216423344
S10036	6.10578679359491e-07	5.93283802033152e-06	1.52361278681691e-08	0.04380618250548	0.197900969289459	0.0288111643120713	3.99226026015775e-05	0.72943520263756
S10042	5.97658175595255e-08	5.47354309658307e-05	1.34647956985046e-08	0.0435371055112074	0.19790987743793	0.0310198484639325	5.61919289161955e-08	0.727478303733422
S10044	4.3658413402547e-08	3.52419340211458e-05	5.73377355646854e-08	0.0426946529340587	0.199817939667955	0.0319127593801478	2.66067977192582e-10	0.725539304821601
S10049	6.00639973190728e-10	2.08668594070561e-07	5.14702510399747e-08	0.0425196821200102	0.197511145611257	0.0323338624942063	4.78826998891768e-09	0.727635044246771
S10057	6.41549114143514e-05	2.4427829225299e-06	6.26625593242632e-08	0.0411755314359629	0.184821662193962	0.0338450010594855	2.5076791086183e-09	0.740091142446014
S10062	5.97063600644198e-07	2.3338462266358e-08	6.94543115868576e-08	0.0404370372634186	0.195937067221846	0.0344886790444202	5.90399690476056e-09	0.729136520709944
S10066	1.86580258237043e-08	3.12026062934486e-05	0.00021780174787412	0.0381502001137657	0.206396141411068	0.0322715868741234	9.95664373793918e-09	0.722933038632205
S10067	6.75160633543467e-06	5.60893408447453e-09	4.23024969214033e-08	0.0437953277282298	0.192570074286856	0.0325731002782869	2.19315004751739e-08	0.731054676257361
S1007	9.42201295758976e-08	3.72279374912003e-06	1.22478332204322e-07	0.0422598747350904	0.194526999541018	0.0312230920725094	1.03832634547741e-08	0.731986083775908
S10073	2.07249767690122e-05	3.54967354959174e-08	8.1196943112605e-09	0.0420612474236143	0.195313534958073	0.0339315777584864	4.49450426995009e-09	0.728672866772123
S10077	2.02902996982615e-08	1.33885657709641e-07	1.10624102525626e-05	0.0398483965869241	0.195845361357697	0.0331811077689463	1.04062559993183e-08	0.731113907293967
S10080	1.91739106912325e-06	1.1739172293488e-08	1.28312012277878e-08	0.0426332053342658	0.195509148938538	0.0319254698468773	2.53794514689847e-08	0.729930208539425
S10082	1.37552321087031e-08	3.22155154162681e-08	2.56687714280883e-06	0.041395054528881	0.194076197408371	0.0346433646643794	5.45854843528543e-08	0.729882715964994
S10087	2.48351323428787e-07	4.44334925417078e-07	9.6425650423299e-08	0.0407749446012625	0.196398181900437	0.0339803654369199	1.82796873477849e-06	0.728843890980747
S10089	1.50830683323644e-08	3.83100152037903e-07	8.09398510786862e-05	0.0394614748533928	0.198367649613169	0.0329639792919441	6.95466298443164e-09	0.729125551252532
S1009	1.63947615809123e-08	1.43207250293637e-07	2.79600844154638e-06	0.0408291055029726	0.188045326847735	0.0362485321881536	6.1623625438908e-08	0.73487401822706
S10090	5.74776521691732e-07	1.81816878691921e-05	0.000197864694590288	0.0430502007981277	0.202020818340454	0.0272872527049198	1.41849376209908e-07	0.727424965148141
S10093	4.44286823196323e-05	2.42612255442777e-07	3.29600130884729e-08	0.0429731709383353	0.190301800607875	0.0311053392701331	1.76322862121059e-09	0.735574983165839
S10094	8.26292321829232e-09	1.56801459264915e-07	1.07677608705174e-05	0.0434268880427892	0.198601226742081	0.0309613381015673	7.27645933844029e-07	0.726998886642376
S1010	7.63898185511428e-10	8.44970591797555e-09	2.79186400860657e-06	0.0390165571684423	0.195336320474134	0.0345122832146213	3.13485969581221e-09	0.73113203493033
S10111	1.78579718645002e-09	2.7882752902529e-05	1.66565295277979e-05	0.0422568554858804	0.19431437500674	0.0343447788477914	3.8028075539232e-05	0.729001421515821
S10116	2.20234305694961e-06	7.44367118587712e-08	9.03116884268438e-06	0.0402997673753652	0.182216265023512	0.0373691449560173	2.78061874559381e-09	0.740103511915875
S10119	1.39958410247941e-05	2.93859940000249e-09	2.57939251871294e-08	0.0415609049374436	0.191354793549693	0.0348295069478762	1.25108324332194e-06	0.732239518908194
S10121	2.01576791888397e-07	8.2982004190032e-08	5.07135384458621e-07	0.0418756126623422	0.197489234000578	0.0318507921300931	5.4682655215723e-08	0.728783514830151
S10130	9.85802712814203e-05	7.24645519209729e-09	5.46081223709307e-08	0.0401899970014796	0.198523336573045	0.0319936836332641	8.99115352656863e-08	0.729194250754817
S10140	4.08538540420955e-06	1.19229792579842e-06	2.84885480208516e-08	0.0421299387940655	0.204482059698312	0.0300128434888595	9.80634669488646e-09	0.723369842040539
S10142	4.33036050124057e-10	1.79849606438171e-08	2.41050563006119e-07	0.0452647182060737	0.190732523168129	0.0307980313325781	8.95779441886765e-07	0.733203572045218
S10150	2.8694579878969e-08	8.63230819411534e-06	5.53345134604009e-08	0.0399077030061432	0.206542937294889	0.0295950134955871	4.66436091582969e-07	0.723945163430002
S10155	4.03593224656795e-05	1.40580302053575e-06	2.92228484125149e-08	0.0405799369792509	0.194684774961349	0.0347655053633095	6.65010342060881e-09	0.729927981697653
S1016	4.31030732464664e-09	8.77230316771920e-09	4.88332162685673e-07	0.0457149315326898	0.19516663089475	0.0277206680738925	8.18941170902744e-05	0.731315373966805
S10163	1.87076636777183e-08	1.30578685132238e-07	5.94382535126839e-09	0.0383916278827652	0.195696686388832	0.0347964278844535	3.14839213583377e-08	0.731115071129854
S10167	4.74834252231575e-08	3.63503907661416e-08	2.1716974234046e-08	0.0471149453253341	0.192188501254066	0.0282197982664345	3.15126886538762e-08	0.732476618090686
S10168	3.27292989935757e-06	6.95036381917183e-09	4.93155052024133e-08	0.0441387687084553	0.191823269137078	0.0321358085258274	1.2807342446297e-08	0.731898811625528
S10173	7.72642343657962e-06	7.39440771270323e-07	9.53255012314317e-09	0.0417885288359189	0.189098915396347	0.0351959986756986	8.09142827120589e-07	0.73390727255245
S10175	2.7556156843653e-09	7.67372440555575e-06	0.000191841123314457	0.042093762637418	0.197772543639226	0.0318356825164341	1.12718341328344e-07	0.728098380885245
S10179	2.67131958223301e-08	1.03291990296076e-08	1.69813955789683e-08	0.046343346603878	0.189985622648568	0.0316622050177363	4.33538084541297e-06	0.732004436325182
S10186	6.99583672050321e-10	2.84515607715134e-05	4.84456231188154e-08	0.0436757595085429	0.18357292225563	0.0343420450433638	1.47114069510309e-07	0.738380625372416
S1019	4.63622360613096e-08	3.36622962028592e-05	1.3600275205101e-06	0.0416045118227127	0.192249620901535	0.0330300773536829	2.85476599453414e-07	0.73308043575951
S10190	9.27252075233135e-08	3.95065100267522e-08	2.55287860004094e-06	0.0442702701358202	0.19374465803557	0.032847083227884	1.31905602726474e-08	0.729135290299847
S10195	2.30105457181286e-06	9.98606360344483e-09	8.24755958931616e-08	0.0411472388488645	0.199092541535864	0.0314913379342563	1.91451679234245e-08	0.728266469019616
S10196	2.95055620149688e-08	4.11702170648438e-09	1.27100193081373e-07	0.0431840712339614	0.197102883500795	0.0323113954221538	2.74497294129122e-08	0.727401461670583
S10200	4.79972469179926e-05	1.14138125906457e-05	4.48727828984528e-09	0.0431486984213717	0.199211427828937	0.0304269177896775	1.74661140158347e-06	0.727151793801825
S10201	1.85416445519648e-08	6.22117053478457e-06	1.66616435236567e-07	0.040599876641166	0.208993072728291	0.0273905026371368	7.81049268167601e-06	0.72300233117211
S10202	4.96059015263177e-09	6.94279317570386e-08	5.89097021568618e-07	0.0433348132303962	0.197258600010587	0.0302144688339578	2.27351595048388e-06	0.729189180923565
S10205	1.12043873523184e-09	3.56851923263255e-06	2.10707716043983e-08	0.0426295496223916	0.199197957643917	0.0318519332725215	4.0993110920739e-08	0.726316927757616
S10211	5.50212253812168e-06	1.08665865566881e-08	4.53711107257058e-08	0.0442037037519363	0.190314713528272	0.0297481934365232	0.00023953299476778	0.735488297928266
S10221	5.95630284883662e-08	3.27500251135214e-08	2.25153785267174e-09	0.0424696075519742	0.19588730222179	0.0330047391775378	2.55165738756938e-08	0.728638230967533
S10222	2.74716763660082e-08	5.34022239006869e-08	1.90278782857137e-08	0.0404629332854952	0.200165893317525	0.0311365849552578	5.75539204908413e-10	0.728234487964404
S10226	3.64099982798453e-08	9.91111227561632e-08	6.9629030269617e-08	0.0410617060203525	0.201745306306367	0.0315891755453518	4.02789460159914e-06	0.725599579083176
S10227	1.58943843260425e-07	4.19683513818349e-05	9.40528550429633e-09	0.0419905633528385	0.19881965424151	0.0309562828339471	3.07131450508639e-09	0.728191359799879
S10228	4.02702470955046e-05	4.12270041423992e-09	6.8188544318374e-06	0.0414209141213566	0.198249572800846	0.0328126167001581	2.97188290066013e-08	0.727469773434583
S10232	1.2606615926202e-08	4.7472575486458e-06	7.64485457878182e-08	0.0421963308757583	0.18163658407857	0.0359983912300363	1.02916371357133e-08	0.740163847211288
S10248	2.15951528689305e-06	0.000119075905460593	2.58298660043228e-07	0.0443531778452993	0.193873299649194	0.0313503210575844	1.71015831256635e-06	0.730299997570202
S10249	8.53945091080627e-08	1.77398611345099e-07	7.37961338185723e-06	0.0397382214273493	0.203156183389868	0.0320487340883844	2.56154133563491e-06	0.72504665714656
S1025	5.12407644016161e-08	4.73758396244742e-05	1.67489740773904e-08	0.0453145365544271	0.194047395012365	0.0304168804211849	1.74453629157325e-07	0.730173569729031
S10266	7.23968182819311e-09	2.34720290566712e-08	3.65633828580263e-08	0.0388437431723209	0.201750784527195	0.0325910367758316	1.42857144859229e-07	0.726814225392414
S10269	1.17780343739756e-05	1.27614012108229e-08	3.09882769874962e-05	0.0415861147276824	0.199350314099869	0.0304901344396794	1.33940982396856e-08	0.728530644265908
S10272	1.55848255761913e-07	1.3492044722584e-05	4.7833548829849e-08	0.043004425034015	0.198875225355545	0.0291400844914474	8.28408752518701e-07	0.728965740983713
S10273	2.95074734317217e-08	4.20345034033088e-06	5.4855867714951e-08	0.0422680325225184	0.200052687216283	0.0306275422714678	2.42867631011354e-08	0.727047425889287
S10274	6.36356670868926e-09	6.6764073990517e-08	5.00841091528349e-08	0.0439307655353799	0.196331459003568	0.0307426754581229	1.96282147569845e-09	0.728994974828358
S1028	8.08237039474482e-09	4.14467752202686e-08	5.55704886435467e-05	0.0439531693317169	0.198754046129771	0.0307812869193302	7.64549793803705e-08	0.726455801146413
S10280	2.74407293000718e-05	3.14261263139449e-07	6.06755202432645e-08	0.0423293522209362	0.196798395050563	0.0315065959806735	2.40718262076432e-09	0.729337838674561
S10283	6.65327334432572e-06	9.07538051414267e-09	3.09037535930363e-07	0.0425587128498778	0.190160365479201	0.035130653079625	2.18265624433858e-06	0.732141114548791
S1029	1.98578980064393e-05	1.36362589625897e-07	1.14727174937353e-07	0.0409480812157279	0.195583284741473	0.0332178711950366	3.20990475986579e-08	0.730230621760944
S10292	1.97719233563819e-08	8.36058855758084e-09	1.00083802285073e-08	0.0413637541793294	0.189068918386681	0.03450159727345	1.27820008443579e-05	0.735052910018804
S10294	2.40727072610931e-05	1.17103552156392e-08	2.67469970918011e-08	0.0447396514331873	0.191495106672551	0.0317458242548724	1.23549646333149e-09	0.731995305239279
S10302	3.09151834587623e-09	1.52427185663737e-05	6.6492729832159e-07	0.0418597001728934	0.194878573951286	0.032832691908263	4.21722984691351e-09	0.730413119012945
S10303	8.1600250337795e-05	3.05336682302955e-05	1.65459348336505e-07	0.0415124252767087	0.19399092791189	0.0329848608856448	6.97319252722486e-09	0.731399479574648
S10323	3.54006241811725e-09	8.01544875691421e-09	2.79730893092698e-07	0.0406235979984112	0.197925699934226	0.032157143581798	1.39391174876295e-07	0.729293127807985
S10326	1.22533408271266e-09	3.93453721810523e-05	2.83359186350611e-07	0.0442230829243237	0.19962008545886	0.0289509869798115	7.06682441360962e-05	0.727095546436167
S10328	1.88472576153935e-06	1.68305795275688e-08	1.0598451621106e-07	0.0418109790933867	0.195605036466818	0.0329466003962291	1.58272867026003e-05	0.729619549216006
S10329	1.82535184218275e-08	6.95337076573401e-06	2.40211179337302e-08	0.0427671447842485	0.196083961093219	0.0318719538408009	3.25654191034034e-06	0.729266688094419
S10336	8.96686581208254e-08	3.22294397385912e-06	1.69285350552348e-06	0.0423743613370901	0.195869323371113	0.0317614189625186	1.38879112625399e-08	0.72998987697523
S10340	2.13676449850364e-10	1.55311974006193e-05	1.58673674587263e-09	0.0408547136228755	0.198888913865283	0.0328431715826246	1.89306434841878e-07	0.727397478624969
S10347	1.94617933847858e-07	1.03248620889405e-08	7.4116353535781e-09	0.0399401342237269	0.190179089146735	0.0326954534675764	2.68149084660842e-05	0.737158295899064
S10353	1.46908804387438e-09	4.05269433891128e-05	4.7491260266824e-10	0.041237988832601	0.196083573245334	0.0330146150115867	6.96583264941664e-06	0.72961632819044
S10356	8.3812025431529e-06	3.01147258642087e-08	0.000204870312192355	0.039031150710316	0.192988948705595	0.0347838718627391	5.89399092251891e-09	0.732982741197898
S10358	1.81768308203289e-05	4.45996372309114e-09	2.49067243904235e-07	0.0410871180321309	0.200876263721072	0.0317124412093256	2.99112123190436e-06	0.726302755558211
S10365	4.60468988846719e-10	1.18482768833067e-05	1.39325544753432e-05	0.0412301106158607	0.200618294509068	0.0310012049158452	2.5365715723771e-08	0.727124583301682
S1037	1.32463348393915e-07	8.10736918892088e-08	4.60076756723459e-06	0.0437796695031407	0.187567979368744	0.0343451200671545	1.10637325305527e-09	0.73430241564998
S10373	7.34158985407078e-08	3.53496346922634e-08	1.89874134173002e-08	0.0433594033552252	0.192018618009657	0.0321492737016525	4.77097906641385e-05	0.732424867389855
S10374	4.50607763335181e-08	3.42916821917983e-08	9.94007776088389e-08	0.042150802321456	0.192640454361311	0.0317133720252773	2.79819664310216e-05	0.733467210572289
S10375	6.26817555644344e-08	6.26919363222629e-06	4.26843525642215e-05	0.0441592897111151	0.196331822660627	0.0306366960365507	2.08940050280684e-09	0.728823173274355
S10377	2.43801248121007e-08	2.2469080074637e-07	4.04668306348388e-08	0.0428010818578184	0.18616735412655	0.0326148729965808	8.17454003276728e-09	0.738416393306754
S10378	7.81850860305103e-08	1.0404587977237e-06	8.45022010381806e-05	0.0441210384682134	0.195575722994097	0.0322120057139521	2.76328045929472e-07	0.72800533565077
S10390	4.29460034306784e-08	2.19782438820697e-06	1.35398618678443e-09	0.0368152607580648	0.19003521774513	0.0349604788771672	8.8739390493537e-07	0.738185913101356
S10391	6.49508144297045e-08	4.75787449912998e-08	2.23331401101344e-05	0.0426796716003286	0.191254631678817	0.0316113396742334	9.48513192373289e-09	0.734431901891819
S10393	7.33080999498995e-08	1.38958762980266e-08	1.19009804553979e-07	0.0457149658068081	0.191893908119116	0.0311793428434814	1.09002780111837e-09	0.731211575926786
S10400	9.87449603825255e-09	8.15055793394668e-08	9.82542012763571e-05	0.0397791136515998	0.19708622619649	0.0333581577168191	7.91565465277393e-07	0.729677365288274
S10401	7.93728681484564e-10	1.69465854519079e-08	7.12336592219627e-05	0.0408994857063469	0.194285090632374	0.0321848775962315	7.33280888199646e-09	0.732559287332702
S10406	1.98920224778842e-06	9.33802836624852e-07	4.08750767642907e-08	0.0408274875479988	0.202126643691197	0.0307319953078317	6.58138585863535e-10	0.726310908914672
S10408	1.05639443906561e-09	3.70669975760505e-07	3.83048238921203e-07	0.0412326247479297	0.198410472153109	0.0317823588808894	6.32786649185611e-09	0.728573783115597
S10409	0.000112844417884167	3.60534532707803e-06	1.6355295515131e-06	0.045618089847078	0.190772797009526	0.0314287599329202	7.27323231983914e-08	0.73206219518539
S10418	8.84525322169168e-09	5.57188911094824e-08	0.00027675382324881	0.0389758515976604	0.198337700241114	0.0292402561486233	2.92285764429002e-06	0.733166450767565
S10431	8.03099174711858e-08	1.89770680580454e-05	1.24861648299229e-06	0.0385654606161408	0.198585388325117	0.0348100427124017	7.9989557244464e-08	0.728018722362324
S10438	6.70881180455469e-08	3.60525101008872e-06	7.2531927199455e-08	0.0423997411785085	0.193925381682994	0.0316921553801257	2.22540712458374e-09	0.731978974661909
S10439	1.17830968331382e-08	1.87694886813578e-06	8.48856020170076e-08	0.0429977672602434	0.195999846113632	0.0325877017232294	7.28413537594392e-09	0.728412704001193
S10441	1.39876072368796e-07	4.50166237718326e-05	1.17125026024809e-08	0.041700973595339	0.202648999234855	0.0292871294254215	5.06257231478672e-09	0.726317724469466
S10442	3.52803951146121e-09	1.52506611491821e-05	1.18151560922085e-08	0.0410398310529496	0.197370521860611	0.0330927168559895	1.20211219626386e-06	0.728480462113909
S1046	2.42008535174662e-09	3.03657587059266e-06	2.23929502262016e-07	0.0407971026935449	0.20339924450033	0.0316617743561531	1.48463371453556e-08	0.724138600678177
S10478	4.42690208966307e-08	1.6546487132852e-05	3.8206913290834e-08	0.0392492894383872	0.207640823282573	0.030724159220121	7.75845406445242e-09	0.722369091337398
S10480	2.50857935473443e-09	1.06006455398504e-08	1.16590884393704e-05	0.0442101664510048	0.184620507032901	0.0320572580832774	5.9005923146078e-05	0.739041390312006
S10484	4.26129722331621e-09	9.37991670911676e-06	4.13386039805101e-05	0.0408096916331105	0.199057970565408	0.0312220473529873	9.1771511920962e-08	0.728859475894995
S10492	2.88974626362173e-06	3.93792714119105e-08	3.65624263391856e-08	0.0447222674389728	0.19537402978489	0.0308723716454155	3.90114292858181e-08	0.729028326431331
S10496	2.75269521161096e-07	3.56725009126931e-08	8.84754411070676e-05	0.0430257753806647	0.193205636903085	0.0330347665237	1.67816993528824e-07	0.730644866992428
S10510	7.86433224945637e-09	3.11113037402172e-08	4.51285378245476e-08	0.0416299843971577	0.193228730444774	0.0321502656468819	6.37452352970705e-06	0.732984560883483
S10513	3.79054658556134e-07	4.01606197020599e-08	2.03624419292927e-07	0.0401499435388317	0.195661085712236	0.034440900004456	4.59790477270863e-09	0.729747443306874
S10516	4.25780971736837e-09	1.14207618844231e-05	1.36652328092455e-08	0.0420304873813708	0.196260959518996	0.0309291226335315	6.81277040366239e-07	0.730767310504134
S10534	4.67736044208033e-08	6.72588975381062e-09	5.95158928935555e-08	0.0424946885502902	0.194138784172082	0.0329950620447157	5.1575631234496e-06	0.730366194654401
S10535	1.49400749059455e-05	7.76333296972605e-05	1.89984043576521e-08	0.0439304030093954	0.188937919977377	0.032786863784646	2.65007595151482e-09	0.734252218175498
S10537	7.23596280748515e-09	7.77522570329387e-06	7.20360244136813e-06	0.0421882834845445	0.197894684985129	0.0315673507722243	1.12981355903384e-06	0.728333564880436
S1054	3.63877886771824e-08	1.64049696550707e-07	6.49950852942236e-06	0.0424742523561635	0.190294906358314	0.0322532220229969	3.00091398015266e-09	0.734970916315597
S10543	2.31798347570375e-08	2.66244829402367e-06	1.60002412176366e-09	0.0445883782121433	0.195682347376029	0.0298672192912004	1.55313879536558e-09	0.729859366339336
S10546	1.9856690471351e-08	2.16651248665122e-08	5.76374983120259e-08	0.0445618332455516	0.193633432463495	0.0299734018707989	3.16881093555082e-05	0.731799545151485
S1055	1.32246335730022e-06	5.79435232266055e-05	8.93940979655893e-09	0.0399672430032836	0.204119601451947	0.03087237035978	2.66319681713949e-09	0.724981507595799
S10551	7.50812645497466e-09	7.98193232942908e-07	7.17802801910323e-05	0.0400976164717369	0.194588934809819	0.0333771507583558	1.65263875747717e-08	0.73186369545215
S10552	3.75671006278674e-06	7.32711886095708e-08	4.23579901807498e-06	0.0412962250315445	0.199087366501062	0.030035585854084	4.22805653030342e-10	0.729572756410234
S10555	1.27532666580505e-08	4.82885007933305e-07	3.40192935287541e-07	0.0457118853987862	0.192762831333808	0.0317218387540679	5.74201019484635e-09	0.729802602940118
S10559	1.12761659202377e-08	4.09644171330952e-06	5.50894161114519e-08	0.0416898298359855	0.198729676695555	0.0317070922280656	1.63336178169607e-08	0.72786922209948
S1056	1.47277616885024e-05	6.10472014195181e-08	9.3808022499056e-08	0.0419880356619675	0.192876223874593	0.0340244554347461	1.86375183606894e-08	0.731096383774262
S10563	8.06917458928063e-05	1.43251142918664e-09	3.80050939486726e-07	0.0422835562978533	0.200107000719424	0.0311052781947056	6.91087822292547e-05	0.726353982776445
S10574	1.72362660998179e-08	4.66200891152313e-06	3.31864318700397e-08	0.0453729402527202	0.195089372380327	0.0302323395277493	1.02727796755769e-08	0.729300625134814
S10576	4.99233084745261e-06	1.42846349386142e-08	8.20007459987207e-09	0.0430541377732588	0.201945141112021	0.0283353994114466	1.41456424197148e-08	0.726660292742075
S10578	5.36365148207337e-08	3.11858478049122e-08	6.52425161387023e-08	0.0443000420148467	0.200172608893902	0.0279922417087847	0.000144998610893277	0.727389958706695
S10579	1.91147643780389e-07	9.55324355352905e-09	4.1952224082636e-09	0.0426436432823253	0.201216685314807	0.0303814417384066	3.41644969930971e-06	0.725754608318652
S10582	2.14736868676276e-05	7.10768656918131e-08	6.64791362550233e-09	0.0439772017739142	0.200378122714883	0.0301506111486778	1.09387763217608e-08	0.725472502012101
S1059	2.13736950407687e-05	1.08959246939445e-07	5.15036104210407e-05	0.0431825975106689	0.198030279659999	0.0317612304376434	8.43635112661771e-07	0.726952062491867
S10599	1.25849841083859e-10	7.07008933191275e-05	2.72119600946444e-08	0.0417904337536589	0.201237679717272	0.0322582758341271	4.90223504774625e-06	0.724637980228765
S10611	3.61935581794866e-08	6.35898131663178e-06	1.35338156949401e-08	0.041186905648331	0.200229568103166	0.0318907871299951	2.4519317023868e-08	0.7266863058905
S10614	7.07997113916478e-07	4.53128026385024e-09	1.64214171265935e-07	0.0405156123113638	0.202585395201012	0.0321232602133768	6.16613826019338e-06	0.724768689393422
S10624	4.67041051851913e-07	0.000139715649450383	1.67890679768917e-07	0.0412475962721977	0.194644433479087	0.0321166184443249	1.53499159166594e-08	0.731850985873292
S10632	9.47532113785925e-09	1.76853299398379e-08	1.49641103866958e-07	0.0400960416764575	0.194243018018472	0.0325572590258877	2.76094291930904e-07	0.733103228383135
S10634	2.98073467875968e-08	2.81340844809018e-08	3.17131889663753e-08	0.0423359854335396	0.195628154473217	0.0322203327557651	7.76981070450861e-06	0.729807667872153
S10638	3.5150692925599e-09	6.78494508163948e-08	7.13351405543517e-05	0.0398061856027075	0.19978974197414	0.0318757777340104	3.75094295398553e-06	0.728453137241114
S10644	2.98416875786832e-05	1.68999384156092e-08	1.22983984899576e-05	0.0423490050321577	0.190525504208552	0.035003320065051	2.27149185184586e-08	0.732079990993314
S10649	1.85887329405268e-08	1.96088661456478e-07	8.74256796499575e-08	0.0420999379903214	0.207251073634138	0.0290274451967841	2.09649758142023e-08	0.721621220110707
S10652	0.000242105820460343	1.36759317792762e-05	6.22496313670461e-07	0.0432753254018673	0.20035319368036	0.0276473866033205	1.05702540534399e-09	0.728467689008873
S10654	1.26110643646262e-05	6.61891694185205e-10	3.12225691018114e-07	0.0471745490450236	0.194229851144528	0.0281772003639501	2.72185296067632e-08	0.730405448276022
S10655	2.60961871387329e-07	1.77906412054736e-09	7.91820313054887e-08	0.0427770792244764	0.195661884057357	0.0320442768956109	3.28775101588536e-08	0.729516385022079
S10656	1.32613327348875e-05	9.93677806712796e-07	1.56490553810488e-08	0.0444851232032258	0.196493225551284	0.0313883751409416	1.09207138668466e-08	0.727618994524238
S10657	1.29216167181559e-07	1.85219722287744e-07	0.00040229039976042	0.0413762850054696	0.194787210358114	0.0311074755414658	3.34300974633805e-07	0.732326089958326
S10658	4.7996447322166e-09	2.5160375171227e-08	6.53603778100271e-07	0.0443496630604487	0.198611846961968	0.0309052558721083	2.99630296144371e-10	0.726132550242046
S10660	5.54454084062898e-09	2.68361875860735e-09	2.33260496763778e-05	0.0436701128780179	0.181965763277637	0.0338428567059465	2.56305127673855e-08	0.74049790723005
S10661	1.24434321151483e-07	1.31959285419977e-08	4.44738624596912e-08	0.0416900691706629	0.194290557762668	0.0337377502032636	1.54543836812635e-08	0.73028142530491
S10676	2.88211109226794e-08	2.63176424083516e-06	5.80222824693281e-08	0.0450023190947293	0.201942416111927	0.0282356036412323	3.53583749979358e-09	0.724816939008639
S1068	1.90441418737584e-08	9.74198290367067e-09	0.00010003318933629	0.0429928397989512	0.193348089552756	0.0323929231038197	4.40572163809591e-06	0.731161679847373
S10681	7.04894322536738e-09	1.34371998295684e-05	8.3380266546756e-06	0.0436132396074085	0.194500904185483	0.0289409744826117	1.19980240195486e-09	0.732923098249267
S10686	5.79086750952471e-08	6.20628725868677e-09	6.13493155610511e-07	0.0416281360258469	0.195877497678195	0.0313741409273041	3.09663896730869e-09	0.731119544663897
S10688	4.0479096199775e-06	7.83286593250146e-09	2.66140242219898e-08	0.0410342203384942	0.195478425733078	0.033834358173183	1.82242190665149e-08	0.729648895174516
S10690	3.17189112352379e-08	1.26655292423561e-05	9.81591374810599e-09	0.0427166558696557	0.19271237223069	0.0303468412046671	4.41135012278914e-07	0.734210982495908
S10698	3.95001220162972e-07	8.83902294033123e-09	4.86302959695616e-07	0.0417084739285777	0.190835670778294	0.0348940921753767	3.3494821216017e-06	0.732557523492427
S107	2.94181800656994e-09	8.77608233737135e-05	2.57688115750463e-07	0.0427764929923302	0.193964269656385	0.033315112648933	5.23106828111124e-07	0.729855580142216
S10703	1.44642121443703e-07	0.000107787052626126	3.58826705935647e-06	0.0436604438949347	0.192431445435716	0.0329230243791635	3.35879275196269e-08	0.730873532740451
S10726	1.69162134246661e-08	1.26025897029347e-08	1.74999864236228e-08	0.0398875297380908	0.195491237714099	0.0346545507305136	3.96216947614637e-07	0.72996623858156
S10729	8.13171779342532e-09	1.97683363534557e-05	4.83841294372092e-08	0.0409656058678891	0.19434198443268	0.0322284327587478	4.4774872822367e-08	0.73244410731361
S10733	2.43076261751666e-06	4.44115564160172e-09	6.61923571762586e-08	0.0438446665845453	0.19911709589928	0.0305829559267043	1.38662262179798e-07	0.726452641531078
S10734	2.5328803624617e-10	4.27800134578735e-10	7.07788267861329e-07	0.0422005291154912	0.189794215526582	0.0339452307151755	9.77428887665167e-10	0.734059315195967
S10735	6.00625007444583e-08	1.67844076425001e-06	1.70696103805746e-07	0.0405921791913654	0.195933887528409	0.0330796647651877	8.21046901712683e-10	0.730392358494622
S10740	5.42146161133953e-08	3.95416089650331e-08	7.14200112681861e-10	0.0386186710615001	0.19937409989485	0.0344807686154379	2.95629545097037e-06	0.727523409662336
S10745	7.37607218850826e-09	6.07029299467784e-05	6.72780874294609e-08	0.0439544169318382	0.205677259570045	0.0264327874967814	0.00013644733700296	0.723738311080226
S10748	6.71072582291692e-07	1.51684753962842e-05	2.03316640672357e-05	0.0418728578977905	0.193180333300912	0.032012406506342	2.23393255575132e-07	0.732898007689654
S10753	6.21075171775979e-05	0.000108108822582288	7.61859468398739e-08	0.0396605820452797	0.199317584848996	0.0340622991920557	2.39108342141359e-08	0.726789217477127
S10756	3.07628614989193e-09	1.72006220028985e-07	3.13115984173235e-08	0.0439091050409933	0.196396228252949	0.0311339614736459	2.74305161284141e-06	0.728557755786694
S10757	3.90224317579268e-06	5.93817877920057e-07	5.02395461445396e-10	0.0426242588162623	0.190031649654263	0.0339350093681554	3.51543298015407e-08	0.73340455044354
S1076	1.08350703292088e-05	1.98768877775678e-08	1.78135319802356e-06	0.0404690442469628	0.194441596559719	0.0344858348234895	1.06067955208911e-05	0.730580281273893
S10764	6.83780136687858e-05	2.02091346213822e-06	5.04202836235772e-08	0.0408531088497646	0.196541410543267	0.0312824110284692	3.46977070927576e-09	0.731252616761314
S10767	1.29353115132297e-06	9.43444566767801e-08	1.62665388429203e-08	0.0446583759834422	0.18560240153975	0.0328567422457236	1.63903031209169e-08	0.736881059698635
S10776	1.97890276979401e-09	1.18742921255193e-07	0.000116532161287384	0.0420609143760449	0.200945257924112	0.0316454524351233	4.6310004154372e-08	0.725231676071605
S10778	1.8447268070543e-07	3.84627630710087e-08	6.64851309394539e-09	0.0400696939040365	0.20226205672641	0.0332209320443127	2.8272520694765e-09	0.724447084914032
S10784	2.82677777576755e-07	7.35231503908537e-05	2.14507995350511e-08	0.0412515975759729	0.203234875824839	0.0305733080193657	1.72034868726784e-08	0.724866374097368
S10787	4.40755826717208e-10	2.68333727057364e-06	1.80504422069387e-06	0.0426478913942924	0.191951318148784	0.0323540477948907	6.72561726727396e-05	0.732974997667114
S10800	1.3993954851372e-07	1.94213593768921e-08	2.99740494565e-09	0.041319805680271	0.196552341432487	0.0329620022529351	9.18545186140657e-07	0.729164769730808
S10805	3.44795359558157e-06	1.08538429051186e-08	1.66481332661319e-05	0.0396889294607675	0.197944987862105	0.0324393406247694	5.74106560552176e-06	0.729900894046048
S10813	2.58583616349914e-08	1.15210662242899e-07	1.17994928146446e-06	0.043268636917277	0.19904467252009	0.0305861949033585	4.77080533587035e-08	0.727099126932916
S10814	1.02144692100001e-06	4.25724287384915e-07	2.00433715638704e-05	0.0416148410962434	0.194584883891602	0.029833163986608	3.04265102313726e-10	0.733945620178509
S10815	1.35318503944246e-08	2.25197519517053e-05	7.86029982223032e-08	0.0426106863720468	0.198829405734316	0.0311521744064657	3.42721223125162e-08	0.727385087328249
S10817	1.61878936836519e-06	3.42346676746461e-08	4.72668896298638e-06	0.0435422858294668	0.190515725322765	0.0314220853243659	2.11707783481521e-08	0.734513502639625
S1083	9.59907860975112e-06	8.11568346023708e-09	1.80952285810189e-08	0.0433485092655533	0.19585238538576	0.0322355983750508	2.3858179314201e-08	0.728553857825935
S10835	4.58217532939512e-05	2.41852367705425e-08	6.59524928555601e-06	0.0428429963804032	0.195638312297408	0.0311845972616263	8.21018311578014e-09	0.730281644662563
S10838	2.28244109256224e-05	6.58949352879182e-09	1.42382783909674e-07	0.0444169630635118	0.199445343307534	0.0300588034772265	2.18798741109639e-07	0.726055697969784
S10844	1.51871786632388e-07	1.02163820516142e-06	6.9091984129164e-08	0.0419158813037879	0.194037486272072	0.0331861809988776	1.12639658970344e-07	0.730859096183627
S10845	8.19257816949724e-06	4.62963559501458e-07	8.35565509570926e-07	0.0432303069120764	0.201975786646311	0.0290737487520826	2.91845894057542e-07	0.725710374736398
S10846	1.36030633567436e-08	4.09829187117556e-09	4.08458213571087e-08	0.0436446779811913	0.187090957497321	0.0342000729712959	1.31176925004468e-06	0.735062921233766
S10853	1.12542383217261e-08	1.97891236508309e-08	1.92490413699131e-07	0.0425504458363973	0.202115764367529	0.0299974879722583	5.96166689281687e-08	0.725336018673371
S10854	1.5570266879086e-06	6.17431779713759e-05	7.73331043863316e-05	0.0420803532490873	0.189669349562539	0.0343290748368003	5.17713474108658e-09	0.733780583865393
S10865	1.87275471401041e-05	6.583396079032e-09	4.99280761224848e-09	0.0419192481900976	0.197140179018508	0.0317899194816155	2.39685451933027e-08	0.72913189021789
S10866	7.54399350290441e-05	3.36716971206586e-05	7.22607596031588e-07	0.0451866362916483	0.197575143597151	0.0287301362736014	1.01710609095754e-07	0.728398147887245
S10869	6.08319496055366e-10	9.89936018701463e-09	0.00052418969337233	0.0425074575930467	0.205364138884701	0.02838173488106	8.04098722596524e-06	0.723214427452915
S10873	6.74779122938943e-07	5.2409636533926e-08	1.31841882752788e-06	0.0403299768793229	0.19834579366185	0.0326440338840539	1.91752696966147e-07	0.72867795821449
S10876	1.1911714521837e-08	6.64854074485713e-06	1.89517049640229e-07	0.043561997451041	0.195101247949023	0.0329423910843934	8.72992156340578e-06	0.72837878362447
S10883	5.72427750080692e-09	2.47385658658501e-05	1.46916430912542e-07	0.0427391815453976	0.198110135903791	0.0294373551816105	3.94073856400082e-06	0.729684495424063
S10885	1.19392222447385e-09	2.23342696533068e-05	6.79245852500855e-06	0.0406912873602523	0.195782266935388	0.0332481211810174	1.15371909775084e-09	0.730249195447523
S10893	5.24765329662544e-08	4.74380798888684e-08	9.72059482009048e-10	0.0446999617432116	0.201932570642006	0.0284344463082685	3.79378643852527e-06	0.724929126633403
S10895	3.61533366397268e-06	1.05253024166438e-07	1.47036788441712e-08	0.0439481363047351	0.200131410717819	0.0293370102886963	5.92832985945979e-09	0.726579701470053
S10902	3.83805411829465e-09	8.6724840982002e-05	2.59582468895187e-08	0.043126569761292	0.193961425704117	0.0315054170303973	8.07680215638131e-05	0.731239064845347
S10903	4.64971371364184e-09	0.000129002022552062	2.61685703108456e-06	0.0442013301917158	0.194399727378975	0.0300257616063249	1.45073674625562e-08	0.73124154278632
S1092	2.74119867324e-07	9.76291586262692e-09	1.9784178632461e-09	0.0419155440133656	0.20590974796404	0.030063065428182	7.34094532713245e-07	0.722110622638679
S10925	5.10812275103481e-09	4.98833128398279e-08	6.0751735369336e-07	0.041876642047013	0.194672217592441	0.03238791629833	4.83770590848946e-05	0.731014184494342
S10927	5.64200144565599e-05	1.09404834088141e-07	3.18841250762918e-09	0.0416898289465651	0.201805441106445	0.0316783787852283	1.5900354110177e-08	0.724769802653705
S10936	1.86769441224605e-09	5.73511912169639e-06	8.32336619924039e-06	0.0443846304698718	0.192799319932651	0.0325102296706959	8.10629057099524e-09	0.730291751467476
S10945	4.3446066366051e-09	7.10706107042364e-07	8.78549462985771e-06	0.0409063220752496	0.202105815120512	0.0315330778037769	2.44319547039138e-09	0.725445282011922
S10947	0.000118820940039937	1.8570492694841e-08	6.10387799091572e-06	0.0419649961551917	0.192169902093041	0.0316818666081361	1.28232499580447e-08	0.734058278931857
S10949	2.25936628538e-07	7.64237323359459e-09	5.63930926246233e-08	0.0439099527645867	0.193834618353091	0.0321607331834883	2.78913305980874e-08	0.730094377835409
S1095	2.81070708526308e-05	1.22846868787158e-08	3.14159915416308e-06	0.0403454180165165	0.193596188657119	0.0317712151951994	9.57921519452914e-06	0.734246337961277
S10961	1.01052817561106e-09	4.2066814674192e-06	2.95491142215621e-05	0.0445009175433557	0.199015382686485	0.0285933287147143	9.38988778336911e-08	0.72785652035035
S10969	1.28356838163839e-05	9.48578950379904e-09	3.99043437853786e-08	0.0433017636447309	0.193884255991944	0.0324581287973079	8.84183647060817e-09	0.730342957650231
S10972	2.11896948161368e-07	7.03759910352968e-10	9.73911399379294e-10	0.0437820739529239	0.194846686688041	0.0304840737424288	7.46379322516285e-06	0.730879488248762
S10973	1.62211790099373e-05	1.83473377626361e-05	5.51859761434472e-08	0.0401039587889649	0.204494316838996	0.0309501941364968	8.57318279568681e-09	0.724416897959611
S10978	2.21114074367443e-08	5.65517237276428e-07	2.20135855951384e-06	0.0423335255381883	0.202409986110012	0.0313386271511862	1.23003700877418e-05	0.723902771843321
S10979	1.38635152420894e-06	1.78209107644295e-08	4.55160429924265e-05	0.0416326992529961	0.194346193519815	0.0331938891855314	1.07253964941207e-09	0.73078029675369
S10986	1.3158838442875e-08	0.000125908503797342	4.66916555157728e-06	0.0396312720200125	0.195644575052015	0.0335460247854919	3.40276154354575e-09	0.731047533911531
S10989	1.15937848406105e-08	7.81614470296509e-07	4.18722856858336e-08	0.0424127079454711	0.197220524680135	0.0316851775924304	2.57063510158884e-09	0.728680752130788
S10995	3.38010812205453e-06	1.74511156365863e-09	2.53402691070873e-06	0.0435264834829417	0.197446947002487	0.032041587002387	8.85530205038554e-06	0.72697021132999
S11005	3.96918022719898e-09	5.12453101456595e-09	6.65271792205636e-06	0.0434214868303783	0.192597510998316	0.0319131932217836	4.35790790722184e-09	0.732061142779981
S11008	3.80864858824386e-08	2.37185302894231e-05	5.24600565134002e-09	0.0416804931308665	0.199722456026343	0.0305885817058568	6.11644331236221e-07	0.727984095629822
S11010	3.52267601748249e-07	1.52688221057419e-09	7.13260898588266e-08	0.044112670942189	0.187885752877916	0.0290251059488381	1.64576051082468e-08	0.738976028652878
S11013	3.13506693938126e-10	1.75185464095665e-07	4.57704930724382e-05	0.0435532116305462	0.195242246426372	0.0312665908878338	2.18361934990964e-07	0.72989178670127
S11016	1.16415269102882e-08	6.93872009403293e-08	3.53496323024513e-05	0.0442128471292416	0.194410895907597	0.0314351965005732	4.37367594635169e-08	0.729905586064798
S11017	2.8688710089895e-06	2.01547871372418e-09	7.82255416494592e-05	0.0422760490087543	0.196817644081882	0.0320377467602882	9.49384823729153e-09	0.72878745422709
S11020	9.585828995227e-09	2.09287399543612e-08	0.000392700379993022	0.0428748250667806	0.198795224290517	0.0309941492801111	2.00135075846174e-08	0.726943050454521
S11027	4.01650029310027e-05	1.12933765155274e-06	5.5239609221023e-08	0.0423930253288438	0.201428372975346	0.0310472877794661	1.13235265680041e-08	0.725089953012626
S11035	1.84786805020539e-08	2.41887848257296e-10	3.30788327188004e-06	0.0438148680535669	0.199872407501863	0.0296249438756008	1.21244267847776e-08	0.726684441840703
S11041	1.35452290270945e-05	9.67909608371713e-07	7.24588496077037e-08	0.0429895598070262	0.198318096312582	0.0303280554192673	2.08061767890145e-07	0.728349494801871
S1106	5.71971215235838e-08	9.12233770182951e-09	1.34992160487416e-06	0.0424247557189519	0.198894006587352	0.031497193268667	6.99562630608367e-08	0.727182558227702
S11071	4.81974686777055e-06	5.44191964315104e-08	3.08984327102317e-07	0.0454037319744885	0.183710853022068	0.0344234957003274	1.11114288273434e-08	0.736456725041296
S11076	1.67125070877411e-07	3.86826084846539e-10	2.33151651348217e-08	0.0433970228707237	0.195478860284028	0.0305987262116539	1.86650670233501e-07	0.730525013155862
S11078	5.9059972823062e-06	9.59567362350878e-09	1.12786665704761e-08	0.0396149568682139	0.201548274456331	0.0328702036389608	1.19924762108903e-08	0.725960626172396
S11081	2.97856164282831e-05	1.08655070146793e-08	9.28137855945349e-08	0.0418982246737594	0.1945351013246	0.0332101223230288	3.24882173244801e-08	0.730326629894674
S11086	6.67323258289124e-08	1.79508740370146e-08	1.57408089366013e-07	0.0413139377077467	0.197044875129867	0.0322922124572489	1.39572969285693e-05	0.729334775316919
S1109	1.39306703869584e-08	8.47223600699374e-08	1.53554540836855e-07	0.0440436211899074	0.200459772793618	0.0306773886719798	3.18325733594977e-05	0.724787132563564
S11096	4.74979497815053e-05	2.72790945119327e-08	1.22179195601989e-08	0.0417822675132771	0.203940588322856	0.031256223161434	5.65525185176202e-09	0.722973377900386
S11100	2.45258546551031e-08	4.73648431542966e-09	4.02125340897759e-05	0.0390495053433559	0.194939443764322	0.0339352766340958	1.14427832394196e-08	0.732035521019014
S11107	5.73663441018553e-07	1.69598867022582e-05	9.63705892345343e-08	0.0409433168692814	0.200006305459244	0.0318816514927621	2.51147002180077e-08	0.72715107114328
S11109	4.14193738727777e-05	3.21141172063755e-08	1.32739183279833e-07	0.0410941426373276	0.201098103067622	0.0297236401592889	6.19432821811883e-07	0.728041910475767
S1111	3.09398234582141e-05	7.93107149838072e-05	2.17341575035777e-07	0.0414687760453516	0.191388189274434	0.0348587779499884	4.71874026726708e-08	0.732173741662806
