Bcells	CD4_Tcells	CD8_Tcells	Endothelial	CAFs	Macrophages
Mix_1	0.1532	0.1078	0.1839	0.0384	0.083	0.4337
Mix_2	0.3781	0.1573	0.1484	0.0462	0.1064	0.1636
Mix_3	0.1133	0.1898	0.328	0.0517	0.1504	0.1668
Mix_4	0.1848	0.2205	0.29	0.062	0.1485	0.0941
Mix_5	0.504	0.0643	0.2498	0.0381	0.1141	0.0296
Mix_6	0.2469	0.049	0.1549	0.0339	0.0537	0.4616
Mix_7	0.2614	0.213	0.2565	0.0604	0.1605	0.0483
Mix_8	0.3621	0.1576	0.0699	0.0384	0.0924	0.2796
Mix_9	0.3302	0.1496	0.2157	0.0531	0.1122	0.1392
Mix_10	0.3869	0.0654	0.1776	0.0334	0.0906	0.2462
Mix_11	0.2966	0.2384	0.1589	0.0617	0.1518	0.0927
Mix_12	0.0582	0.1657	0.2424	0.0439	0.1079	0.3819
Mix_13	0.4718	0.0945	0.1994	0.0488	0.1038	0.0817
Mix_14	0.1193	0.2624	0.3416	0.0637	0.188	0.025
Mix_15	0.194	0.2738	0.1865	0.0678	0.148	0.1299
Mix_16	0.3323	0.1595	0.1455	0.0518	0.1119	0.199
Mix_17	0.2319	0.2552	0.1986	0.0651	0.1483	0.1009
Mix_18	0.2068	0.3119	0.1129	0.0749	0.1381	0.1554
Mix_19	0.1243	0.1036	0.2535	0.041	0.099	0.3786
Mix_20	0.3612	0.1086	0.1357	0.0424	0.0951	0.2569
Mix_21	0.3244	0.0803	0.1174	0.0344	0.0792	0.3643
Mix_22	0.1263	0.1086	0.1976	0.0366	0.0816	0.4494
Mix_23	0.489	0.1236	0.1217	0.0477	0.0963	0.1217
Mix_24	0.0106	0.329	0.1397	0.0661	0.1642	0.2905
Mix_25	0.4479	0.1194	0.2241	0.0465	0.1289	0.0332
Mix_26	0.3355	0.1918	0.1856	0.0608	0.1436	0.0828
Mix_27	0.3815	0.0697	0.1327	0.0367	0.0896	0.2898
Mix_28	0.2653	0.1238	0.152	0.0415	0.0848	0.3327
Mix_29	0.3841	0.1764	0.1919	0.0494	0.1239	0.0743
Mix_30	0.2488	0.1816	0.3399	0.0558	0.1432	0.0308
Mix_31	0.3664	0.1554	0.1569	0.0464	0.1047	0.1702
Mix_32	0.206	0.2717	0.0996	0.0556	0.1491	0.218
Mix_33	0.1101	0.2393	0.1891	0.0542	0.1407	0.2666
Mix_34	0.2988	0.0433	0.1657	0.0252	0.073	0.3939
Mix_35	0.2704	0.2056	0.2403	0.0604	0.1318	0.0914
Mix_36	0.3326	0.1548	0.2091	0.0471	0.1214	0.1349
Mix_37	0.1373	0.1646	0.326	0.0509	0.1411	0.1801
Mix_38	0.0718	0.2126	0.2152	0.0457	0.1152	0.3395
Mix_39	0.4055	0.067	0.0583	0.0271	0.0578	0.3843
Mix_40	0.292	0.1366	0.2925	0.0531	0.1335	0.0922
Mix_41	0.2221	0.1542	0.2817	0.0438	0.1232	0.1752
Mix_42	0.3597	0.2129	0.1402	0.0444	0.1563	0.0864
Mix_43	0.3643	0.0739	0.1876	0.0402	0.0817	0.2522
Mix_44	0.1236	0.1636	0.2406	0.0434	0.1061	0.3228
Mix_45	0.1742	0.1565	0.2391	0.0495	0.1202	0.2604
Mix_46	0.3628	0.1284	0.1687	0.0383	0.1064	0.1954
Mix_47	0.2555	0.0922	0.1819	0.0334	0.0846	0.3524
Mix_48	0.3526	0.1682	0.1921	0.0447	0.124	0.1184
Mix_49	0.1447	0.255	0.3287	0.0627	0.1624	0.0464
Mix_50	0.1414	0.2285	0.1961	0.0463	0.1486	0.2392
Mix_51	0.3334	0.1837	0.1458	0.0471	0.1196	0.1704
Mix_52	0.0578	0.216	0.3308	0.0514	0.1779	0.1661
Mix_53	0.2809	0.1106	0.1435	0.0389	0.0996	0.3266
Mix_54	0.1114	0.1065	0.287	0.0349	0.0948	0.3654
Mix_55	0.0635	0.2039	0.3637	0.0676	0.1574	0.1439
Mix_56	0.1502	0.1872	0.1997	0.041	0.1354	0.2865
Mix_57	0.0022	0.2415	0.3452	0.0595	0.163	0.1887
Mix_58	0.2079	0.2418	0.2007	0.042	0.1486	0.159
Mix_59	0.1188	0.1705	0.384	0.0523	0.1487	0.1256
Mix_60	0.4782	0.0893	0.2238	0.045	0.156	0.0076
Mix_61	0.4126	0.0765	0.1838	0.0409	0.0972	0.1889
Mix_62	0.4823	0.0922	0.2481	0.0486	0.1124	0.0164
Mix_63	0.0635	0.135	0.2988	0.0372	0.1108	0.3547
Mix_64	0.2791	0.0633	0.1471	0.0333	0.0673	0.4098
Mix_65	0.2965	0.0987	0.1511	0.0422	0.0846	0.3269
Mix_66	0.3662	0.1745	0.2322	0.0557	0.1273	0.0442
Mix_67	0.4735	0.0464	0.1119	0.0291	0.0677	0.2715
Mix_68	0.2142	0.1778	0.1655	0.0521	0.1343	0.2561
Mix_69	0.467	0.0674	0.2234	0.0416	0.0997	0.101
Mix_70	0.1969	0.2297	0.1784	0.0425	0.1489	0.2036
Mix_71	0.2375	0.131	0.3084	0.0544	0.1332	0.1355
Mix_72	0.162	0.1875	0.0815	0.0477	0.1175	0.4038
Mix_73	0.0469	0.2289	0.3878	0.055	0.1713	0.1101
Mix_74	0.3893	0.0696	0.1954	0.0367	0.0809	0.228
Mix_75	0.2237	0.2078	0.3036	0.0544	0.1308	0.0797
Mix_76	0.2238	0.1862	0.3324	0.0632	0.1374	0.0571
Mix_77	0.2035	0.1264	0.1713	0.0391	0.0847	0.3749
Mix_78	0.0853	0.2957	0.322	0.0731	0.1946	0.0294
Mix_79	0.0744	0.1484	0.3429	0.0481	0.1116	0.2746
Mix_80	0.2716	0.2064	0.1551	0.0457	0.1335	0.1877
Mix_81	0.2512	0.1161	0.2408	0.041	0.1012	0.2498
Mix_82	0.3289	0.16	0.3043	0.0551	0.1462	0.0055
Mix_83	0.3749	0.0914	0.1974	0.0395	0.0941	0.2028
Mix_84	0.2639	0.1458	0.1644	0.0461	0.1098	0.2701
Mix_85	0.265	0.2093	0.2693	0.0662	0.1455	0.0446
Mix_86	0.1693	0.1171	0.2732	0.0437	0.1178	0.2789
Mix_87	0.5294	0.0102	0.15	0.0288	0.0916	0.19
Mix_88	0.4018	0.1781	0.1124	0.0495	0.1172	0.1409
Mix_89	0.0264	0.1632	0.2398	0.0289	0.121	0.4207
Mix_90	0.2506	0.1721	0.3619	0.055	0.1197	0.0406
Mix_91	0.5672	0.0756	0.1508	0.0426	0.1229	0.0408
Mix_92	0.2836	0.1533	0.2253	0.0471	0.0954	0.1953
Mix_93	0.175	0.2331	0.0557	0.0552	0.1031	0.3779
Mix_94	0.4481	0.1428	0.1236	0.0486	0.1149	0.1221
Mix_95	0.2269	0.2302	0.2158	0.0644	0.1313	0.1314
Mix_96	0.117	0.2712	0.2024	0.0685	0.1529	0.188
Mix_97	0.3116	0.0869	0.2032	0.0379	0.0855	0.275
Mix_98	0.3836	0.0142	0.021	0.0206	0.0702	0.4904
Mix_99	2e-04	0.4616	0.1808	0.0828	0.1995	0.0751
Mix_100	0.2669	0.1087	0.1399	0.033	0.0893	0.3622
