	B_cells	Monocytes_CD14.CD16.	Monocytes_CD16.CD14.	NK_cells	Neutrophils	T_cells_.CD4..	T_cells_.CD8..
mix_1	0	0.0694752974577612	0.162897577654896	0.334795758778507	0.240276454792747	0.192554911316089	0
mix_2	0	0.08995985201841	0.155054139513517	0.339107110590517	0.209030306467726	0.206848591409829	0
mix_3	0	0.192083825488205	0.178043953359255	0.289903202647723	0.172364524042867	0.167604494461949	0
mix_4	0	0.00644988652486061	0.14280662001874	0.309323377392814	0.250951966185156	0.290468149878429	0
mix_5	0	0.0770743063951336	0.154324877304624	0.323846602488201	0.221800688904695	0.222953524907347	0
mix_6	0	0.0201754544072829	0.138336464824183	0.324058170739772	0.243427191102564	0.274002718926198	0
mix_7	0	0.118723659429545	0.160450689415419	0.31932249705089	0.20071842721224	0.200784726891906	0
mix_8	0	0.111415189686392	0.159873024731763	0.330221338067534	0.203734983678776	0.194755463835535	0
mix_9	0	0	0.116652052075373	0.323066318502686	0.265720715341848	0.294560914080094	0
mix_10	0	0.0916934558095901	0.164252631721689	0.261757249178656	0.227567113639337	0.254729549650728	0
mix_11	0	0.0487310573904934	0.154149625305246	0.333694227086771	0.254811605922702	0.208613484294787	0
mix_12	0	0.052777036247357	0.155486383681969	0.301261910832545	0.231696413780177	0.258778255457952	0
mix_13	0	0.00558185309790561	0.156970855642345	0.26275135689025	0.250515133279899	0.324180801089601	0
mix_14	0	0.0150437035381213	0.152878034903915	0.285996013744431	0.264131026495222	0.28195122131831	0
mix_15	0	0.0765020157153676	0.154392134939334	0.324223359307969	0.216589101213162	0.228293388824167	0
mix_16	0	0.189594579551949	0.164483622582939	0.31284577283054	0.158008075638955	0.175067949395617	0
mix_17	0	0.166166603722898	0.168027412557184	0.2993081602045	0.16772427605877	0.198773547456648	0
mix_18	0	0.0772763913045971	0.166899686304243	0.232008162923209	0.23041076104731	0.293404998420641	0
mix_19	0	0.176569361881381	0.183114728982112	0.291144803041886	0.179910118269296	0.169260987825325	0
mix_20	0	0.0285085720335472	0.140777004403024	0.311130140055501	0.236709533599876	0.282874749908051	0
mix_21	0	0.104078934434885	0.163282410800859	0.269018637126939	0.196808881005688	0.266811136631629	0
mix_22	0	0.0458571202920108	0.166197495270276	0.303553278715232	0.260718239976502	0.223673865745979	0
mix_23	0	0.0226293399960324	0.150507776118629	0.302390577025638	0.253207855729919	0.271264451129781	0
mix_24	0	0.0703819426030399	0.148151942717886	0.310288610390841	0.214722240044409	0.256455264243824	0
mix_25	0	0	0.124063715095943	0.306097973281984	0.25948983268508	0.310348478936993	0
mix_26	0	0.138156673844443	0.175569393559031	0.25237558732647	0.192891605545346	0.241006739724711	0
mix_27	0	0.0338348850798107	0.143982500982115	0.326329174331139	0.253322422545035	0.242531017061901	0
mix_28	0	0.0366969331307911	0.144435576743584	0.313474955823027	0.236110515108013	0.269282019194585	0
mix_29	0	0.0602469179722126	0.157581887373372	0.329560545787421	0.245235621936627	0.207375026930367	0
mix_30	0	0.00613853989283583	0.143354418215369	0.302644196983489	0.254479704507282	0.293383140401024	0
mix_31	0	0.055377565426792	0.160643175491442	0.285167797436502	0.240859550299975	0.257951911345289	0
mix_32	0	0.00411955120787349	0.154926679582438	0.271104646918754	0.281069613226929	0.288779509064005	0
mix_33	0	0.0789833272294505	0.168189397623781	0.249891612115895	0.228855288428253	0.27408037460262	0
mix_34	0	0.170847804085356	0.181832987162666	0.257953301647025	0.194350166166024	0.195015740938928	0
mix_35	0	0.0390264466091666	0.155926963887153	0.307709002170015	0.244291632674684	0.253045954658981	0
mix_36	0	0.0789315936292368	0.16512617184562	0.297054043724221	0.231936750914726	0.226951439886197	0
mix_37	0	0.135413302637045	0.168128710002159	0.301946102473544	0.187493559147378	0.207018325739874	0
mix_38	0	0.132873398290404	0.165780504549675	0.312264335584623	0.197642371853818	0.191439389721479	0
mix_39	0	0.0335220285881185	0.143427357088187	0.32417339134572	0.238403121722812	0.260474101255162	0
mix_40	0	0.0715947370383065	0.168120897354653	0.279120154156626	0.237865432510158	0.243298778940256	0
mix_41	0	0.151192411654283	0.18016439933993	0.258223305306584	0.196519496422146	0.213900387277057	0
mix_42	0	0	0.130093305750341	0.267725821763151	0.269524576794812	0.332656295691696	0
mix_43	0	0.13382895654931	0.168885905075584	0.253869239914768	0.202858956343409	0.240556942116929	0
mix_44	0	0.0393589331897032	0.146387021458136	0.311584626000238	0.244967820023774	0.257701599328149	0
mix_45	0	0.0749128298503384	0.157173709017705	0.331916750782437	0.231326716485108	0.204669993864412	0
mix_46	0	0.126002849306901	0.1823348981867	0.257844835317715	0.214999331478452	0.218818085710233	0
mix_47	0	0.242568518437473	0.172460982634725	0.309989318670645	0.119606347050355	0.155374833206803	0
mix_48	0	0.0516882028479006	0.159965081884526	0.252451300891992	0.24478717886583	0.291108235509752	0
mix_49	0	0.089681745293433	0.177612239266728	0.279982450802835	0.261258850059318	0.191464714577685	0
mix_50	0	0.0263566491364212	0.150196254961529	0.324953191333446	0.248469235064895	0.250024669503709	0
mix_51	0	0.163800238115487	0.17438587928182	0.267239145650157	0.180324815424561	0.214249921527976	0
mix_52	0	0.140400506068345	0.17386713122813	0.267965944368506	0.197295704788343	0.220470713546676	0
mix_53	0	0.127308339637809	0.164393439248485	0.276920007550228	0.207548614338305	0.223829599225172	0
mix_54	0	0.0612569499604048	0.152282520504904	0.285510014129806	0.228929994832163	0.272020520572722	0
mix_55	0	0.0847640724170638	0.16591639491399	0.24864320645387	0.212620690865522	0.288055635349554	0
mix_56	0	0.0229188188482917	0.159328580920263	0.271538919877393	0.254339989413545	0.291873690940508	0
mix_57	0	0.00207530289657418	0.143906242472687	0.321559004881616	0.258997209765625	0.273462239983497	0
mix_58	0	0.0643243614078217	0.152666112325891	0.309243571510315	0.222805953471044	0.250960001284929	0
mix_59	0	0.170172899187032	0.173191498129934	0.279422551748494	0.1908489214645	0.186364129470041	0
mix_60	0	0.0783424376081321	0.159965069134622	0.259462308320446	0.221469135616489	0.280761049320311	0
mix_61	0	0.0774524540000422	0.158923529287717	0.305859349249103	0.223737102902075	0.234027564561063	0
mix_62	0	0.146757419949152	0.177095520727509	0.285015975896839	0.192318789766896	0.198812293659604	0
mix_63	0	0.0509416879529524	0.153972960947546	0.300433589012419	0.230721140923754	0.26393062116333	0
mix_64	0	0.227200407018655	0.1669347977835	0.316488400128895	0.133265445498617	0.156110949570333	0
mix_65	0	0.160334275600757	0.178386236296566	0.270098438437736	0.190358059326259	0.200822990338682	0
mix_66	0	0.141182430398187	0.164614508815394	0.30370199005374	0.208201041836698	0.182300028895981	0
mix_67	0	0.0892044184017301	0.156774623077847	0.328177849324196	0.224117059586325	0.201726049609903	0
mix_68	0	0.107922530538557	0.159132272873506	0.29377769762426	0.200397470744117	0.23877002821956	0
mix_69	0	0.0262838360901983	0.140865889357236	0.308419354634883	0.238642431232504	0.285788488685179	0
mix_70	0	0.137380202095893	0.172588839341242	0.269093912341891	0.188481763374086	0.232455282846887	0
mix_71	0	0.123705674370487	0.164448814700668	0.2989526046194	0.197292973488069	0.215599932821376	0
mix_72	0	0.154034286393977	0.169666506801482	0.296981148560327	0.18876064611153	0.190557412132683	0
mix_73	0	0.128000414763909	0.164779870081316	0.286415131380143	0.183414285801779	0.237390297972853	0
mix_74	0	0	0.11696946112853	0.290828996988323	0.272467364818585	0.319734177064562	0
mix_75	0	0.0736219873292286	0.158199399283965	0.266755245080619	0.225626267396482	0.275797100909705	0
mix_76	0	0.122960793651655	0.168201446645511	0.324929409269579	0.213253796547329	0.170654553885926	0
mix_77	0	0.0447488597365399	0.149162444711624	0.298602377165731	0.239855133431937	0.267631184954168	0
mix_78	0	0.100019879489825	0.159235664007009	0.284711789216531	0.203065641692095	0.25296702559454	0
mix_79	0	0.205137982483564	0.169739395002376	0.284985167319794	0.170618067691144	0.169519387503121	0
mix_80	0	0.121487000513513	0.164578258198977	0.253677027508814	0.215513397325283	0.244744316453412	0
mix_81	0	0.198485784051036	0.187322846740988	0.269380851787641	0.185771790282495	0.159038727137839	0
mix_82	0	0.24453703270866	0.189741873720687	0.30140407094936	0.139733038105322	0.124583984515972	0
mix_83	0	0.0876543837381787	0.16488356920656	0.271461685775065	0.205461392860231	0.270538968419966	0
mix_84	0	0.105047667713422	0.161376673738005	0.312440444152704	0.209125061660266	0.212010152735603	0
mix_85	0	0.172623305828202	0.181615475700902	0.289487681216768	0.185068363526518	0.17120517372761	0
mix_86	0	0.0606503727737734	0.14721804069725	0.309350665424503	0.224794413488086	0.257986507616388	0
mix_87	0	0	0.103358533671642	0.312268061638378	0.299668205366561	0.28470519932342	0
mix_88	0	0.0367244317551264	0.156841876299505	0.290651496074615	0.252716335019294	0.263065860851459	0
mix_89	0	0.22308708434238	0.165353722586378	0.279865088449313	0.160744331924869	0.17094977269706	0
mix_90	0	0	0.113626288274424	0.32485226928236	0.281566471549487	0.279954970893728	0
mix_91	0	0.0475936543587134	0.160507679661277	0.305674574226522	0.244701109439203	0.241522982314284	0
mix_92	0	0.0371733278439077	0.147485023138053	0.293236844225871	0.238281601855864	0.283823202936304	0
mix_93	0	0.178592403838616	0.162510279748323	0.303484635181705	0.152835680930946	0.20257700030041	0
mix_94	0	0	0.137608277783385	0.303544199061665	0.266967111226218	0.291880411928732	0
mix_95	0	0.0133536558947058	0.152309160413728	0.281669043339585	0.248650523629399	0.304017616722582	0
mix_96	0	0.0942332044032817	0.162380647531428	0.281744190797594	0.227125080351586	0.23451687691611	0
mix_97	0	0.00692425152956307	0.155231573745671	0.285504084432585	0.27907714216745	0.273262948124732	0
mix_98	0	0.0507206423528331	0.164519642705903	0.258477855219287	0.248311493587138	0.277970366134839	0
mix_99	0	0.2194915551792	0.170655946575501	0.309413357955461	0.161001845291746	0.139437294998092	0
mix_100	0	0.0547905421395578	0.15533203346171	0.294062668816369	0.233738007990617	0.262076747591746	0
