B.cells.naive	B.cells.memory	Monocytes	NK.cells.resting	NK.cells.activated	Neutrophils	T.cells.CD4.naive	T.cells.CD4.memory.resting	T.cells.CD4.memory.activated	T.cells.CD8	Macrophages.M0	Macrophages.M1	Macrophages.M2	Mast.cells.resting	Mast.cells.activated	Plasma.cells	T.cells.follicular.helper	T.cells.regulatory..Tregs.	T.cells.gamma.delta	Dendritic.cells.resting	Dendritic.cells.activated	Eosinophils
S10001	0.0596379743395734	0.043237139492522	0.00715642389027781	0.0528246011376272	0.0193859162036346	0.0217476660174925	0.101490064657288	0.320422330225841	0.0157687977790601	0.0259315307846942	0.0555875313327661	0.00341705059880537	0.0121066467643319	0.0248038115991826	0.0418275857462487	0.00868516452681605	0.0181753136881538	0.0835853382552475	0.00818904190977708	0.027716309878584	0.0182627833232634	0.0300409778488124
S10006	0.0609143377881043	0.0432003437027799	0.00673980183503044	0.0614474881664551	0.0189265527044061	0.0215838118427521	0.0966022128222027	0.316603517905873	0.0168008636076181	0.0254465766202879	0.0553514387523584	0.00340089468825649	0.0122151868078572	0.0296351039633832	0.0423666897663706	0.00957877793175377	0.0175793782221903	0.0822836170465037	0.00905073629609014	0.024727590159546	0.0177310407009928	0.0278140386691879
S1001	0.0598482071229584	0.0421403572280609	0.00681306878474635	0.0635356692485106	0.0197019191175353	0.0212077660292516	0.0986080076666936	0.307411665550093	0.0163791779614411	0.0277753634153472	0.0576151576482632	0.00340535092914214	0.0116850971270437	0.0283183473177248	0.0394488420132348	0.0100058785983854	0.0183982824175185	0.0834020856565148	0.0110426898001526	0.0266104477687004	0.0184581951231603	0.0281884234755219
S10010	0.0547434072363155	0.0417380528618447	0.00739239034344823	0.0625949706151296	0.0202648047729636	0.0229750241825869	0.0987985468783372	0.312735542313092	0.0164193980980989	0.028620174054597	0.0565400682529088	0.00350471837262842	0.0114485210531444	0.025392336473757	0.0415036263741244	0.00895501357498411	0.018091114922171	0.0822198505801367	0.0104398402023956	0.026050337902832	0.0187346649684036	0.0308375959660998
S10011	0.059321661972303	0.0441404371040768	0.00722698548818332	0.0561101110975635	0.020256103241344	0.0212485777633951	0.0972893308803232	0.319276610440894	0.0169658927197422	0.0277958847619432	0.0584036848844699	0.00341849221623022	0.0108256565726337	0.0273840417151812	0.0399332955251446	0.00848920918912527	0.0182667139246823	0.0810110159581306	0.00952184970024321	0.0261436704818227	0.0180315435683953	0.0289392307941727
S10014	0.0591458951027095	0.0420199489057359	0.00674323262046911	0.0606412794456359	0.0207037214765854	0.0210074151463967	0.0963598764763684	0.310594388003245	0.0173665052803314	0.0276900570581	0.0545971675743838	0.00347368953675598	0.0127038730471375	0.0296176685890564	0.0407342800812186	0.00935203660328692	0.0187634256887334	0.0816465601399804	0.00941457919830719	0.0287158461567861	0.0179586564288582	0.0307498974399179
S10026	0.0563980048540261	0.0411512049723493	0.00669169679928075	0.0610092561412774	0.0197897054997782	0.0219887710549242	0.100705136978888	0.321058457309906	0.0159665341698119	0.0266413484118627	0.0532429028575695	0.0032458939879477	0.0119372244003126	0.0256901306682514	0.0396224891369317	0.00913922352689058	0.0185545120820952	0.0860985482052257	0.0100246190692311	0.0248452762298443	0.0176783803412146	0.0285206833023817
S10032	0.0653146977958142	0.0432642635243255	0.00737378238949016	0.0613298391117376	0.0201022659365481	0.0212771678043907	0.0992781290785552	0.306224194426577	0.0166866098604718	0.025564327461446	0.0596684798211608	0.00350064709508549	0.0114574569099373	0.0286328585775711	0.0389356125500004	0.00942732385256663	0.0172784609132034	0.0839857612893009	0.01020813697663	0.0246318397587113	0.0180928281772281	0.0277653166892486
S10036	0.0555683053446028	0.0438664598907161	0.00641483220395231	0.0646159039250257	0.019876445406063	0.0217570930989968	0.101374419885709	0.306858444172447	0.0171367387884723	0.0270165770506401	0.0567862914406516	0.00350325371225498	0.0129803785479648	0.0287884222515944	0.0413970754916554	0.00894052103478435	0.0173281062904681	0.0825859797044073	0.0100194825141721	0.0255026201928527	0.017509922528491	0.0301727265240788
S10042	0.0598815157012031	0.0414439217553277	0.00679226225989704	0.0628214518381644	0.0193265893745402	0.0208708947081733	0.0974601106711879	0.314682191763132	0.0162092807237985	0.0271307376679394	0.0524712508362525	0.00345520478935465	0.0117273386669721	0.0302476724555088	0.0395892576432099	0.00975815572214885	0.0177544606392885	0.0848802295184052	0.0108859367588102	0.0256883904047619	0.0177912283691093	0.0291319177328147
S10044	0.0564658899849642	0.0411623941408995	0.00665490239937917	0.0607795631250128	0.0192366041137818	0.0215146990106737	0.100633111314039	0.318166486373276	0.0162794149299556	0.02695180941863	0.0557099484517453	0.00326723809871764	0.0119515713230155	0.0287928240789881	0.0383413710367952	0.0105874838871063	0.0176372005690699	0.0852998769394657	0.0102572387782722	0.02341741822427	0.0173918550849116	0.029501098717031
S10049	0.0591135316777777	0.0414602456341268	0.0063831193529966	0.0586235128132869	0.0183372444636445	0.0213372765820487	0.101384833062373	0.321186588539216	0.0159804161648858	0.0300131107815207	0.0535462494824317	0.00328939232899436	0.0117777367313172	0.0288264911905609	0.0393333990659497	0.00972532017648272	0.0168975619678427	0.0791841617813256	0.0103789488726507	0.0254856287767606	0.0179592081146913	0.0297760224391152
S10057	0.0587771881244962	0.0457749322491245	0.00659185863220701	0.0609541124073026	0.0204170309387764	0.0202953766004174	0.0950253893813329	0.298586930301533	0.0182692073656589	0.0247021511203469	0.0614680309748013	0.00377625295561577	0.0130247166792103	0.0272565762723675	0.0432754475197191	0.00894413157987575	0.0192774956425639	0.0891889516823329	0.00972828189213185	0.0263277764483271	0.0184798262361238	0.0298583349957349
S10062	0.0578741832647005	0.0422430049616503	0.0071688944119496	0.0575442174364977	0.0198217608342141	0.0213903108878401	0.0976697524589607	0.327516904151106	0.0160602442100971	0.0312776392950928	0.0526784360181568	0.0033195709296059	0.0116571995644276	0.0271276676541264	0.0405464627745803	0.00874019720950077	0.0176776281781235	0.0778106417610023	0.0102379111590261	0.0254656621531524	0.0181977835881354	0.0279739270980538
S10066	0.0548428492461987	0.0413987180770263	0.00751749739096769	0.0554465227644102	0.0200848832053482	0.023126870750086	0.100259101993518	0.313376374935315	0.0179187097577686	0.022861459903987	0.056907306680507	0.00350148607693749	0.0113784277328655	0.0268174921538795	0.0417502731989584	0.00856143672387815	0.0189970192912197	0.0885182905838354	0.00975992914948437	0.0278024901745353	0.0185819967357099	0.0305908634735637
S10067	0.0574817082882405	0.0401899472855328	0.00652560021505993	0.0631277645812581	0.0193110061579227	0.0205341563666967	0.101712579153452	0.32170743296441	0.0166792025488673	0.0284037466446299	0.0537106799856768	0.00341511019392531	0.0109653784570974	0.0261928365800368	0.0397596224749997	0.00899718910384833	0.0183089196089516	0.0803815961643584	0.0108936302451986	0.0252276246956128	0.0176270443476615	0.028847223936563
S1007	0.0631677925895517	0.0438126279140921	0.00681922457008289	0.0597448171578133	0.0201632248282419	0.0215215667410242	0.100245318496456	0.310976447973776	0.0167303031177557	0.0259907696313185	0.0546654891032486	0.00355205233828607	0.0127099673472908	0.0265103015731675	0.0402607386361491	0.00903495079589945	0.0179556275988808	0.082018070603591	0.00976862014759042	0.025861240051741	0.0181489704221148	0.0303418783619279
S10073	0.0573905699166706	0.0412126980029227	0.00677305419294051	0.0545719519429559	0.0201205256234677	0.0213498618994235	0.0982051571985736	0.331597779159791	0.0163100459177411	0.0317127912659042	0.0535905837916844	0.00333247241447912	0.0111444896410075	0.0278296932902373	0.0375738188684192	0.00900360996915819	0.0186409701400611	0.0780262327129846	0.011218381043467	0.0245600041876652	0.0177974302247176	0.0280378785957285
S10077	0.0617889770716781	0.0434096970063534	0.00733671639865654	0.0564876028307369	0.0203821311040445	0.0210836782097373	0.101065491268336	0.306332022169097	0.0166052739229154	0.0268652242091608	0.0577404101010371	0.00360958825917009	0.0142690814659361	0.025725691877549	0.0414305158972157	0.00911823055080987	0.0188884244607877	0.082815606959384	0.00912789175786269	0.0269998868442683	0.0182613640947001	0.0306564935405633
S10080	0.0618430898345683	0.044698489363771	0.00739399751508496	0.0593014073948452	0.0209223928615382	0.0216875805822534	0.0958201727145488	0.302839598943476	0.0168123806134484	0.0294597737973146	0.0594418488096341	0.00356165745612645	0.0119972204766796	0.0259704230429321	0.0408716480633481	0.0101270827700276	0.0177535126101228	0.0812411614259084	0.0107696895181581	0.0278957756455255	0.0187941246166149	0.0307969719440738
S10082	0.0591676153837951	0.0423208638346069	0.00702173128422183	0.0522349626332753	0.0183482528103481	0.0209628700485081	0.100969602490142	0.332060852489162	0.016248181431203	0.0252684607808837	0.052454145229969	0.00332927979301592	0.0110004484872134	0.0260573960020441	0.0387424734504806	0.0106194754563961	0.0189097801957382	0.0820210857539629	0.0101948709161427	0.0258259004876771	0.0179312946354266	0.0283104564057873
S10087	0.0634202876703188	0.0434517452489269	0.00682366666085122	0.0571984790823256	0.0198172481890616	0.021185020395542	0.0986188172957958	0.323449189301063	0.0158843035346401	0.0264278436124687	0.0553271413954492	0.00328195402680413	0.0117677386110344	0.0270525333415976	0.0380588992630763	0.00890665911413615	0.0189690485616232	0.0762033713536539	0.0106319095937215	0.0259497176585593	0.0183759918901479	0.0291984341992022
S10089	0.0585299402978279	0.0414917273476031	0.00669952389667138	0.0613978635287253	0.0197891572798262	0.0218568331760904	0.100469188427771	0.315964304121907	0.0168853581002121	0.0258837337454516	0.0564904551696044	0.00346803349117983	0.0129125277674744	0.0255080990639961	0.0422257310291188	0.00862860617500332	0.0185396923905692	0.0807396924590125	0.0075399884968561	0.0267817510899478	0.0178225603383589	0.0303752326067929
S1009	0.0616938776553875	0.044490561843924	0.00660119849688778	0.052330803648366	0.0200416053230446	0.0203570897253649	0.102410670406664	0.321473519477807	0.0160482327220104	0.02736704341127	0.052423101173334	0.00343190094699031	0.0113117726492742	0.0266177741677234	0.0393824476588228	0.0113759383010513	0.0192295699847618	0.0826679137006139	0.00990838808561557	0.0260526019302811	0.0175033648075468	0.0272806238832587
S10090	0.0576207743287058	0.042186560940367	0.00683278998800549	0.0562728900373755	0.0188341645897262	0.0216317822673753	0.0980152053538591	0.324334431031821	0.0181382630729065	0.0264270884022756	0.0512237814403772	0.00361100645100847	0.0127968582507881	0.0279055911079716	0.0403070211167265	0.00825206957123117	0.0217853867727891	0.0810882699635959	0.00898882422632067	0.0260968071652272	0.0183405738808668	0.0293098600406795
S10093	0.0585296901513109	0.0452839337884801	0.00678587502465517	0.0604587372923206	0.0212793193846101	0.0216137731571147	0.0941305458888674	0.297399186132667	0.0184279150048649	0.0283786620291346	0.0575856896642012	0.00365014789283634	0.0126513123552477	0.0298696062014158	0.0435660678010068	0.00837606300719529	0.0187456820777431	0.0885721566733761	0.010902990102066	0.0247163667327002	0.0178226746925775	0.0312536049456092
S10094	0.0600158278079405	0.0422039527553024	0.00717741565441557	0.0613060530972511	0.0204054600027602	0.022403553475229	0.101041929491795	0.311599759785409	0.0162027114835803	0.0265556931084043	0.0570448005708797	0.00346034016659773	0.0122099370168695	0.0268409043371616	0.0406489660910206	0.00949381024381779	0.0181593534797244	0.0782612835860298	0.0100893130846571	0.0265457916967747	0.0187671448763264	0.0295659981880539
S1010	0.0583478711116122	0.0426676000935595	0.00669097425624752	0.052052760587729	0.0202033095421448	0.0204052698124651	0.098000893975538	0.321404279928809	0.017295168195534	0.031607609886549	0.0562390312169456	0.00348205609904161	0.0122660314187169	0.0275694913289598	0.0392207810053619	0.00884460988062462	0.0183809468781171	0.0849331737518541	0.010480227665118	0.0240970065909492	0.0178931634437967	0.0279177433303263
S10111	0.0571265620817196	0.04178432635659	0.00663049945894558	0.0603471057354541	0.0200844691369832	0.0207642922301037	0.0979765002535754	0.327515557654113	0.016194714426359	0.0269552602300673	0.0527286366249128	0.00327208756323185	0.0117153537110584	0.0307595729836724	0.039532989153032	0.00888096417731394	0.0177117552915212	0.0765666629349859	0.0100694430287819	0.0252479044696627	0.0187692083578502	0.0293661341400663
S10116	0.0588910792521235	0.0439219848015123	0.00708850891114816	0.059228613411906	0.0213554169302287	0.0198106685273205	0.0984684458641088	0.316245194270329	0.0169419919263629	0.0334634026470794	0.0544009424558885	0.00359638696375808	0.0123561190394394	0.0270057224389986	0.0402766184859173	0.00855962087183902	0.0178781766950597	0.0772255178579616	0.0104645159752568	0.0262121039189852	0.0188293426666277	0.0277796260881486
S10119	0.0588784670676662	0.0419748869591117	0.00679683298633369	0.0599544877068543	0.0192824538077349	0.0208675766973067	0.104764322676516	0.316629429356184	0.0165122539328854	0.030355780128203	0.0538370440358584	0.00340288601172705	0.0121399461946201	0.0242306003865708	0.0398011677017141	0.00985961063846594	0.0188525259064077	0.0791926440192736	0.0104784036495002	0.0250935812068226	0.0177961633913197	0.0292989355389239
S10121	0.0581492437069396	0.0420464026990225	0.00678153955410174	0.0600578865273095	0.0189974956197801	0.0218163692863988	0.101092446441071	0.316431891600113	0.016646040430021	0.0327323624347026	0.0573507450141882	0.0034552494938873	0.0121887110549421	0.0267709738850567	0.0398555855448356	0.00915256989876141	0.017675649076902	0.078024036678049	0.0090027726830992	0.0247788518881965	0.0186209996615965	0.0283721768210253
S10130	0.0580342688300871	0.0420483294847296	0.00719146803364907	0.0627270937248183	0.0198669055666312	0.0221923419884978	0.0969668554883141	0.318481307722768	0.0170692424202079	0.026341783399968	0.0546224836662905	0.00356821483731006	0.0123306388934912	0.0265405954498533	0.0413405726614787	0.009169781878749	0.017997990652373	0.0843666177422449	0.00792419048412362	0.0259068438719043	0.0182022880264646	0.0271101851760457
S10140	0.0658957209088747	0.0438918130703191	0.00703937992839654	0.0608106303554477	0.0192121852322636	0.0226727735344963	0.0943994773465092	0.306320973128416	0.01577002816249	0.025695293950788	0.0543356061248618	0.00338639281876832	0.0128833819331829	0.0284429694996744	0.0407101102375766	0.0125515218038833	0.0182692570781122	0.0813555810761058	0.0107221795448505	0.0259974146544079	0.0187137668808932	0.0309235427296819
S10142	0.0620967168294858	0.0428708957588792	0.00657146054417503	0.0646169647548585	0.0203797914975523	0.0199563415967656	0.0969135773346144	0.31406147291392	0.0166314699922537	0.0275699112737762	0.0540489917991211	0.00349999884753185	0.0121669008940447	0.0275385854485433	0.0378278232840402	0.00901978046077586	0.019695975260935	0.0816959964656607	0.0108800067539493	0.0254951846804637	0.018619548779968	0.027842604828685
S10150	0.0624268865085377	0.046405674289865	0.00756946339640508	0.0661379915032227	0.0219919559989709	0.0234333443995885	0.0910823862644069	0.290106409223209	0.0176222033298821	0.0251028535005858	0.0583391570328119	0.00373098618294205	0.0126562920829488	0.0297362876406326	0.0448665671012786	0.00921637806185587	0.0177824956288894	0.0879001562089118	0.0089942945137048	0.0253702361115035	0.0192718130452483	0.0302561679745989
S10155	0.0592971256092167	0.0413676120901228	0.00666269275932983	0.0605711566475349	0.0188083058922954	0.0206843042690159	0.101932612243121	0.322169950355162	0.0153493822104391	0.0272128017689156	0.0531070028195576	0.00342100500195133	0.012095596800436	0.0268447377161905	0.0390004788719477	0.00857078033599855	0.0181186097970014	0.0825577004455323	0.0102020963724413	0.0246753304317174	0.0173898209152478	0.0299608966468244
S1016	0.0575860370596929	0.0417701342839078	0.00701330729515075	0.06091934865538	0.0206784746087261	0.0218969999322159	0.093712067734329	0.309026701602777	0.0168033366645418	0.0277824340585225	0.0570129106787532	0.00343027023514724	0.0125790476710979	0.0280662283870602	0.0410576827072856	0.0087607303084525	0.0194572712968018	0.0862380453136805	0.0113352253837682	0.026367209809822	0.0185717095032861	0.0299348268096005
S10163	0.062293841561098	0.045282312130984	0.00748197407680442	0.0571653699606298	0.0207003987839167	0.0218218044880133	0.0969992999629727	0.303356415910915	0.0166632149307492	0.0271328402420485	0.0585134012146895	0.00354927138247278	0.0115549560684464	0.0255252846338682	0.0412540746014378	0.00999356589998667	0.0186552795613259	0.0850774170538589	0.00999248678725254	0.0275504614085302	0.0179806857201771	0.0314556436198227
S10167	0.0634593499471128	0.0419524543737984	0.0065818277614797	0.0658709705847601	0.0212865721717264	0.0211616927315124	0.0909966629513301	0.294614455107802	0.0174747738598613	0.0293489571228145	0.0546087744364811	0.00348442519653794	0.0129944556704442	0.0335432837773033	0.0402749762662848	0.0106266751182996	0.0185280861995456	0.0861191539667	0.0114630736209009	0.0273889376982067	0.0186903973843516	0.0295300440527462
S10168	0.0609063982132452	0.0415213037113273	0.00668857304602432	0.0620040432307756	0.0206277759603572	0.020622717997011	0.0998598376766939	0.316308031373205	0.0159055464407591	0.0292159825862201	0.0537243358156797	0.00346153579608121	0.0116053945305439	0.0276576136095142	0.0399767814862201	0.00849199391276622	0.0177313477479402	0.0797342470723336	0.0100067727817513	0.0261446983309933	0.0179995861518511	0.0298054825287067
S10173	0.0606732090918878	0.0436919895249116	0.00702353071861606	0.0585273682277998	0.0189296046391772	0.0204520472864013	0.101539219407885	0.324007196026095	0.0162886929356702	0.0271813758330329	0.0556014426890732	0.00345277983845856	0.011300371360847	0.0245746055220916	0.0394037449796972	0.00961897917845121	0.0178712558821945	0.0786633886152437	0.0106381086667248	0.0236602001524382	0.0180505889351086	0.0288503004881946
S10175	0.0616469663615905	0.042205637124308	0.00693187556479143	0.0635445244074002	0.0200769845556182	0.0221124141816854	0.0990159806738105	0.303381597607851	0.0171037200747649	0.0250725760482452	0.0546491770726948	0.00371338806581657	0.0123225409053195	0.0263814643834604	0.0417599708568748	0.00961434831915707	0.0187434242419587	0.0846563186827596	0.0103531726517114	0.0265374427872906	0.0188714416822534	0.0313050337506379
S10179	0.0593223298177404	0.0403170248914252	0.00705083393671705	0.0639873907669288	0.0203755456964302	0.0206530577441525	0.0981454192464923	0.314026650617567	0.0166649016666424	0.0315039184477041	0.0565643319781408	0.0033865984827872	0.0112243845520679	0.0285252697151743	0.0401784779962325	0.00959849096962201	0.0180755564648523	0.0757478180927303	0.0113824064484531	0.0262702359362202	0.0181482095575131	0.0288511469744067
S10186	0.0623886858968597	0.0429103587415987	0.00604820010012682	0.0634518028425803	0.0190141877521844	0.0181490420518102	0.0962122917213305	0.327472690571607	0.0156643122284099	0.0305244496726663	0.0541267127818241	0.00323968484655469	0.0117172517257363	0.026647898601164	0.038715366000928	0.00884802535016439	0.0179202942691925	0.0799828169172568	0.00946815917848016	0.0235500745191622	0.0174122001417875	0.0265354940885757
S1019	0.0589439103741695	0.0432663760245534	0.00699170820198314	0.0608328516391816	0.0195078526613549	0.0207439353645329	0.0987488467130402	0.322711019361967	0.0163246960381767	0.0258691952222555	0.0553241909726528	0.00359123850104566	0.011774695229186	0.0258098656146988	0.0395741335522991	0.00843867740196717	0.0184049470629257	0.0807293992062314	0.00983767603152558	0.0245362098347169	0.0182707055462581	0.0297678694452779
S10190	0.0633192217105419	0.0414234711382689	0.00672041422238667	0.0551806842650005	0.0193609061041301	0.0209310493175666	0.104749851983106	0.322570712056008	0.0160521613929065	0.0291119747096756	0.0562129507645318	0.00346990115718137	0.0115804050751237	0.0268098992676139	0.0381387656417512	0.0092956803623681	0.0162348968687265	0.077618335963844	0.0104121003641654	0.0241692553935806	0.0181569917753915	0.0284803704661302
S10195	0.0594250765881751	0.042613182172266	0.00684712570155092	0.0590420155798353	0.0207866876531824	0.0224313422129938	0.0972612101761674	0.311744857125206	0.016743868183192	0.0259732865875716	0.0575357787253068	0.00349203181544363	0.0120353270671096	0.028413705372676	0.0419739618661799	0.00942797350370367	0.0194275272091513	0.0827921766521289	0.00957779663568706	0.0260040239415956	0.0182633345364659	0.0281877106944113
S10196	0.0549020029096291	0.0411440490032124	0.00668125728078332	0.0603440276874781	0.0203734673038297	0.0214387252830543	0.101135704385712	0.3195472829332	0.0161526166101294	0.0258087328409512	0.0558115425769679	0.0033293829167466	0.0109639070256921	0.0269538094007605	0.0390378073827844	0.00945030720803638	0.0175664305160591	0.0817330230578965	0.00998423257529363	0.0288895650152985	0.0183704760927973	0.0303816499936875
S10200	0.0569549062225396	0.0428437092515484	0.00695432429254512	0.0675559283540868	0.0214495882238654	0.0226908272353871	0.0942566559061596	0.303452257151638	0.0167492673628347	0.0271180381363268	0.0574134456591304	0.00369079851155291	0.0120561586178426	0.026608283100224	0.0415566529359704	0.00946032004786448	0.0193262888887907	0.0834526213067592	0.0105465346280685	0.0266527713186156	0.0190253991985709	0.0301852236496786
S10201	0.0607429159889996	0.0448250434656125	0.00748023118879974	0.0589197564107937	0.0213586476034089	0.024174689014146	0.0960339910560412	0.29499204746384	0.0179939386874863	0.0261163972322824	0.0611037749031097	0.00393504497408852	0.0134456575643928	0.0288517256945777	0.0441029274928486	0.00892757852038297	0.0187512462403738	0.083847636563874	0.00825400242064564	0.0260611631527324	0.0192421863222151	0.0308393980393487
S10202	0.0618715429942139	0.0428612581892237	0.00754927353939321	0.061693580214924	0.0212924706365328	0.0218866895753838	0.0950016745647247	0.3056059470717	0.0169942902077995	0.0264916912133674	0.059249406860303	0.00370450162697993	0.0127669145590484	0.0282714324907774	0.0411111826805656	0.00905113527443962	0.019797555094107	0.0785925840365283	0.00989909541189381	0.0269814205097803	0.0188986576806852	0.0304276955676279
S10205	0.0640644514990555	0.0439046922403365	0.00641654735715488	0.0627247336706371	0.0202485499853103	0.0214588119982471	0.0948080829627101	0.324926465153321	0.0149964131755183	0.0241266788223936	0.0538024735077497	0.00338030334717176	0.0119526002266607	0.0265522492956269	0.039822021552519	0.00956492292623133	0.0182083800949774	0.0780756597373261	0.0105053957126267	0.0230444399597092	0.017510142200002	0.029905984574715
S10211	0.0559506851321504	0.0419683894858249	0.0062175905204127	0.0641715570101696	0.0198136150587342	0.0206220628390388	0.0917174756528199	0.310188634230659	0.016836751091129	0.0326262289849858	0.0560746788075268	0.00360860983404721	0.013688006719982	0.030299405816356	0.0416510937286717	0.00909802182136893	0.0186697550144912	0.0828070567269523	0.0113274315633594	0.0261065823944612	0.017777367878517	0.0287789996883415
S10221	0.0588722637738629	0.0426932139837175	0.00660028498894269	0.0610593421762545	0.019696790039815	0.0209163131022094	0.0959419569465849	0.315538117473308	0.01557523848126	0.0301271422458594	0.0559114939379798	0.00332256199063654	0.0113147734088994	0.0274726638779429	0.0395606970427486	0.00954304846853572	0.0169906686174434	0.0854385799190796	0.00957935962129376	0.027729020184667	0.0177752885432714	0.0283411811756871
S10222	0.0595651155211688	0.0441076683886871	0.00648849307433703	0.0554418263648919	0.019926825940337	0.0220876713557488	0.101114868057465	0.312446007204421	0.0169397576120796	0.0266419740688464	0.0568034239839831	0.00376095016794908	0.0125290685498947	0.0272251382954443	0.0404157017013142	0.00969845897412019	0.0193141249710846	0.082658854826585	0.00976994485805676	0.0245170667228414	0.0184930500283412	0.0300540093324034
S10226	0.0612378156772677	0.042098697698419	0.00675338201981856	0.0594738723290049	0.0193038461562103	0.0217324087616502	0.0999618415901979	0.322602778636057	0.0164977725185849	0.0280126241194669	0.0519555444077467	0.00326783875143862	0.0124996237222594	0.0277424648846922	0.0382918331376572	0.00941178571420415	0.0181272628818121	0.0802629380100826	0.0100462904885392	0.0240909215505881	0.0184801330328983	0.0281483239114039
S10227	0.0579155168372492	0.0429032811448863	0.0070623451403768	0.0577563020349029	0.0199682305760934	0.0221593620896227	0.0991202462338498	0.312721922429227	0.0169091739618296	0.0242214536507071	0.0565579842713108	0.0035525659895747	0.0126229859913603	0.0290736827048144	0.0405125949696224	0.00921150298059974	0.0190548333616901	0.0818068629967504	0.00968640151027296	0.0271459298638024	0.018757139056242	0.0312796822052148
S10228	0.0538081876170688	0.0412451644496151	0.00670492167096411	0.0609423432502813	0.0203624495995289	0.0210963737189641	0.10267511757501	0.318054047424309	0.0169319985105423	0.0285800727521604	0.0544440196346083	0.00349068351223336	0.0117114339859979	0.0323200866453565	0.0393875187457415	0.00833762007905216	0.0168459240090032	0.080241867877309	0.00994647138525271	0.0266863016397716	0.01822987869685	0.0279575172203803
S10232	0.0606635993766337	0.0411514400033276	0.00643684089553849	0.0611739925013594	0.0194633716139845	0.019413731926264	0.0970351774245507	0.316544272613857	0.0177393343906092	0.0289248596086454	0.0560610618183969	0.00371707090410607	0.0125704570299427	0.0268221724293268	0.0390966540053212	0.00928187502694641	0.0177696848995853	0.0835902786443092	0.0106302355945092	0.0253895546321687	0.0172673716606396	0.0292569629999785
S10248	0.0589914390083629	0.0421275231397481	0.00642691367075694	0.0598972309114009	0.0194157673599594	0.0220895550980679	0.100457665349011	0.320814996721166	0.016361455089213	0.0300778466995374	0.051174905198807	0.00349101021997563	0.0113720467367407	0.0291443787997333	0.0382330994154724	0.00960669566824467	0.0179695707941589	0.078685134269749	0.0111257408953276	0.0250534366593267	0.0175652780960524	0.0299183101991881
S10249	0.0565261191287801	0.0418105570012204	0.0077191246848608	0.0566958923644985	0.0205161835795081	0.0231158400869259	0.0932847472820082	0.310656519715161	0.0173185543992002	0.0275907757856118	0.0586530247073545	0.00371520933888239	0.0116961690656235	0.0274218899051593	0.0403967208076814	0.0106328055502789	0.0186344591125799	0.0889383419411301	0.0090648475749487	0.026246284832968	0.0182904816769609	0.0310754514586574
S1025	0.05979062486941	0.0431983224408629	0.00658681047207151	0.0616571894828113	0.0199757956791728	0.0202840904726827	0.0999830487910618	0.320941410519148	0.0159439702892351	0.0275635149856537	0.0554640389893687	0.00340428941327795	0.0115799013687369	0.0274399678897533	0.0385708253240013	0.00939266785444007	0.0175577383973166	0.075857670732085	0.0103474327205712	0.0273776474665623	0.0181423397771191	0.0289407020646574
S10266	0.0563433542552548	0.0440374602596247	0.00698365055634709	0.054185701558248	0.0202893368181249	0.0219544810019366	0.098289637496037	0.317476210278618	0.0167397797396602	0.0292634098511346	0.0576450582559577	0.00351014933266573	0.0115551217752934	0.0265362724309267	0.0412675160760482	0.0085518965583871	0.0177895886890988	0.0824577659650186	0.00986079391664646	0.027261072599821	0.0185862772886182	0.0294154652965323
S10269	0.0605606723493365	0.044805406540427	0.00718365077186543	0.0584736046764412	0.020705722855897	0.022326230207864	0.0947952544800296	0.30790507898417	0.016678697723527	0.0267877507669817	0.0571452243679947	0.00354002550143465	0.0118434766842657	0.0304832802541745	0.041056436446888	0.00908857389195631	0.018920949693958	0.0805698321001735	0.0112468798075491	0.0266679868056902	0.0186329159696726	0.0305823491197034
S10272	0.0569328113791353	0.0431873440709947	0.00651108418328075	0.0635715424851731	0.0189186585952655	0.0227951701559067	0.0956978365432468	0.309739106934344	0.0171936050424437	0.026598999401508	0.0575154600424834	0.00337735194551976	0.0119684925074122	0.0277695412330051	0.0407825726222198	0.00847819708345065	0.0197234211708219	0.0848633348031792	0.00996582494489211	0.0258591365384393	0.0181155421218666	0.0304349661954118
S10273	0.0677713713246886	0.0450537030696963	0.00713584212055524	0.0612399921175823	0.0209269561440076	0.0222441469381427	0.0943616732669471	0.306648542718734	0.01633867992852	0.0262456640348489	0.0556482153082552	0.00338937997495592	0.0120175448523568	0.0289284755487182	0.0397219334117187	0.00920923611927757	0.0189707349221974	0.080041128408188	0.00937297803081423	0.0266712967477718	0.01825781135633	0.0298046936556932
S10274	0.0597170360280885	0.0437049513572539	0.00705388792735173	0.0631419949656204	0.0201392838068284	0.0222951029158145	0.0988378038576669	0.313939430136862	0.0162392150612521	0.0252987814235583	0.055748195221102	0.00347877144127847	0.0116832072417329	0.0257401844563239	0.0413201456388139	0.00870707644482384	0.0175821578256334	0.0823191642309836	0.00951967495308563	0.0252252679500917	0.0182727210069298	0.0300359461089039
S1028	0.0620679631778746	0.0406934815041682	0.00685822046719478	0.0620476635763866	0.0190594351352685	0.0223902005965787	0.0978907536461193	0.310952621708833	0.0169193583728454	0.0275514293022524	0.0559012999476945	0.00339241348974793	0.0117053663217321	0.0265641099436923	0.0403210028952647	0.00954975168564908	0.0197421221580464	0.0814967644315161	0.0112190745932791	0.0250965571809741	0.0185875082527	0.0299929016121823
S10280	0.0612753349818307	0.0402809898072826	0.00716856361679508	0.0537483964356081	0.0189110688013133	0.0201189575644815	0.0983171996257681	0.314072864045886	0.0153146785278232	0.0318014903019922	0.055228971907226	0.0032903562735273	0.0136136852207625	0.0290949454031947	0.0379308316200083	0.00853247314191415	0.0183410416414887	0.0865487178348232	0.0100167885043931	0.0275877678593547	0.0182149332511365	0.0305899436333903
S10283	0.05918776099606	0.0407719856392923	0.00665903254335998	0.0599511817122479	0.0199377075590326	0.0201127632658356	0.100893650893137	0.32934481421692	0.0152649763537944	0.029740470496758	0.0493215077304052	0.00319834087549868	0.0114777947574169	0.0254924515305963	0.0394909843897411	0.00982744564253851	0.0184105900343876	0.0783248469045447	0.0116213138311363	0.0248134558670963	0.0178152611824867	0.0283416635777144
S1029	0.0616020377134539	0.0426970647339027	0.00655948066914136	0.0610609530566721	0.0199763954651966	0.0208981026182387	0.0977443880094795	0.314498016206308	0.0162259555095837	0.0263959395643033	0.058104885682159	0.00338156839013677	0.0117431292777673	0.0284718172843939	0.0408659049706067	0.00927548887798314	0.0176428138211249	0.0808685489653886	0.010035155646142	0.0250558333659023	0.0180678419677136	0.028828678204402
S10292	0.0586478731776087	0.0426692412631711	0.00635507657272415	0.0593159701117382	0.019209075038439	0.020625975153411	0.105229378536723	0.319549289333904	0.0160574389278923	0.0261787756398451	0.0537637959067256	0.00338891656490203	0.0123162184391541	0.0259581855748602	0.0407027319341838	0.00975285305659246	0.0176201234514761	0.0802389640551081	0.00994721957026437	0.0263730046377181	0.0179709628864431	0.0281289301671158
S10294	0.0612011821272212	0.0407289915997371	0.00652893509565279	0.0669238473028998	0.0195763858062496	0.0206546172191705	0.10226745569631	0.304029431876417	0.0157073019739803	0.0322644841017219	0.0550514111936951	0.00350521795854638	0.0118399389866499	0.0263826483670525	0.0392155265445825	0.0111735120144186	0.0184847994601544	0.0796963490396319	0.0118307551190202	0.0255634362359793	0.0176421515078854	0.0297316207730237
S10302	0.0559167709504545	0.0414596809348614	0.00658619135625518	0.0583495411464159	0.0200878862534145	0.0212023871549692	0.0961067458875126	0.313632862688768	0.0174409159529537	0.0281421454587755	0.0575193645132468	0.00339268244501441	0.0112155201706152	0.0278204071584046	0.0402903092889611	0.00875615031015094	0.0175017216149078	0.0910390747816963	0.0116197025452336	0.0253218900872714	0.0178936866031916	0.0287043626969254
S10303	0.0610419663332776	0.0438979352110097	0.00713640714338695	0.0609568636127838	0.0210730473440353	0.0218700432950149	0.0962853553779975	0.313168774903755	0.0164141329258691	0.027381645904684	0.0570058720306353	0.00354423522482111	0.0117251285359556	0.0257236417760173	0.0426565885161933	0.00907867703647858	0.0181863535514512	0.0801280349016846	0.00926268219218261	0.0258899167813264	0.0181141396456935	0.0294585577557463
S10323	0.0594028825740713	0.0418497077916675	0.0067474743648564	0.0578475094162571	0.0200480585275332	0.0211872668134629	0.102359413741337	0.313238546195753	0.01627873097896	0.0286049678119472	0.0567372491652243	0.00327582353310249	0.0121296768094225	0.0249434803857858	0.0398635930374387	0.00937894139530276	0.018641741835496	0.0817269035426268	0.0106638070025534	0.0257358042095379	0.018733469099678	0.0306049517679855
S10326	0.0578966197056552	0.0423867790083565	0.00680676801585931	0.0644530873967531	0.0202287063324163	0.02165700306695	0.0947371984583841	0.312534335427382	0.0167877312993975	0.0295253302204436	0.055783917577204	0.00343282573346767	0.0119402985737113	0.0291840871801339	0.039649868882977	0.00954531439788007	0.0193033174625004	0.0794314576999927	0.010456632889921	0.0261071728640338	0.0180386389924778	0.0301129088141026
S10328	0.0580523334910069	0.0430244487969914	0.00683421213859855	0.061777605799476	0.0211108263594403	0.0211420984995118	0.0982975476837496	0.314874658610088	0.0163205067039183	0.0324516661367006	0.0546233509564317	0.00349823279301868	0.0122328802650486	0.0271569217663113	0.0396130781203509	0.00877063332956848	0.0176011251905273	0.0768508773255315	0.0108843784951714	0.0269199088167346	0.0186708886440817	0.029291820077742
S10329	0.0620970438613601	0.0430237024251097	0.00681968961962402	0.0612925233565104	0.0193904594120273	0.0207955745055112	0.0975520498737586	0.318401173627176	0.0162137862976552	0.0267394929516319	0.0535724467169082	0.00344320258849836	0.0115975718280808	0.0267046816762676	0.0398935428405743	0.0092106139286036	0.0191866220064639	0.0799576552892762	0.0108791869177995	0.0260765363909274	0.0183550163795209	0.0287974275067151
S10336	0.060722339427272	0.0446600042915012	0.00732611995473859	0.0644383331522743	0.0213271324834657	0.0219606198234874	0.0927879590847096	0.303953980384174	0.0175492295133566	0.0256143036271304	0.0591415768748969	0.00365080687378364	0.0116907871092036	0.0288367167944581	0.042509011513243	0.00949082196983723	0.0176892672995733	0.0814983211955306	0.0100285949399883	0.0270026531540191	0.0190947684180601	0.029026652115296
S10340	0.0630716934309169	0.0431848984401293	0.0067330481861827	0.0552865002599369	0.0193779571281971	0.0212411256968269	0.101164885759081	0.323684433892212	0.0165617518468163	0.0269482690447213	0.0533523737460683	0.00351712660029296	0.011364577547382	0.0255471665909677	0.0398687131145251	0.0094627889571786	0.0186140721053403	0.0783955652748918	0.00986859660322623	0.0251763053515021	0.0181749957447097	0.0294031546788956
S10347	0.0564605465405545	0.0444425638055733	0.00714027106036897	0.0546469439192914	0.0211308002293233	0.0208791076443146	0.0982843946617537	0.316202337291254	0.0176878270765594	0.02720197954113	0.0591278835009421	0.00372402156860367	0.0120911659550563	0.0279134952429478	0.0408976172066945	0.00895059218690694	0.0190983579235236	0.0834037278839241	0.00837888267059195	0.025271073614395	0.0182413057179079	0.0288251047583829
S10353	0.0625608180095067	0.0444945096915152	0.00713792658028799	0.0605527627276017	0.0192902805267608	0.0215920177421572	0.0997355934790436	0.310415451632947	0.0168189923484264	0.0232293144229777	0.057710256429533	0.00366359460667765	0.0122689563838985	0.0285992724075447	0.0399979572723461	0.00906868188096107	0.0175008992230008	0.0815384498221452	0.0104510473357257	0.0267946687414368	0.0179801271464625	0.0285984215890435
S10356	0.0609196147311677	0.0428591581603026	0.00718412553461679	0.0547000255156889	0.0197826423581443	0.0206331157903353	0.100905342978983	0.324044925051669	0.0167021614860745	0.0252161017657644	0.0542278078768485	0.00348490529780472	0.0125662139800454	0.0255491956583698	0.0406771948546462	0.00891306264398843	0.0180162580703692	0.0821023653087974	0.00922122080769668	0.025360732125458	0.0178695690005766	0.0290642610026526
S10358	0.0565548211479386	0.0419453065854565	0.00716875132649039	0.0594718524607256	0.0194826683018068	0.021943385952689	0.095556494555026	0.319162273606974	0.0166325263261463	0.0266244986595482	0.0565599063066996	0.00357104826451307	0.0119096960823106	0.0300997366966408	0.0398934916579165	0.0086612487315564	0.018573034291177	0.0825053466318845	0.0105223109808981	0.0261670424544369	0.0182043672063481	0.0287901917728171
S10365	0.0586210100671703	0.0417514626397189	0.00728975103951825	0.063812986559588	0.0189369353086892	0.0224816772880505	0.0984063076527262	0.308533252796789	0.0174111732356872	0.0237408125621288	0.0553472994146845	0.00352204655000433	0.0123974556206121	0.0280479782542066	0.0407213234369908	0.00887666580559722	0.0188937172563237	0.0838330352652605	0.00919160089333789	0.0273447978787415	0.018643119617859	0.0321955908563154
S1037	0.0584525057432247	0.0422065920575718	0.00626624306613809	0.0594158015394816	0.0197585418094764	0.0192493137014113	0.107738600738638	0.325532827592177	0.0157491300138192	0.0322314260568233	0.0500483014288596	0.00324041960478547	0.0117884375703114	0.0274669231080808	0.037321228631249	0.0092486703180959	0.0180500229402307	0.0764076128811866	0.0107809061466605	0.024743892975472	0.0174495506133886	0.0268530514629182
S10373	0.062187149338121	0.0417686077004362	0.00671955725727489	0.0618081651629691	0.0203942703592104	0.0207523488539849	0.100808251088855	0.316869843897371	0.0162986746597209	0.0260903293855685	0.0521918480058306	0.00351833644688622	0.0115501911593073	0.0256401934546287	0.0390869084018623	0.00911136024163172	0.0185987440205064	0.083742234567569	0.0105606404457959	0.0255044778136797	0.0176226333874978	0.0291752343512924
S10374	0.0605893530788384	0.0444641587772504	0.00645451883526825	0.0616678353303999	0.0181643724511167	0.0213492844354448	0.0998867681943176	0.30733527480218	0.0176295191374513	0.0270453697401071	0.0543383453543261	0.00377616576716397	0.012380333220454	0.0276773101367005	0.0411442423332246	0.00886357647544522	0.0194439862517311	0.0856669602113902	0.00888597135832152	0.024887230076075	0.0175495402705155	0.0307998837622777
S10375	0.0609977421266198	0.0397066549941755	0.00731857668614428	0.0633035831408588	0.0210717931120701	0.0215826652050454	0.0964664801683442	0.317805386724181	0.0164559688195152	0.0257071634081676	0.0545568607552614	0.00318093204076427	0.0115005580862549	0.0281390349147245	0.0399379394815955	0.00855176092081795	0.0190692018527789	0.0807577630952283	0.0104711440629911	0.0260359050156977	0.0179688717986457	0.0294140135901181
S10377	0.063059149717224	0.0441837976928922	0.0066043527277697	0.0576819809877944	0.0204665542245622	0.0203109591950753	0.0970956956578829	0.306044062462354	0.017418039532416	0.0264001440956074	0.0571490226010336	0.00355681210660521	0.0134786372135121	0.0272912053235512	0.0429187754453298	0.0103436598667087	0.019591363045832	0.0827054750099233	0.0097261698366062	0.0262353154334497	0.0178445936048794	0.0298942342189905
S10378	0.0598716338373851	0.0417278602430656	0.00656832435453668	0.0647533700170078	0.0196972576621716	0.0213584070566	0.0992730419961374	0.315833016179308	0.0159690756654567	0.0315310669438723	0.0534529276584914	0.00318120216995152	0.0113157876219655	0.0273302889355323	0.0384889178879935	0.0103582201840079	0.0181691057626245	0.0782271529809095	0.0104899403504066	0.0260131610788583	0.0176933592887999	0.0286968821249175
