B_cells	T_cells_.CD4..	T_cells_.CD8..	Endothelial_cells	Fibroblasts	Macrophage	otherCells
S10001	5.15169523029105e-08	0.0514735309660886	3.74042455821701e-08	0.0276644639824128	0.0574196724078157	0.0448811547707879	0.818561088951697
S10006	6.1633512061905e-06	0.0518529266292846	1.14104636660483e-08	0.0293559651489078	0.0581215420720349	0.0444780556319467	0.816185335756156
S1001	2.09685918353458e-06	0.0523996957728905	4.94657687817388e-09	0.030677607239961	0.0568778369142299	0.0465667121535158	0.813476046113642
S10010	2.67619418653025e-08	0.0518947958596391	4.5028905751305e-09	0.0291117484543223	0.0564854187094991	0.0476731110584876	0.81483489465322
S10011	2.40504654786521e-10	0.0553430630080096	1.13929913026888e-07	0.028235502187419	0.0571822583885098	0.0451733174517105	0.814065744793933
S10014	1.15525047570754e-08	0.0511495358112972	1.90562545402349e-06	0.0282640855486228	0.0579411400767987	0.046057982302519	0.816585339082804
S10026	1.25549749118168e-05	0.0544752443431487	6.88397061396216e-09	0.0295933960278742	0.0568802985944297	0.0463444989943175	0.812694000181348
S10032	7.75254011367288e-08	0.0521510046310781	5.34410904454237e-09	0.0300432652214542	0.0573417915879651	0.0473833185879872	0.813080537102005
S10036	2.43491461176605e-07	0.052343163422144	6.3252285782908e-09	0.0305436771542859	0.0567958934615068	0.0440755835169857	0.816241432628388
S10042	3.25259592831007e-08	0.0532848690511504	3.73805015225076e-08	0.0307504043385935	0.0564649659645263	0.0461250149214681	0.813374675817801
S10044	1.02634054270436e-08	0.0548932990339382	7.75563611478711e-09	0.0298386984205475	0.0564993294023527	0.0461593812274397	0.81260927389668
S10049	1.10666909135135e-08	0.0549916210710558	1.61247341694886e-08	0.0284970632108938	0.05726014766653	0.0457917064426034	0.813459434417492
S10057	2.63183303613782e-08	0.0508320988366861	2.61525638958184e-08	0.0286795561930927	0.0585875593935614	0.0426852121232382	0.819215520982527
S10062	3.48639905464722e-07	0.0538706556210048	1.21581524648539e-08	0.0284599579519506	0.0574630574125436	0.046311966441088	0.813894001775355
S10066	1.0575565452206e-08	0.0512366154877059	1.62337428907631e-06	0.028522311624591	0.0568878656256789	0.0471695284686934	0.816182044843476
S10067	8.91309339096754e-09	0.0557514507133788	8.0900871270017e-09	0.0295243101138664	0.056638471865691	0.0448005531360588	0.813285197167825
S1007	6.2585252010879e-11	0.0510776618575024	8.68916448959242e-08	0.030318603132684	0.0566653020269148	0.045217247422948	0.816721098605721
S10073	1.01689511232152e-09	0.0566388328353243	6.47673203430099e-09	0.0292865055265184	0.0560171167834316	0.0456742578268187	0.81238327953428
S10077	1.26450571047688e-07	0.0508889438037009	1.79478996721021e-09	0.0305341682861468	0.0566399396017338	0.0453859997681757	0.816550820294882
S10080	1.4610314755432e-08	0.0527973555365405	2.8328684977905e-08	0.0297724862847165	0.0566097196788843	0.0462196452017316	0.814600750359127
S10082	1.39934831789386e-08	0.0559630481468609	1.22031929855252e-08	0.0289143861957713	0.0564688161556819	0.0456742542712674	0.812979469033742
S10087	6.93205251578356e-08	0.0542199221728999	1.00461876704113e-08	0.0283381669829149	0.0571577224115888	0.0463701901439885	0.813913918921895
S10089	1.22595602050231e-08	0.0520942047551337	1.51340539668246e-07	0.0282594186473015	0.0569667788303703	0.044248354607255	0.81843107955984
S1009	8.22730420024952e-08	0.0568824275248207	1.55865509355039e-08	0.0292625070202255	0.0564848783579011	0.0443921682861359	0.812977920951324
S10090	1.60720001626506e-08	0.0519873781084161	3.93117565343218e-09	0.0258508777107511	0.0587778809721699	0.0429435729777576	0.820440270227729
S10093	6.14708873280629e-08	0.0499071508584688	1.08562215272722e-09	0.0314959741839356	0.0578402002998485	0.0443816150784593	0.816374997022778
S10094	3.30666226581741e-08	0.0529831107126516	9.09249687387465e-09	0.029923777597363	0.0559508449862886	0.0471736944583645	0.813968530086213
S1010	1.61779896012328e-08	0.0527853865522646	8.54702008342729e-09	0.0286442886477221	0.0573713149955719	0.0454781861993947	0.815720798880037
S10111	3.91578972708181e-08	0.0551417880381313	1.64131875570471e-09	0.0298864644968011	0.0568076245096202	0.0461302968537005	0.812033785302531
S10116	1.96889719601845e-08	0.0553309659087052	3.06701361397212e-08	0.0288360839755469	0.056753373824083	0.0442613672133325	0.814818158719224
S10119	2.29723031567802e-08	0.0554182351935492	1.74979792625147e-08	0.0300952684847098	0.0565209293401007	0.0440130802624154	0.813952446248942
S10121	1.66834692664011e-08	0.0539902450037021	7.70316365127003e-09	0.0279931437447611	0.0570071700383203	0.0447711237553497	0.816238293071234
S10130	1.289501347527e-08	0.0510504696692658	6.55456570044228e-09	0.0296363124020637	0.0563663158277019	0.0444246397555687	0.818522242895821
S10140	2.77351593158149e-08	0.0504980137829979	1.52843557717376e-07	0.0321273732685162	0.0554949359145335	0.0479204601304425	0.813959036324793
S10142	1.19211280545114e-07	0.0528500651772917	1.78285427621824e-09	0.0299600602997521	0.0570730532205894	0.045011259634629	0.815105440673603
S10150	3.12156865147303e-08	0.0483657128650567	6.010084943836e-08	0.02980654685276	0.0568408862987345	0.0468369326801723	0.81814982998674
S10155	1.75473742286519e-08	0.0553770184577615	3.91392545517544e-09	0.0292106701181479	0.056690306588918	0.0451123378290862	0.813609645544787
S1016	1.75777577248779e-09	0.051787177207437	1.72176068154907e-07	0.0278505730188431	0.0581219424497638	0.0448270384797079	0.817413094910404
S10163	4.17073221826111e-08	0.0516985190640005	8.14591326031117e-07	0.0301030125171257	0.0563189336929035	0.045933776776008	0.815944901651314
S10167	6.12722889667572e-08	0.0524670983527206	1.23319143047021e-08	0.0311046384389836	0.056576689051202	0.044912100241213	0.814939400311678
S10168	4.80686659990862e-09	0.0556236056498716	6.31266794945751e-09	0.0288672764728842	0.0567230391850303	0.0442173783082232	0.814568689264456
S10173	1.27406727846894e-08	0.0578914297137935	7.0618131927152e-06	0.0296366149399924	0.0567937805638692	0.0427773188797241	0.812893781348755
S10175	2.83608888725472e-09	0.0526391548231189	4.60986126136279e-08	0.0305764319497291	0.0554078571604616	0.046028513662697	0.815347993469292
S10179	2.93890810432326e-08	0.0545296051983685	8.27323272821162e-11	0.0326827958896844	0.0561624702851225	0.0459078114786435	0.810717287676368
S10186	3.75989243512785e-09	0.0549540008425618	1.36449597336941e-05	0.0305748418446337	0.0564308357225274	0.0442372479680049	0.813789424902646
S1019	1.53524519504223e-08	0.0537345919678681	3.16596036421228e-08	0.0288708020763151	0.0572086492892591	0.0444875762214805	0.815698333433022
S10190	9.96901826127348e-08	0.0561433962547099	1.83091495280182e-09	0.0301433891626312	0.0567994497739458	0.0463217340550252	0.81059192923259
S10195	3.85796658938736e-06	0.051676799714519	1.11266988288345e-08	0.0278065979761353	0.0583100145321028	0.0467400464798206	0.815462672204134
S10196	5.33108410126373e-08	0.0534692640348734	1.71713122213866e-06	0.0297174604517318	0.0573451079665626	0.0460614142051427	0.813404982899626
S10200	2.50805114137134e-07	0.0520036251927824	6.96772553742366e-09	0.029333015584054	0.056730187121136	0.0466269577755627	0.815305956553625
S10201	9.20216193021461e-09	0.0469102755858447	8.91396444244516e-08	0.0277123164097776	0.0576629883348044	0.0459688266382566	0.82174549468951
S10202	6.34051337597898e-09	0.052882023153951	3.53344801868562e-08	0.0289916545248273	0.0566171285299323	0.0459402424013988	0.815568909714897
S10205	6.74442035153271e-09	0.0541443097050591	1.10700451944829e-08	0.0295445038076882	0.0568234661228952	0.0468712368316755	0.812616465718216
S10211	1.05921659504491e-06	0.0505429490102216	4.00140002679765e-09	0.0311978022063188	0.0572725502901713	0.0450473658788185	0.815938269396475
S10221	2.95322937386537e-08	0.0533970113258338	1.19415708645165e-06	0.0315142573757845	0.0565364227977846	0.0461522330700254	0.812398851741192
S10222	5.0810951025583e-08	0.0504987234571823	1.38643036399388e-08	0.0296868359001631	0.0569855962297219	0.0449644401282012	0.817864339609477
S10226	1.17175818271468e-08	0.053160712176174	1.68042893623366e-08	0.0285522076774207	0.0571165989884255	0.0463655960011913	0.814804856634917
S10227	1.50519551630524e-08	0.0521115232177775	1.00026396241546e-06	0.0295014792627524	0.0569286227504832	0.0464938959973725	0.814963463455697
S10228	1.20022796320433e-07	0.0532426628747337	4.58442941348091e-09	0.0281562998754895	0.0576043807012257	0.0459328604623871	0.815063671478938
S10232	3.6743410252328e-08	0.0552855237938163	1.19987398083409e-08	0.0303940868010679	0.0569745816515448	0.042816574335824	0.814529184675597
S10248	5.29152479874862e-08	0.0563377528743871	2.47024985471069e-08	0.0301160042543589	0.056535849073345	0.0442029074095055	0.812807408770657
S10249	1.06946109015424e-07	0.0488193744276563	3.35209306584329e-09	0.0309237312176849	0.0558906707209869	0.049360943180215	0.815005170155255
S1025	1.08629030801769e-09	0.0546109242144461	4.97578510299874e-09	0.0285841799123894	0.0576100013935031	0.0454655571742099	0.813729331243376
S10266	1.62087067870618e-07	0.0513678055358145	2.22574408601578e-08	0.0273492423531284	0.0579615681547097	0.0464938155045919	0.816827384107247
S10269	2.75090931308433e-09	0.0522232916912675	1.02668757253824e-09	0.0269266519406389	0.0582120943337166	0.044627186459501	0.818010771797279
S10272	8.1141653029974e-10	0.050525482962175	1.05463510704658e-05	0.0299463632058401	0.0564699273106845	0.0448423349442531	0.81820534441456
S10273	2.49309281364183e-06	0.0522188702286549	1.4949643811203e-08	0.029390292915368	0.0567364003606962	0.0457898463287167	0.815862082124107
S10274	1.39748641311333e-08	0.0524090774078833	2.47826672587636e-08	0.0304009112801169	0.0569285034225819	0.0454626170140031	0.814798852117883
S1028	4.66113406842069e-09	0.0543520817371656	1.73376208864607e-08	0.0312969001853218	0.0556183990503015	0.0459738669751651	0.812758730053291
S10280	2.49131726868767e-08	0.0531243820911502	2.91080917847249e-09	0.0285163137714566	0.0568521439763345	0.0482970383002985	0.813210094036778
S10283	3.33374685360958e-08	0.056136223989643	5.53020159181471e-10	0.030542685777469	0.0556480996600625	0.0463132767170831	0.811359679965254
S1029	1.9349151494834e-07	0.0524338649668578	1.61563163856037e-10	0.0298855159090368	0.0572556906550969	0.0454603793939048	0.814964355422026
S10292	2.65025738538999e-10	0.0548969093982051	3.85588406926867e-09	0.0289954421269908	0.0568965942273507	0.0434090087339392	0.815802041392604
S10294	1.20556002360217e-09	0.0542614331773578	4.34479884433185e-08	0.031003522654216	0.0571624013016313	0.0445106654430858	0.813061932770161
S10302	9.30012188095355e-08	0.0537052747338226	1.1506085289853e-09	0.0302675244629937	0.0562404184730579	0.0456083968245814	0.814178291353717
S10303	5.6036040679589e-08	0.0542998035427874	3.25107660152068e-08	0.0289256672036482	0.0564251367058587	0.0444871192613066	0.815862184739592
S10323	1.18319779272426e-08	0.0513394249055366	2.18347593772191e-09	0.029444424232189	0.0573888241454115	0.0457931355661435	0.816034177135265
S10326	6.99062056895303e-06	0.0512274294879611	6.80830295999019e-09	0.0299771731025416	0.0570697985470562	0.0466573761130234	0.815061225320546
S10328	2.63570890801022e-09	0.0547836144724088	4.30552180351018e-08	0.0278716307699784	0.056900804374983	0.0452137300457323	0.815230174645971
S10329	1.12403179143203e-09	0.0536907590569168	2.20639943393087e-09	0.0294206679613941	0.0567647986139	0.0452484927268005	0.814875278310557
S10336	1.57590899163799e-08	0.0516701080861674	7.03188140925305e-09	0.0282069399019122	0.057816839116031	0.0459849195804448	0.816321170524473
S10340	2.07088626884324e-08	0.0542740191473361	1.69837667276353e-08	0.0287822675147071	0.0569041934773746	0.0447857926236181	0.815253689544335
S10347	5.40665067484361e-09	0.0514070192327963	3.63140172253167e-07	0.0282282386375393	0.0568610204882261	0.0431466887390041	0.820356664355611
S10353	2.59765623791642e-07	0.0532135137967222	5.80347231682409e-09	0.0286592417892325	0.0571316029316099	0.045249562985247	0.815745812928092
S10356	8.10509894790442e-09	0.0516636754496995	4.99041311021313e-08	0.0295374707496958	0.0576695986427859	0.0447659347589925	0.816363262389596
S10358	1.50653356236216e-06	0.0510354854289247	8.81397803728287e-09	0.0306727740175081	0.0563666298632046	0.0467205640260924	0.81520303131673
S10365	2.72439851890528e-09	0.0523055956335576	2.90572447843666e-08	0.0284016074560198	0.057161160856975	0.0457845526248674	0.816347051646937
S1037	7.55091642811512e-10	0.0564755132153991	8.78888363946579e-07	0.0293187712651665	0.056821977543415	0.043962671015841	0.813420187316723
S10373	2.03807983011888e-08	0.0542713663354996	1.04282050069211e-08	0.0289549294569505	0.0570234211074545	0.0451730498030547	0.814577202488037
S10374	3.60168424688525e-06	0.0514608301502591	3.84452653402759e-08	0.0285297672951076	0.058384888876795	0.0438579489350567	0.817762924613269
S10375	2.13082542162895e-08	0.053474221807897	9.50458860529076e-08	0.0311142753187819	0.0564686128966846	0.0462338284845645	0.812708945137932
S10377	2.37159426647029e-08	0.0514187912573873	2.07471591560042e-09	0.0324589479813399	0.057423112422882	0.0431309759906355	0.815568146557097
S10378	1.59401233859524e-09	0.0561929734674733	8.90882198403567e-06	0.0300899612939507	0.0561614271817971	0.0452365633041459	0.812310164336636
S10390	1.5466344873521e-09	0.0508988589639351	7.3863412482229e-08	0.0279901342946666	0.0575229856963982	0.0420054220773645	0.821582523557589
S10391	3.81035458981842e-09	0.0499360826139666	7.31960837947566e-07	0.0307377964441602	0.0578269826164495	0.0449701805252778	0.816528222028953
S10393	8.23921542363688e-09	0.0537063232705902	2.57227197217256e-08	0.0313364626548606	0.0572026196267362	0.0445727075435259	0.813181852942352
S10400	4.8530834727017e-09	0.0521036541435949	2.41889743835953e-07	0.0294511606416101	0.0567387235724333	0.0465861441438359	0.815120070755698
S10401	3.2607067288338e-08	0.0509338142361073	5.66467088247489e-09	0.0304053037459704	0.0565460476355808	0.0455400060832959	0.816574790027307
S10406	3.8385173877665e-09	0.0497010657891966	4.674525524424e-09	0.0289915634542836	0.0578036535759168	0.0458159260113804	0.81768778265618
S10408	1.96130631495385e-09	0.0518574779338954	2.00819799919851e-10	0.0291811884409432	0.0569494003307309	0.0461459523578344	0.81586597877447
S10409	7.62252680765658e-09	0.0550012216715357	2.33924563555816e-06	0.0313332818887717	0.0570605639168425	0.0454866520225324	0.811115933632155
S10418	4.17347712403914e-07	0.046689833065691	4.91640223219348e-09	0.0275098617527723	0.0583510698987997	0.0426441957057053	0.824804617312917
S10431	1.11803537277725e-07	0.0535822874293612	1.54807089221217e-08	0.0284243858859321	0.0572504898839115	0.0448864226409944	0.815856286875555
S10438	8.52349926393917e-09	0.0524330092810407	1.21281939262364e-07	0.0298119906264216	0.0573475466473496	0.0450413826524891	0.81536594098726
S10439	1.4471504027939e-07	0.0528001253036924	1.25306684557652e-08	0.0317146349680683	0.0559350179995162	0.0475805062394696	0.811969558243545
S10441	1.25745516931679e-08	0.0493857491063143	2.68491597605607e-07	0.0293954829784325	0.0573487504632845	0.0480730227074232	0.815796713678396
S10442	1.98649998981117e-08	0.052420099448058	2.06469773852647e-08	0.0300211999991038	0.0568408976686642	0.0462691284534074	0.814448633918789
S1046	3.86945183968362e-08	0.051980170021528	1.7280467682364e-08	0.0297656671155197	0.0564146468453491	0.0468637063680812	0.814975753674536
S10478	7.83055379241003e-09	0.0480680011512654	4.05136204662873e-10	0.0287126339124148	0.0577245322198842	0.0483270452660149	0.817167779214731
S10480	1.38482105696779e-07	0.052291735917101	2.13451872901092e-08	0.0303087160835907	0.057501823152795	0.0428077727530595	0.817089792266161
S10484	1.96921010222585e-08	0.0512359279315333	1.92128013494277e-09	0.0293485803541835	0.0580836460947933	0.0453958512552022	0.815935972750907
S10492	6.05076148192831e-08	0.0548090661489894	3.9400637523848e-08	0.0334163320097888	0.0562027289672139	0.0461853791947832	0.809386393770972
S10496	5.40565910032229e-08	0.0544215491293034	9.7409750741651e-10	0.0300172279628734	0.0564525518386262	0.0460322216179342	0.813076394420574
S10510	2.44428164756755e-08	0.0517121935575996	1.04934552837273e-08	0.0295107094438717	0.0578616598854468	0.0440417253496617	0.816873676827148
S10513	4.21761608038115e-08	0.05277797246989	7.18955597480471e-09	0.0292214650922644	0.0565539269853769	0.0471163028222757	0.814330283264476
S10516	2.67098399113424e-08	0.0514111126431775	9.76495862600207e-09	0.0282369111513054	0.0575744618573358	0.0455779446755645	0.817199533197818
S10534	1.84958534492952e-07	0.0549659678902295	3.59027680013368e-08	0.027979267678558	0.0569082084494301	0.0452238750864451	0.814922460034035
S10535	8.3020431227424e-08	0.0547113272646699	1.9191221716002e-08	0.0310482848348114	0.0566893685280133	0.0437451683969905	0.813805748763862
S10537	1.07452720401119e-08	0.053527493933743	1.09336464223068e-08	0.0291997485459027	0.056708400030127	0.0477467863328101	0.812817549478499
S1054	4.05414548192132e-08	0.0523991823330242	1.95179176360636e-08	0.0279889480637207	0.0587514848659438	0.0442209796060454	0.816639345071894
S10543	4.10449084925209e-08	0.0533611254124811	3.03101777886292e-08	0.0282356878239967	0.0573566541195292	0.0448693200165027	0.816177141272404
S10546	3.79787527168208e-08	0.0508617558998395	3.12129230333533e-08	0.0308018724284495	0.0575322876609883	0.0450917890625817	0.815712225756465
S1055	2.50423375783011e-09	0.0494865577374829	1.55015797159458e-07	0.0292765637485861	0.0579192066879749	0.0465923895955654	0.81672512471036
S10551	9.865702848169e-08	0.0524623886684419	1.12000577630621e-09	0.0284197557965107	0.0572029175086944	0.0453022252313967	0.816612613017922
S10552	8.06595471900056e-09	0.0481008324161352	1.710909190947e-08	0.0286512937424536	0.0583603260558052	0.0452308227613204	0.819656699849239
S10555	1.16079946530816e-07	0.0557438336718581	2.78217310470082e-09	0.0297805486707577	0.0567583038730734	0.0454772257259204	0.812239969196271
S10559	1.06809177643689e-09	0.0521471599550302	1.48539544624854e-09	0.0290318927531647	0.0568902350551637	0.0463318851223461	0.815598824560808
S1056	6.54060689050857e-09	0.0554566450386819	4.43361768562812e-06	0.0300476878226947	0.0560613757743004	0.0447946066405817	0.813635244565449
S10563	3.75011619686007e-07	0.0522817988438142	2.69855301583779e-09	0.0304788800442496	0.0566084892071891	0.0466617674408572	0.813968686753717
S10574	2.20550753078308e-08	0.0554310664887026	7.09748345746054e-09	0.0286030458388633	0.0569167828563033	0.0455792719619478	0.813469803701624
S10576	3.30864614422874e-08	0.0513909449404235	2.31099715835531e-09	0.0294630317900331	0.0563048842931295	0.0447672094795091	0.818073894099446
S10578	1.44646470035217e-07	0.0498999220939485	1.22308080203617e-09	0.031216831589092	0.0571951341239851	0.0466991696401393	0.814988796683284
S10579	3.81310926591442e-08	0.0529557096503425	3.29414224703587e-08	0.0275379274637033	0.0580876353505297	0.0457431724870452	0.815675483975864
S10582	4.6458185037349e-08	0.0529360750776206	1.55285991006688e-09	0.0298884759515563	0.0562870683776177	0.0466739287415929	0.814214403840568
S1059	2.78920929574746e-07	0.0543404870211088	1.31726453945765e-08	0.0280373356211739	0.0581650645243151	0.0461775789367238	0.813279241803103
S10599	3.91566065332288e-06	0.053530818574865	5.74526764671399e-09	0.0313096779626982	0.0559690153111151	0.0469806566975691	0.812205910047832
S10611	1.04435920570644e-08	0.0521832319395878	2.10457851044229e-08	0.0297212458884887	0.0572188502450819	0.0459455716455319	0.814931068791933
S10614	1.57914579020473e-08	0.0524389859827782	2.96928757030084e-08	0.0284893642864186	0.0564739890506026	0.0470295838695181	0.815568031326349
S10624	1.58064227781084e-10	0.0520736258865614	1.0722453685706e-08	0.0293032847637088	0.0567041092953182	0.0459046854740772	0.816014283699817
S10632	1.79530616562117e-07	0.050942728103269	4.77632306098654e-07	0.0276146265551021	0.0584211539533105	0.0437007801389358	0.81932005408646
S10634	1.14500236044523e-08	0.0544197600789524	2.17277944199287e-08	0.0283844688088161	0.0569568638870406	0.0443975255845351	0.815841348462838
S10638	3.1052963241151e-06	0.0510056570241363	8.37600257594088e-09	0.0290643860795213	0.0577110444943992	0.0467470386858943	0.815468760043722
S10644	5.11941423388574e-08	0.0562818349128709	2.84233193981261e-09	0.0285543076290673	0.0568372445929878	0.0458510720659403	0.812475486762659
S10649	4.91759338964222e-08	0.0513406533478037	1.09781444258216e-08	0.0286978256429852	0.0573500083691715	0.0460196338393277	0.816591818646634
S10652	1.0191079556116e-08	0.0506042203121571	1.5295161082196e-08	0.0286111187857294	0.0571990230769979	0.0457169031660984	0.817868709172777
S10654	1.29903602943607e-07	0.0525963048656698	1.92722290198408e-08	0.0309871292686405	0.0569344928124992	0.0451679975496998	0.814313926327659
S10655	9.81532782885131e-06	0.0532603305705158	3.74254915768361e-09	0.0287773604786864	0.0572239738071704	0.0450392008056914	0.815689315267558
S10656	2.09813082808143e-08	0.0556552025235662	5.83102043192627e-09	0.0294998252348441	0.0562499844309448	0.0458896617936717	0.812705299204645
S10657	6.05203102430712e-08	0.0504730109205504	5.05609900680446e-09	0.0299568620403358	0.0581971076698949	0.0445225604883664	0.816850393304443
S10658	5.84282328005215e-10	0.0548196497786916	8.71182420622383e-08	0.0296421927138678	0.0561552967943933	0.0463615769633591	0.813021196047164
S10660	8.40585578654545e-09	0.0539167741931179	4.44496623348689e-09	0.0296331850360415	0.0573859993266786	0.0433099961303708	0.815754032462969
S10661	1.00528439626414e-07	0.0549334866210525	5.61900022399412e-10	0.0283236350461815	0.0575388363996464	0.044680958177748	0.814522982665032
S10676	1.72349296586399e-08	0.0498074530944103	7.5699459243181e-07	0.0311633344615659	0.0567463644758009	0.0481052145083841	0.814176859230317
S1068	8.46377723599909e-10	0.0547157637850132	9.08846469729445e-09	0.0288188674766976	0.0565696149362288	0.0460629912981153	0.813832752569103
S10681	1.56157079156228e-08	0.0498527084733461	4.08414266778314e-08	0.0299664994634788	0.058054697237501	0.0445507926652812	0.817575245703258
S10686	3.0106728998354e-08	0.0511876860789001	4.88516495673817e-10	0.0283349818471661	0.0579420957257232	0.04449153165078	0.818043674102185
S10688	6.10171211163248e-09	0.0541599015872796	4.46461529510131e-08	0.0290590847812067	0.0571137444049209	0.0459146258222031	0.813752592656525
S10690	1.02027648033165e-07	0.0508008760004167	2.08768921376609e-09	0.0278241321421766	0.0581823185381346	0.0449053397464257	0.818287229457509
S10698	1.08645469580134e-08	0.0559237081000769	1.49169270373458e-08	0.0285348956862715	0.0565821645747623	0.0451875664251449	0.81377163943227
S107	8.87077353633264e-08	0.0548536576339986	1.0895368510062e-08	0.0303299225670793	0.0568345095906914	0.0443308908399873	0.813650919765139
S10703	2.34978902329301e-08	0.0543708322846051	3.4556843042437e-08	0.0305825211597375	0.0562324413135492	0.0455758613847585	0.813238285802616
S10726	2.45285996005523e-08	0.053915137998841	2.1347295350356e-08	0.030061425812009	0.0568581701770318	0.0443987705143869	0.814766449621836
S10729	3.96405284124564e-08	0.05084247043662	3.58359985274524e-08	0.0303566712649622	0.057363015664874	0.0450045655967243	0.816433201560293
S10733	2.79267410386689e-07	0.0541921470897829	3.00509966695315e-09	0.0306916086852189	0.0561211594042565	0.0468740910832576	0.812120711464974
S10734	7.57664901439036e-09	0.0527755374020404	2.75372614602713e-08	0.0303757149484352	0.0591593414936605	0.045297280922926	0.812392090119027
S10735	2.99880743518362e-07	0.0519620788002272	1.54284199948054e-09	0.0307981738797581	0.056703414857609	0.0453589693231728	0.815177061715647
S10740	3.409778752354e-09	0.0518750865727259	2.14631451508303e-08	0.0311827877805803	0.0554297827698194	0.0483415873714493	0.813170730632501
S10745	1.65225441265203e-08	0.0502630269564575	5.1522177036165e-09	0.0290661095558646	0.0564735085275248	0.0478206539865221	0.816376679298869
S10748	8.52375232114178e-08	0.0521202190992151	1.85977481540072e-08	0.0298984737826428	0.0570259336866521	0.0445656153629143	0.816389654233304
S10753	5.77706612325305e-10	0.0541727743034291	5.59308431920989e-06	0.0295043286609429	0.0559272077128486	0.0482811343129558	0.812108961347798
S10756	2.40454824052255e-10	0.0535923208997064	4.72097209057272e-08	0.0296536401446348	0.0563301176773917	0.0464461369911728	0.813977736836918
S10757	1.38167116144632e-07	0.0564666381230919	1.335103529328e-08	0.0290203031154707	0.0572506697891715	0.0446400956862875	0.812622141767827
S1076	8.16457726343633e-09	0.0535990170433404	1.46155466364184e-08	0.0301568803159085	0.0563300643662648	0.0459737568248934	0.813940258669469
S10764	2.29857643953993e-09	0.0505719623137889	4.51587248343127e-09	0.0301070510532669	0.0573529956929256	0.0446212099720532	0.817346774153516
S10767	3.24968122187618e-08	0.0552217031967834	1.29783615184598e-08	0.0290987990637505	0.0572450169163215	0.0440858287918874	0.814348606556083
S10776	1.68830349537351e-08	0.0535087164706829	4.23664709810053e-08	0.0272557876979303	0.0571299924256595	0.0472149450633852	0.814890499092836
S10778	5.38395152394652e-08	0.0541471143965895	3.76998813447866e-08	0.0279211471433991	0.0574350686662295	0.0465668438094178	0.813929734444968
S10784	8.66022682121184e-09	0.0532411393521533	4.71301481888271e-06	0.0243944848356588	0.059087841217234	0.0471028019165368	0.816169011003372
S10787	3.9684836369693e-09	0.0527710301949291	3.02682141653107e-08	0.0304034778241493	0.0570455552431841	0.0444323782346609	0.815347524266379
S10800	2.52651084856858e-08	0.0536485158227119	2.23115048228975e-08	0.028573634543867	0.0562837610333566	0.0471607355528742	0.814333305470577
S10805	2.55246959397789e-08	0.0511724721914614	1.26150771235412e-08	0.028737363376968	0.0576570594416576	0.0460360433935669	0.816397023456573
S10813	5.19633167309196e-09	0.0523160003937895	1.62830085873213e-08	0.0298228769923351	0.0565015141436182	0.0456404166759448	0.815719170314972
S10814	9.44020173469761e-09	0.0495084000875624	6.5392557929489e-08	0.0283922262591739	0.0585279802676271	0.0436682713511281	0.819903047201749
S10815	4.68942201956514e-08	0.0536271653671536	2.03130647890815e-08	0.0283462789831514	0.0567867605748362	0.0457323352762479	0.815507392591326
S10817	1.25898794085556e-08	0.05297592698409	5.61128069812693e-09	0.0296160474113549	0.0574868015203943	0.0435422209395496	0.816378984943451
S1083	1.40295766082951e-07	0.0525564121292353	1.28980175210182e-09	0.0300492737706796	0.0574736603970164	0.0469131430033282	0.813007369114173
S10835	4.3612925231419e-08	0.0505986444535699	2.06146454279746e-10	0.0309502759277653	0.0567546186093865	0.0470726955077212	0.814623721682485
S10838	1.31146730048582e-08	0.0539596633560234	9.19177887395057e-08	0.0297486447981516	0.0574323932861349	0.0453899775009489	0.813469216026279
S10844	3.70656362034287e-08	0.0541557344402134	2.02490398462095e-08	0.0301030375901172	0.0565415561944632	0.0441953132701218	0.815004301190408
S10845	1.73394318315669e-08	0.0514759112233525	4.70858232973265e-06	0.0288260467538596	0.0570770952822048	0.0466484029012142	0.815967817917607
S10846	2.52904836980373e-08	0.0562157519726336	1.27368875050649e-07	0.0291609460327767	0.0564735568528913	0.0445377237618089	0.813611868720531
S10853	2.08273110776077e-08	0.0498850474931358	6.12574461217577e-09	0.0309210368938094	0.0572888138982343	0.0464015579818414	0.815503516779923
S10854	1.15135458599782e-07	0.0552167922646228	1.25920325906337e-09	0.0289037178646885	0.057030140778456	0.0449505587894262	0.813898673908145
S10865	1.5647330750099e-08	0.0526738309530132	2.29596368499852e-09	0.0276354848787474	0.0577719239742277	0.0466225666246769	0.815296175626041
S10866	5.85187117348575e-08	0.0535123107899251	1.20878682457754e-08	0.0304747255936776	0.0562825484252404	0.046624879997312	0.813105464587265
S10869	1.97963619402965e-07	0.0488080941403704	8.24628933708746e-09	0.0302949320661076	0.0566711337237126	0.0489883819788954	0.815237251881005
S10873	5.73534785517191e-08	0.0515463182155479	7.68198623510735e-09	0.0289154735836586	0.0568360838378532	0.0465979859140434	0.816104073413432
S10876	1.02786167435583e-07	0.0556042349505295	1.16360070909161e-08	0.0299593527619165	0.0565031234968706	0.0468638237210507	0.811069350647458
S10883	3.27675043947663e-07	0.0517419667915505	3.30456804721353e-09	0.0301526265025458	0.0567957083570413	0.0452819182298858	0.816027449139365
S10885	2.42178526850921e-09	0.051127249236707	1.10659644634454e-08	0.0321184552394577	0.0567841398922299	0.0459808770342792	0.813989265109576
S10893	1.95736359039623e-08	0.0514277793719965	5.28980637690832e-08	0.030373196665791	0.0568923930072056	0.0463171696741651	0.814989388809142
S10895	4.17084787427107e-06	0.0520279704986111	1.01401460541964e-09	0.0284427801837546	0.0576413088623004	0.0468418500481816	0.815041918545263
S10902	9.09191022991865e-08	0.052821881922016	5.24261484403418e-10	0.0311217154481065	0.056666480464574	0.0444543300083138	0.814935500713626
S10903	4.05860220478626e-09	0.0512933739884083	1.65515278117974e-08	0.0329042734462498	0.0565378934957448	0.0455121598429789	0.813752278616488
S1092	4.09274206108487e-09	0.0518981208034548	1.13004668956823e-08	0.0287983820596056	0.0571374522780026	0.0475121067679891	0.814653922697739
S10925	6.56395521766624e-09	0.0524714102553836	7.76709341913625e-09	0.0289805255408473	0.0573127362567579	0.045778718912961	0.815456594703001
S10927	1.1140818875256e-08	0.0535678729997303	3.42511350394916e-08	0.0292670002319715	0.0566931296728424	0.0475917471319382	0.812880204571564
S10936	8.94935950962131e-08	0.0543320087091839	1.31674354903347e-07	0.0307625751916583	0.0562208523063704	0.0467101813935428	0.811974161231295
S10945	9.78531340422674e-09	0.052871050084511	4.01678389526417e-08	0.0298950467266824	0.0559286786134457	0.0480349130315601	0.813270261590649
S10947	2.33114034368643e-08	0.0504491069766804	4.52739017685052e-10	0.0297188086530253	0.0583874198088531	0.0428260156835217	0.818618625113777
S10949	2.02478332430029e-08	0.054524320561174	3.54231031703857e-08	0.0311869261044783	0.0568290763964167	0.0447355855683623	0.812724035698632
S1095	6.63709278606238e-09	0.04911720821521	2.12845445238518e-08	0.0283675910043543	0.0584309764184055	0.0437346825964367	0.820349513843956
S10961	2.70297707950361e-09	0.0506500970097374	5.45133877100341e-09	0.0301503203160166	0.0570534658877906	0.0462973276219437	0.815848781010196
S10969	5.97130696829864e-08	0.0551012254967928	1.17787386171529e-08	0.0293677886356013	0.0556317961779749	0.0460561359309537	0.813842982266869
S10972	4.88173259355672e-09	0.0512086307928485	9.06241518532975e-08	0.0296937007869777	0.0570143623983011	0.0461093951632601	0.815973815352728
S10973	1.96840977843081e-09	0.0502620331199831	2.9867515351145e-06	0.0282769563174532	0.0571356428020287	0.0476321312321963	0.816690247808394
S10978	2.79202920782895e-08	0.0535035669997805	3.99966577925196e-08	0.0282464148594725	0.0569667307163797	0.0457825613002406	0.815500658207177
S10979	1.58385382163918e-09	0.0527134113219468	1.87457148068603e-08	0.0285397074180651	0.0576261769544361	0.0458590847284816	0.815261599247502
S10986	3.25482742850481e-08	0.0519090434625154	9.71638849151552e-09	0.0290488499224152	0.0573800508405502	0.0458902947623005	0.815771718747556
S10989	4.8859802854456e-09	0.0538583556686252	3.18504925664387e-08	0.0287131395134412	0.0571614643888154	0.044894140457057	0.815372863235588
S10995	4.29874203300711e-09	0.0542232743518617	2.54176213436961e-08	0.0304112806605019	0.0558721640786986	0.0471967649667849	0.81229648622579
S11005	5.88303845257287e-08	0.0526555440184759	8.27699516104929e-08	0.0310384751535698	0.0567507281522607	0.0448750922407922	0.814680018834565
S11008	4.01469102453327e-09	0.0520014965499049	2.73103289573315e-08	0.0285825748488572	0.0581981844771171	0.0448313123796448	0.816386400419456
S11010	2.34626706329852e-08	0.0507604586698984	1.00039571752378e-06	0.0290622947087007	0.0584510436468325	0.0423444597296131	0.819380719386567
S11013	1.80538915009774e-08	0.0538654924789559	3.75971096741663e-09	0.0296527276483922	0.0565760132757472	0.0458504881572767	0.814055256626026
S11016	2.52195674942654e-09	0.0534722627530214	1.07584305573176e-08	0.0314743614360584	0.0563385914408782	0.0466984689496177	0.812016302140037
S11017	1.40407238180037e-05	0.0514941531696046	2.83361606373329e-09	0.0314321319277785	0.0557392727445622	0.0472764026799977	0.814043995920623
S11020	2.50834750148186e-08	0.0527844711865457	4.62486573371462e-10	0.0297447510129189	0.056637722195812	0.0474384286055345	0.813394601453227
S11027	2.68407356124859e-05	0.052241230331495	8.03656650699129e-09	0.0290621430613935	0.0577264639189942	0.0473930974191092	0.813550216496829
S11035	8.75429808888319e-08	0.0527331685683644	1.01678019409777e-08	0.0297028349639058	0.0570380622441875	0.0447801180016956	0.815745718511064
S11041	2.70149927379329e-09	0.0528443999035612	2.11370665030154e-08	0.0275108139927552	0.0583594728537674	0.0450928273166797	0.816192462094671
S1106	2.80628275679193e-09	0.0545721399930599	8.70909148942379e-08	0.0284902651061349	0.0567851448838384	0.0449931133613463	0.815159246758423
S11071	8.93837590313957e-09	0.0573020808990934	1.20300751861522e-07	0.0313840835975131	0.0560242688056569	0.0440944068955202	0.811195030563089
S11076	2.91783098762938e-09	0.0536447203730276	1.02217440134878e-06	0.0281960127827994	0.057326325550263	0.0442108758574756	0.816621040344202
S11078	5.16461847291947e-08	0.0527736799324483	1.65986764114352e-08	0.0289633839484113	0.0566192269308264	0.0457898597852819	0.815853781158171
S11081	7.27048532443501e-08	0.0536303774727122	2.94833199560942e-07	0.0299673057533445	0.0564756197234923	0.0455380622156595	0.814388267296739
S11086	8.82552024233345e-09	0.0527356363135854	3.94694850346987e-09	0.0281155452360796	0.0579188560504695	0.0447806475904553	0.816449302036941
S1109	6.47387272216706e-09	0.0524927701738865	7.7296295770163e-09	0.0327886054506703	0.0547037475644576	0.0486926856471382	0.811322176960345
S11096	2.23686490960825e-06	0.0517933434476575	2.88327278729398e-09	0.0308389039916267	0.0562899180673157	0.0478788493813541	0.813196745363864
S11100	1.24957506221469e-08	0.0535243038400685	7.52323384454211e-09	0.0282678352837053	0.056735614565649	0.0441034581896468	0.817368768101946
S11107	4.16546288505281e-07	0.0521673492028048	1.33127442968185e-08	0.0309892225439574	0.0558050256072194	0.0453802064069885	0.815657766379997
S11109	1.26081006997588e-08	0.0506302345869487	5.41147813167765e-08	0.0273635235448144	0.0583466040299278	0.0458044936015525	0.817855077513875
S1111	1.44344892290917e-06	0.0546268096625649	2.58793821408954e-07	0.0317567398756542	0.0566204092927426	0.0449660194549436	0.81202831947135
S11119	3.33737440336861e-08	0.0524556442365808	3.77552515554639e-08	0.0282986099325378	0.0580894376852131	0.0445872304821656	0.816569006534507
S11127	1.04093389511643e-07	0.0531863388868032	7.14872704178195e-09	0.0324801517303534	0.0567508739105661	0.0465059366623879	0.811076587567773
S11136	4.47914975622518e-09	0.0530087057710554	4.998710170314e-07	0.0287913944305828	0.0572674191082654	0.0439104891668754	0.817021487173054
S11147	2.99238829166293e-08	0.0523752386745135	9.30061711054301e-09	0.029293283081289	0.0571894067616774	0.0453622297787437	0.815779802479276
S11150	1.4780855359787e-09	0.0519752715144061	2.02438181581746e-07	0.0283608557816815	0.057275179911756	0.0457775016859375	0.816610987189952
S11152	2.53090354610977e-09	0.0498850414477891	1.09530697050925e-08	0.0287720348364004	0.0579133601925293	0.0460051603088572	0.817424389730451
S1116	3.10114664714023e-09	0.055767270255856	4.16658562424364e-08	0.0323333879131456	0.0559443908573502	0.0458069167725726	0.810147989434073
S11163	6.95655870686209e-08	0.0551430519026427	9.15214902737164e-09	0.0275471356587967	0.0581356385143874	0.0450481970538041	0.814125898152633
S11164	7.9062948108314e-07	0.0515753693786707	2.93100800432505e-09	0.0283402605849344	0.0572662165974472	0.0471762482926625	0.815641111585796
S11166	2.30612875043814e-09	0.0478511683061297	4.84107790259984e-07	0.0278464850849342	0.0591884085158723	0.0423748918719742	0.822738559807171
S11173	1.75079341382e-08	0.0529453072655936	2.97649132267904e-07	0.0298898420532164	0.0568016196921076	0.0469029389897022	0.813459976842314
S11174	5.99974799837883e-08	0.0533846157010256	3.49753703398863e-08	0.0298020975604699	0.0576954415764121	0.0445428251275492	0.814574925061693
S11182	2.36383302479978e-08	0.0556593067190956	2.30128239690731e-08	0.029460506744202	0.0559193560788109	0.0462638608349948	0.812696922971742
S11188	3.88761218969832e-08	0.0524257381930433	7.35848057995488e-09	0.0303620402492979	0.0557802494761807	0.0466184591482567	0.814813466698619
S11189	7.47042166258865e-08	0.0554381115874307	9.75442461136418e-09	0.0280079465963169	0.0562982260093871	0.0464081934358461	0.813847437912378
S1119	8.48740994292371e-08	0.0562332747979209	2.42775772949042e-08	0.0295015815369902	0.0569516024050566	0.0436183658642532	0.813695066244102
S11195	8.51007009108821e-06	0.0548322857829203	4.92972559965065e-10	0.0312180978490553	0.0557684071378087	0.0471014271029769	0.811071271564175
S11197	7.42905520914175e-09	0.0537679701691598	2.66724541461422e-09	0.0286806380864263	0.0570354053402158	0.041702847397545	0.818813128910352
S11198	9.71212710030113e-09	0.0493504994982977	1.81161087923585e-09	0.0288484114064468	0.0571732134219225	0.0474359207165724	0.817191943433023
S11211	4.89219111219644e-09	0.0523437906912084	3.25677768270318e-09	0.0299766349751385	0.0574079361089505	0.0456664503962445	0.814605179679489
S11214	1.34015008749625e-08	0.0528077131484347	4.37634107496554e-09	0.0306111224954073	0.0569085352608799	0.0453696397574085	0.814302971560028
S11216	1.03570629777965e-07	0.0544003171441726	8.34366347089381e-09	0.0287304187321558	0.056386871744134	0.0468464971221268	0.813635783343117
S11224	8.97525192592221e-09	0.0529331191810851	3.13184422630146e-09	0.0289663983766516	0.0571007951314405	0.0453272292487403	0.815672445954987
S11236	1.92712496830436e-08	0.0535413098541382	2.21947812779156e-08	0.0312607567672939	0.0554573834488953	0.0466781574390547	0.813062351024587
S11241	3.72742043628534e-08	0.0521593730027524	7.85408922894622e-10	0.0295295289548341	0.0575912481463094	0.0436308860975575	0.817088925738934
S11243	1.05177379587295e-08	0.0533483819506831	1.5184791499272e-08	0.0278299550038229	0.0569976383061535	0.0447273154091254	0.817096683627686
S11245	8.20071309416988e-09	0.0507540708436866	3.08394516366222e-07	0.0293499693995803	0.0572499190835325	0.0435379617612282	0.819107762316743
S11249	8.34209123333636e-09	0.0524184420753723	5.38213632350978e-08	0.0277810586123674	0.0576856655652021	0.0437726116212978	0.818342159962306
S11274	1.71095895501414e-06	0.0493047915509628	1.49785264413644e-08	0.0286446544332306	0.0577565367187548	0.0427620333642805	0.82153025799529
S11280	3.86311256908608e-10	0.0541809223370229	1.81857357490219e-08	0.0288079539057109	0.0578777892592224	0.0460488376978568	0.81308447822814
S11281	1.99371068964874e-09	0.0528590594339639	5.80955847631996e-09	0.0295009504485799	0.0570717446565622	0.0458227170997147	0.81474552055791
S11285	1.07094167512449e-07	0.0513475105194579	1.13106063121072e-08	0.0281479207519457	0.0581097906087129	0.0429388278696261	0.819455831845484
S11298	7.62896358198803e-10	0.0531116006732519	1.45045180443785e-05	0.0316081560141412	0.0558925227244025	0.0454726891345521	0.813900526172712
S11311	2.36024302039687e-08	0.0530200600656802	3.28817895767334e-08	0.0299699720167688	0.0572282992070534	0.0452050817877909	0.814576530438487
S11312	1.54592485384701e-08	0.0534793745597453	9.43971052929955e-09	0.0298779859618539	0.0556085386953567	0.0463055768530671	0.814728499031018
S11316	5.4346314498682e-09	0.0540242040758438	5.75952953049121e-07	0.0311898225336657	0.0545801693379798	0.0462162589221103	0.813988963742816
S1133	1.05989463831403e-08	0.0522417743412037	2.21641360421828e-06	0.0289414108282023	0.0576416797675084	0.0428116758541172	0.818361232196418
