Bcells	CD4_Tcells	CD8_Tcells	Monocytes	Neutrophils	NKcells	otherCells
mix_1	0.0306696278740873	5.82203687581091e-09	0.211138580930774	0.0873647867269626	1.43977915959883e-08	0.066505634780411	0.604321349467937
mix_2	0.0174421485095048	5.03439235789771e-10	0.206789234953884	0.11074569254052	1.3166552317475e-07	0.0244487430831164	0.640574048744012
mix_3	0.109029151527229	0.123376635170282	0.271059690187995	0.020984810419977	1.376009590414e-08	0.0342154411217124	0.441334257812709
mix_4	0.142681951257294	0.000958050749145066	0.298730111351	0.0447072555294636	6.89753300893526e-07	0.0380925476890797	0.474829393670717
mix_5	0.0999017192345357	3.31364552852293e-10	0.373202633582054	0.0368704802453623	6.65164357085431e-06	0.0668643429978211	0.423154171965292
mix_6	0.0881907640060497	8.45643083595252e-10	0.32050310449506	0.0634849961237973	2.43455813536068e-07	0.0308223791525744	0.496998511921062
mix_7	0.187601118844722	0.00933271565264397	0.286312297810224	0.0314019012718204	1.28851165016464e-08	0.0565096878243444	0.428842265711129
mix_8	0.166069887299139	0.0641520180762874	0.129825103221026	0.0762587235222566	7.7737231677402e-07	1.82749629345367e-10	0.563693490326224
mix_9	0.039637438015456	3.60922592841104e-08	0.272679208039787	0.0657273872960205	1.03084881166901e-09	0.0738940856132722	0.548061843912356
mix_10	0.221150276888041	0.0101272601093865	0.285647627837859	0.0391484347361397	1.19932596698671e-06	3.69785591687303e-10	0.443925200732821
mix_11	0.0372152607192795	0.0364775376275412	0.138246349861273	0.106360346717372	2.89441696910409e-08	0.036738822236824	0.644961653893541
mix_12	0.0124597279677916	7.77617530221772e-08	0.311108450652328	0.0813242264473522	1.40029201299177e-06	0.0132382138987908	0.581867902979971
mix_13	0.249286932820137	4.28743697046335e-07	0.229168196078539	0.0314071840203346	9.18094666367845e-07	0.0660205163550805	0.424115823887546
mix_14	0.250300202784837	1.97376864818246e-06	0.342282718140678	0.0363614373047858	1.77492063502664e-06	2.63363319158766e-08	0.371051866744084
mix_15	0.194297389547086	4.63070731442702e-09	0.304972815351595	0.0139228260156656	0.000170750906600931	0.135545288838126	0.351090924710219
mix_16	0.121706391306539	0.0447072863310713	0.309667822696132	0.0376245749992256	2.89477711857984e-09	0.0204532426932045	0.465840679079051
mix_17	0.336425120106738	4.35557055356591e-10	0.408177095781529	0.000187358536042954	3.31810297560656e-07	6.31523366577049e-05	0.255146940993177
mix_18	0.0384201064162793	2.01048405659507e-09	0.170842819288252	0.117464665185049	1.50678451093287e-06	0.00806364004817878	0.665207260267246
mix_19	0.137196677954744	3.1253291437866e-06	0.301611748245745	0.0601169076756356	5.0794619550781e-10	0.0253496348726136	0.475721905414172
mix_20	0.0646805683920818	2.35708290073331e-07	0.622699119015175	3.36779409714541e-05	7.15562393394912e-09	0.0406013846819247	0.271985007105933
mix_21	0.160650034502514	1.75570288346156e-09	0.412402786699027	0.0321005632703717	1.62280909820737e-07	0.0126115236445459	0.382234927846929
mix_22	0.168020870278773	2.51543767216727e-10	0.243408209158597	0.0539034431975638	2.34452216711159e-07	0.0721544343766251	0.46251280828468
mix_23	0.178657576410548	0.0434696272527614	0.213083351348742	0.0600438465720106	2.60456483993096e-08	0.00160129090482279	0.503144281465467
mix_24	0.0118076322244748	1.06458599413539e-09	0.128278945908588	0.127666725098809	2.7521433275118e-08	0.0395136047362444	0.692733063445865
mix_25	0.035017643623883	0.0572557681809303	0.298156631477188	0.0648855971763192	3.14251872389273e-09	1.74600543530867e-10	0.54468435622456
mix_26	0.03164579733744	0.0656674123990897	0.362339962044668	0.00292041937609542	4.67796063381133e-09	0.149543756212457	0.387882647952289
mix_27	0.190885211128669	3.78272196179448e-07	0.0599489281812721	0.0884400821208225	1.2792327536643e-07	0.0700164480594676	0.590708824314297
mix_28	0.116288082083486	4.24883419520684e-09	0.508824440334396	0.00198208324991904	3.58146336478209e-07	0.0511787832912956	0.321726248645732
mix_29	0.0770161509435295	7.90210217479833e-09	0.296273763369851	0.0579040706485601	1.75862950477537e-07	0.0537683301804392	0.515037501092568
mix_30	0.108320239531043	9.35770183362786e-09	0.304718030326467	0.0578469509734474	1.70341266565274e-08	0.0348691409138668	0.494245611863347
mix_31	0.0734068395592632	0.0947378118949719	0.189180290170188	0.063972352579103	5.49048346529131e-09	0.023335393763153	0.555367306542837
mix_32	0.103406074550236	1.83634836164859e-06	0.349345035961413	0.0449414435126477	4.83203002066204e-09	0.0352485661824408	0.467057038612871
mix_33	0.117070366756094	0.080484355197009	0.137448754319147	0.0673309269758654	7.31148332811097e-09	0.0367069418125189	0.560958647627882
mix_34	0.0181343929303794	8.71222655572327e-05	0.216526876440703	0.0974319430769211	5.8717025603192e-08	0.0412890998876425	0.626530506681771
mix_35	0.0680556240584109	2.95144676046011e-09	0.325996895889687	0.068944152563841	1.62333774612803e-08	0.0385731767447899	0.498430131558447
mix_36	0.194990502581329	0.180957492681148	0.0937999860242823	0.0306577570463445	6.7672294601768e-08	0.0297373107697362	0.469856883224865
mix_37	0.179335963109323	0.127673412023228	0.168900896698032	0.0351399461927135	6.30869158178917e-08	0.014830924458178	0.474118794431609
mix_38	0.06556160755375	0.162085585276853	0.239451612842429	0.0117720580597983	4.4017418639084e-08	0.0973108469586991	0.423818245291052
mix_39	0.216269145957688	4.21106436054132e-10	0.328324652628443	0.0133360604730565	1.88064069641085e-06	0.105272852242468	0.336795407636542
mix_40	0.12093222592057	0.14607487480809	0.0794540956867054	0.0674341136939568	6.85776931124437e-08	0.0232928191219132	0.562811802191072
mix_41	0.0401810013074816	2.59427555468032e-09	0.261326720162476	0.0807212208848394	2.35465603129439e-08	0.0530389453833318	0.564732086121035
mix_42	0.215790827620644	6.94333048292429e-09	0.413066039563733	0.00532506261319467	1.72108687385419e-07	0.0278924248882473	0.337925466262163
mix_43	0.0195909930537034	2.66045493637969e-09	0.401906519353308	0.0358881335550484	5.3714181251772e-07	0.086861634068164	0.455752180167509
mix_44	0.0438568895327167	0.150861332015739	0.193487079718293	0.0328083894572478	1.77252834373126e-08	0.0772635486862655	0.501722742864454
mix_45	0.0108462898589579	0.11163300436436	0.275259515546325	0.0558888726916851	5.39223312781449e-05	6.28066387935322e-10	0.546318394579327
mix_46	0.103853815352396	1.49378517868014e-09	0.503107077884445	0.0152570089356507	9.42197171452478e-08	0.0519081100408555	0.32587389207315
mix_47	0.127850244869241	0.0114934899205272	0.267108479589667	0.065925162058826	8.43265918761776e-08	0.00240181078197967	0.525220728453167
mix_48	0.179104402658984	4.27216319867811e-08	0.0270991341206245	0.0949455608745513	2.81884132216683e-07	0.0827890782684164	0.616061499471659
mix_49	0.143877689962441	2.00571813178162e-09	0.195567127197617	0.0690415424826308	6.19992282559889e-07	0.0586604793778201	0.532852538981491
mix_50	0.163484723110259	0.0840965644075456	0.326598316971456	0.0191946846066274	2.94066435885947e-07	1.29962744243702e-09	0.406625415538048
mix_51	0.165411105958228	0.0323524409714099	0.0504369855928333	0.0812222078249622	6.72850366117954e-08	0.0724588596483253	0.598118332719204
mix_52	0.246782260621253	0.0523272058489691	0.240459566655324	0.0086959663803519	8.09644509488752e-08	0.0748900038119991	0.376844915717652
mix_53	0.155878809088411	6.47163695336964e-07	0.153437646050558	0.074280477915874	2.50154828091318e-08	0.0532816731459127	0.563120721620066
mix_54	0.214725765585693	2.16116975533857e-09	0.528238527793131	0.00825828645728726	0.0010355953591299	0.00646418312558128	0.241277639518008
mix_55	0.143050406296999	1.16074525335393e-08	0.185739609631871	0.0734183357795725	1.8224007640194e-07	0.0450009270148846	0.552790527429144
mix_56	0.0821291847962168	0.122096764464889	0.260857272991491	0.0412309394352295	9.45785430257238e-06	1.89926128047802e-10	0.493676380267945
mix_57	0.0124795028431396	0.0832514596454163	0.193310758022291	0.0705342064719556	2.99012603441915e-08	0.0562585437944181	0.58416549932152
mix_58	0.10862761754016	2.81793571449667e-05	0.339048426300189	0.0338218867692188	1.63185864811167e-08	0.0619397016775534	0.456534172037148
mix_59	0.0181768902740439	1.07741435055374e-09	0.320515023038747	0.0763883423629295	1.23776371206999e-07	0.0474594384516034	0.53746018101889
mix_60	0.19504775765024	2.62441847309648e-06	0.29537291694939	0.0486765032239349	2.29270947779732e-07	9.07878184108132e-10	0.460899967579136
mix_61	0.157351082868668	0.181250112736462	0.271153903478202	0.00417027704532709	1.54763414571576e-07	0.00564500425173421	0.380429464856192
mix_62	0.135201533090325	0.180544200878998	0.171081040752793	0.0113170392477717	2.39428721438725e-08	0.0707957457538389	0.431060416333402
mix_63	0.0271184507877365	9.89035910985709e-09	0.29494444543538	0.0753404604732813	2.85937789343656e-09	0.0272390476885434	0.575357582865321
mix_64	0.135384764680813	0.103509915282433	0.124485284120687	0.0726592319697386	4.70584344968659e-09	1.07562457258371e-08	0.56396078848424
mix_65	0.100366893673401	0.016431032597594	0.22814882363094	0.0406306125711067	2.47146977141199e-09	0.128033385936615	0.486389249118874
mix_66	0.157532368772721	8.84592317365734e-09	0.113456782459909	0.0813721193517882	4.15270941609655e-05	0.0701005244119105	0.577496669063587
mix_67	0.209640278273889	0.000971362849723914	0.341559768467932	0.00818289897295456	1.13494686405296e-07	0.0829519398144519	0.356693638126362
mix_68	0.052886662202411	3.45096739569794e-09	0.466456382935545	0.0175245416904093	5.17639245311638e-10	0.100322869315794	0.362809539887233
mix_69	0.127372861476642	0.0337738307992237	0.201904590384858	0.0745928008587282	7.03590444266040e-09	6.68948619467326e-08	0.562355842549782
mix_70	0.265925833961574	1.2361726422397e-07	0.0237441392203552	0.0541174609811199	2.09963746892251e-07	0.174082028480189	0.48213020377575
mix_71	0.193579704509719	3.18650181229879e-07	0.116336700985115	0.0962072063379188	4.06856286531782e-07	3.42783786980729e-10	0.593875662317995
mix_72	0.313483261994667	0.110527949156392	0.13733253460265	0.0209003486842299	5.11432442416654e-07	0.0147611695911088	0.402994224538511
mix_73	0.219451525000782	1.49813551738094e-09	0.195977217092739	0.0382605970246001	5.48140982121991e-06	0.121405731258076	0.424899446715845
mix_74	0.158395717155427	0.119145730370165	0.106368379141954	0.0512111493612734	5.41694341661371e-08	0.0396686925045907	0.525210277297156
mix_75	0.146415119400863	0.0478667937234939	0.0466186304600245	0.092312126460402	9.00584288293174e-09	0.0518423239720124	0.614944996977361
mix_76	0.0504890135046556	9.73249072324524e-10	0.427626675706452	0.0338244736633075	4.71893308736689e-07	0.0735921619226122	0.414467202336415
mix_77	0.062978088195643	1.42003379672485e-08	0.531106754987142	0.0058484575463026	4.81774185792607e-07	0.0423925154532526	0.357673687843136
mix_78	0.115574429924634	2.8771803238782e-10	0.235501047833745	0.0732230426161668	8.92729715543706e-09	0.0440007213155582	0.53170074909488
mix_79	0.0338441545235988	3.91596333090339e-09	0.280541154582908	0.0837550752838688	5.35422508069566e-06	0.0124422202135934	0.589412037254987
mix_80	0.173244257338738	0.0068775471596144	0.330559973133604	0.038891726937615	4.85515347224718e-08	3.6668993834636e-10	0.450426446512203
mix_81	0.0848086554917619	0.117131065837878	0.293919298741894	0.0364136449041174	1.71219716176887e-08	3.84570412892804e-10	0.467727317517806
mix_82	0.14139751583032	1.90896834095308e-08	0.298614066981134	0.0651922035300934	2.64767677192973e-06	0.016040015224222	0.478753531667776
mix_83	0.120812988830607	0.0307188301112524	0.115393631353109	0.0860693713198079	1.28173287894532e-07	0.0424425059221647	0.604562544289771
mix_84	0.122376837404673	0.00432196596513191	0.360175474778608	0.0440185662730779	7.36242126809559e-07	1.65682965573388e-07	0.469106253653417
mix_85	0.0857422597489686	0.0191990648098106	0.377467391543798	0.041975145512907	1.32306309071972e-07	1.68216900975882e-11	0.475616006061385
mix_86	0.0468603730611423	0.0737951558422099	0.367288269217576	0.0191799851289794	3.45703909552804e-08	0.0542347455937827	0.438641436585918
mix_87	0.0650971686094659	0.105423101219425	0.234230093681531	0.0594593678986705	1.25301605841739e-09	2.73333744645516e-10	0.535790267064558
mix_88	0.118923535725482	1.38244997881845e-09	0.362407191575888	0.0308271052128862	7.96682797704244e-07	0.0519173001149725	0.435924069305525
mix_89	0.099106939745109	1.90932676953897e-08	0.498462909835267	0.0115441209205691	1.62410193899837e-06	0.0365793324045672	0.354305053899281
mix_90	0.0532816934528657	0.000563102142322165	0.358173650899892	0.0666178204739512	1.24805493374051e-09	2.13541494745055e-11	0.52136373176156
mix_91	0.113540068660799	0.00635635909014332	0.143329400177899	0.0807463449526006	1.75073848776219e-08	0.0678764002462977	0.588151409364875
mix_92	0.0975734902592448	0.0588483288314778	0.242112755147421	0.0643181605039011	5.46562662876304e-07	0.00551592742865189	0.531630791266641
mix_93	0.0148349981044007	0.000364252590699509	0.123486311362032	0.131778603930308	5.93326366797743e-10	0.0131820630445784	0.716353770374655
mix_94	0.0140187728682649	1.59825507403483e-09	0.214788717017044	0.0971766692785007	5.35001706161349e-09	0.0730897852127692	0.600926048675149
mix_95	0.170188520351203	4.17173036579466e-08	0.0911408237872498	0.0785182501247854	1.8489700513485e-07	0.0857439010732096	0.574408278049243
mix_96	0.139625864799331	8.96021521561962e-10	0.116160773704878	0.0695755082622823	4.00258533242355e-08	0.128884034625187	0.545753777686446
mix_97	0.0856417173546408	1.57001892791737e-08	0.287912916688278	0.0726462385773957	7.38751474127095e-09	0.016346722588004	0.537452381703977
mix_98	0.126427131532701	0.0513762856959227	0.193379248929327	0.0701992048334674	2.18265508008715e-08	0.0116024747079781	0.547015632474053
mix_99	0.0741734491822227	0.100645585199464	0.461679421607416	0.000710275110483641	1.23726121855172e-07	0.0140787898230634	0.348712355351229
mix_100	0.1061858986375	0.0393048262736117	0.272195733358218	0.0570416161461868	2.93045967393546e-08	0.00655430861236083	0.518717587667526
