B Cells	CD4 T Cells	NK Cells	Monocytes	CD8 T Cells
average.Mix_1	0.143299011009	0.0892498370362	0.159592604151	0.49963383075	0.108224717055
average.Mix_2	0.350983558645	0.179723695534	0.155989114485	0.148838944432	0.164464686904
average.Mix_3	0.137008354986	0.574951684125	0.131541488023	0.0401217757136	0.116376697152
average.Mix_4	0.160446086139	0.562447250081	0.145087209396	0.0	0.132019454384
average.Mix_5	0.255049139226	0.558544729735	0.0921570622324	0.0	0.094249068807
average.Mix_6	0.230196050704	0.0556190572662	0.091833184629	0.544828339895	0.0775233675056
average.Mix_7	0.220041425586	0.553460655568	0.0885337801456	0.0	0.1379641387
average.Mix_8	0.56524020691	0.252000043762	0.0	0.0509578437494	0.131801905579
average.Mix_9	0.258610046786	0.455701993494	0.124566403812	0.027478202485	0.133643353422
average.Mix_10	0.339623915825	0.389287711792	0.0509936328713	0.122747045614	0.0973476938984
average.Mix_11	0.312016138929	0.284929329117	0.191554251232	0.0	0.211500280723
average.Mix_12	0.11856711004	0.281824596586	0.162709258239	0.311860359823	0.125038675312
average.Mix_13	0.341487015556	0.499107035832	0.0473465052538	0.0	0.112059443358
average.Mix_14	0.131240771271	0.618601424421	0.127274168881	0.0	0.122883635427
average.Mix_15	0.319626615962	0.29979775601	0.144387344897	0.0	0.236188283132
average.Mix_16	0.521908344393	0.269117455182	0.0119513582136	0.0	0.197022842212
average.Mix_17	0.285893234601	0.447033495792	0.0903955074853	0.0	0.176677762122
average.Mix_18	0.311541837833	0.38411553048	0.0584529254875	0.0	0.2458897062
average.Mix_19	0.153426253314	0.366734630722	0.121770322537	0.254821100566	0.103247692861
average.Mix_20	0.466491947585	0.174683457936	0.0475201768654	0.163727512664	0.147576904949
average.Mix_21	0.41738066525	0.136224062074	0.0	0.343772194464	0.102623078212
average.Mix_22	0.178827221262	0.179051848965	0.118638546085	0.41490594749	0.108576436197
average.Mix_23	0.598508213843	0.203829786037	0.0354372101825	0.0	0.162224789938
average.Mix_24	0.228341441984	0.447189467909	0.0375721943045	0.0	0.286896895802
average.Mix_25	0.320870485026	0.519778708232	0.0418378711807	0.0	0.117512935562
average.Mix_26	0.395513963824	0.390647231428	0.0305204460579	0.0	0.183318358691
average.Mix_27	0.691730128059	0.203512066994	0.0	0.0	0.104757804947
average.Mix_28	0.291679565553	0.140198868333	0.103147472381	0.333302816695	0.131671277038
average.Mix_29	0.458676690312	0.379660445116	0.0	0.0	0.161662864571
average.Mix_30	0.155308682142	0.634648207739	0.105667960024	0.0	0.104375150096
average.Mix_31	0.462523253691	0.288088292492	0.0627060022347	0.0	0.186682451582
average.Mix_32	0.386701073984	0.381529460858	0.0	0.0	0.231769465158
average.Mix_33	0.28929167323	0.279580719784	0.130812898945	0.0789351291686	0.221379578873
average.Mix_34	0.287384633496	0.0758385272471	0.0784679071363	0.46914800966	0.0891609224606
average.Mix_35	0.201340591673	0.47963359327	0.158060517255	0.0180759273994	0.142889370403
average.Mix_36	0.285910828391	0.478716954751	0.0980520723468	0.0	0.13732014451
average.Mix_37	0.135896449779	0.552883158105	0.132859759939	0.0668692736769	0.111491358499
average.Mix_38	0.139077419007	0.226501341983	0.17647054308	0.30928468498	0.148666010949
average.Mix_39	0.463521427581	0.0627571007593	0.0	0.46202176488	0.0116997067796
average.Mix_40	0.177972617201	0.603324610139	0.113877238591	0.0	0.104825534068
average.Mix_41	0.141176452753	0.467397212183	0.15253585895	0.129995839384	0.108894636729
average.Mix_42	0.514147702615	0.296070817846	0.0	0.0	0.189781479539
average.Mix_43	0.2756659664	0.400292781121	0.0831768941198	0.141434892305	0.0994294660545
average.Mix_44	0.118223617997	0.291020354008	0.175137474385	0.294777882881	0.12084067073
average.Mix_45	0.275036335334	0.502368255457	0.074795849512	0.0	0.147799559697
average.Mix_46	0.607693899354	0.250577176787	0.0	0.0	0.14172892386
average.Mix_47	0.248595211681	0.217498053167	0.102231970291	0.325146009372	0.106528755489
average.Mix_48	0.312801873654	0.407320235405	0.121444229072	0.0	0.15843366187
average.Mix_49	0.120992670112	0.584120013979	0.167585797625	5.30370028624e-05	0.127248481281
average.Mix_50	0.422423943642	0.344040344418	0.0	0.0	0.23353571194
average.Mix_51	0.442745928628	0.253295397137	0.0997878472813	0.0	0.204170826953
average.Mix_52	0.152375198924	0.591439338236	0.12052364248	0.0	0.13566182036
average.Mix_53	0.441350926445	0.187771754081	0.0171741468154	0.206269349806	0.147433822853
average.Mix_54	0.0843798973862	0.36590223377	0.159960644175	0.302767403165	0.0869898215039
average.Mix_55	0.10851334516	0.540892409836	0.153186702263	0.0830925216585	0.114315021083
average.Mix_56	0.390813903673	0.370867042172	0.0332908885107	0.0	0.205028165645
average.Mix_57	0.0503988024697	0.424797487403	0.200726825521	0.207581040086	0.11649584452
average.Mix_58	0.285921674281	0.376653760503	0.128539945431	0.0	0.208884619784
average.Mix_59	0.0987296324412	0.565637534155	0.149595696091	0.0859678074446	0.100069329868
average.Mix_60	0.357091742814	0.552650917755	0.0	0.0	0.090257339431
average.Mix_61	0.291683015222	0.439025393848	0.0890470807697	0.0798132372762	0.100431272885
average.Mix_62	0.219826562978	0.588847631978	0.0978942818279	0.0	0.0934315232159
average.Mix_63	0.0847939526453	0.366747333051	0.163487346219	0.288731966971	0.0962394011132
average.Mix_64	0.329525119914	0.0966676034335	0.0433451636477	0.436610697022	0.0938514159831
average.Mix_65	0.406946483909	0.16447378129	0.0411753380806	0.248043613498	0.139360783223
average.Mix_66	0.254379671674	0.519719744044	0.0960966039451	0.0	0.129803980337
average.Mix_67	0.465491318194	0.0646399824303	0.0295720602411	0.366924958034	0.0733716811009
average.Mix_68	0.483084697756	0.311465933739	0.0	0.0	0.205449368506
average.Mix_69	0.325169729546	0.51992630265	0.0524672669176	0.0	0.102436700886
average.Mix_70	0.42570726877	0.320394193308	0.0278178723735	0.0	0.226080665548
average.Mix_71	0.181338698378	0.595721464447	0.111323000877	0.00161239353735	0.11000444276
average.Mix_72	0.270840214705	0.233548024468	0.0	0.375088126545	0.120523634282
average.Mix_73	0.100268858989	0.562994440908	0.158862365946	0.0596865116298	0.118187822527
average.Mix_74	0.255403137857	0.397805332283	0.09876777727	0.156257199632	0.0917665529579
average.Mix_75	0.132279496565	0.534948004788	0.165149369156	0.0477285726375	0.119894556854
average.Mix_76	0.141148560058	0.600444868123	0.144746204992	0.0	0.113660366828
average.Mix_77	0.186323425762	0.108638731684	0.156638706213	0.42734054626	0.121058590082
average.Mix_78	0.132043389994	0.595040024297	0.135248524445	0.0	0.137668061264
average.Mix_79	0.0699216640634	0.447103148636	0.167751654473	0.222541492127	0.0926820406999
average.Mix_80	0.305684222047	0.240984366401	0.163133777032	0.0861319645964	0.204065669924
average.Mix_81	0.188661150748	0.460260218339	0.115300139089	0.129759518855	0.106018972969
average.Mix_82	0.188916572377	0.612669208309	0.0906520771505	0.0	0.107762142163
average.Mix_83	0.295019202522	0.415334719576	0.0929627263985	0.0817214043887	0.114961947115
average.Mix_84	0.456283712048	0.259813334465	0.0453046133529	0.0396253669629	0.198972973171
average.Mix_85	0.168513745687	0.561921014212	0.142772346696	0.0	0.126792893405
average.Mix_86	0.146265825076	0.46969485266	0.125367336508	0.157524086261	0.101147899496
average.Mix_87	0.489574811469	0.187628762606	0.0354581611484	0.213379667599	0.0739585971767
average.Mix_88	0.576250110763	0.275118052571	0.0	0.0	0.148631836666
average.Mix_89	0.0850341616831	0.247445275993	0.179327281561	0.368551722842	0.119641557921
average.Mix_90	0.114643370686	0.5569675332	0.163211470744	0.0606130669762	0.104564558393
average.Mix_91	0.481796086408	0.369843505418	0.0354035124713	0.0	0.112956895703
average.Mix_92	0.158987278975	0.390075637191	0.160044221569	0.181248560759	0.109644301506
average.Mix_93	0.327466604206	0.303707685819	0.0	0.244918892495	0.12390681748
average.Mix_94	0.607629430981	0.244568798505	0.0	0.0	0.147801770514
average.Mix_95	0.186894913118	0.36101454766	0.195028267918	0.0924276585692	0.164634612735
average.Mix_96	0.256530074089	0.363388915419	0.154952325638	0.0	0.225128684854
average.Mix_97	0.213503906716	0.365900671487	0.113518542151	0.208958794791	0.098118084855
average.Mix_98	0.305656461446	0.0	0.0	0.694343538554	0.0
average.Mix_99	0.141199023486	0.363926091246	0.21373460354	0.0	0.281140281727
average.Mix_100	0.197692306916	0.0828179483993	0.136634707812	0.484140702891	0.0987143339813
stdev.Mix_1	0.50090924377	0.169229069061	0.134610633856	0.0252998114787	0.169951241833
stdev.Mix_2	0.400545285357	0.332061692306	0.0543589811602	0.180194431351	0.0328396098256
stdev.Mix_3	0.386157703794	0.328407828059	0.0990525072056	0.0455398049739	0.140842155968
stdev.Mix_4	0.115464947033	0.648441996004	0.0705764522899	0.0	0.165516604673
stdev.Mix_5	0.515153633178	0.319729520129	0.102511815593	0.0	0.062605031101
stdev.Mix_6	0.054151701525	0.134102603484	0.284834412385	0.425757903766	0.10115337884
stdev.Mix_7	0.233851045692	0.488426771335	0.107952843586	0.0	0.169769339387
stdev.Mix_8	0.195604668334	0.246352443574	0.0	0.419795677899	0.138247210193
stdev.Mix_9	0.411426785219	0.380039840386	0.00801135044451	0.09522494164	0.105297082311
stdev.Mix_10	0.250179730171	0.409447197356	0.0519398465087	0.237385898032	0.0510473279324
stdev.Mix_11	0.325185603239	0.551230394414	0.0390500610196	0.0	0.0845339413267
stdev.Mix_12	0.230753900352	0.496463537165	0.0626423887768	0.0684390946571	0.141701079049
stdev.Mix_13	0.148816240747	0.535995165109	0.250318767639	0.0	0.0648698265049
stdev.Mix_14	0.134929608361	0.701498328764	0.0864579286343	0.0	0.0771141342411
stdev.Mix_15	0.433677574297	0.361135089598	0.0723780187891	0.0	0.132809317316
stdev.Mix_16	0.451124374117	0.0536346234364	0.216904987355	0.0	0.278336015091
stdev.Mix_17	0.374183873817	0.439238691564	0.0393268032527	0.0	0.147250631366
stdev.Mix_18	0.503974052783	0.255775763662	0.109100629488	0.0	0.131149554068
stdev.Mix_19	0.230751319519	0.505276363538	0.0381663103245	0.161714975622	0.0640910309959
stdev.Mix_20	0.456808104036	0.181125019779	0.0624481274541	0.14389263332	0.15572611541
stdev.Mix_21	0.379159128383	0.0976198403107	0.0	0.370368182518	0.152852848788
stdev.Mix_22	0.313240175117	0.401332019624	0.041917989052	0.213112187835	0.030397628372
stdev.Mix_23	0.583821401801	0.187637770352	0.102554690054	0.0	0.125986137792
stdev.Mix_24	0.464376438217	0.271555118378	0.125492881358	0.0	0.138575562047
stdev.Mix_25	0.317353965816	0.506974877688	0.0723250228555	0.0	0.103346133641
stdev.Mix_26	0.337585144545	0.534630964504	0.11290268576	0.0	0.0148812051911
stdev.Mix_27	0.526179021764	0.293949156143	0.0	0.0	0.179871822093
stdev.Mix_28	0.150328423372	0.133623110632	0.152462608143	0.487199645655	0.0763862121987
stdev.Mix_29	0.523031183526	0.363365464238	0.0	0.0	0.113603352236
stdev.Mix_30	0.3941164675	0.429315297798	0.044982339497	0.0	0.131585895206
stdev.Mix_31	0.380989389576	0.420872342576	0.0276614560675	0.0	0.170476811781
stdev.Mix_32	0.386975903264	0.24889921616	0.0	0.0	0.364124880577
stdev.Mix_33	0.369628317005	0.28003058109	0.0368820258208	0.204353645847	0.109105430236
stdev.Mix_34	0.558016495322	0.232529762863	0.0833321141624	0.0629824467472	0.0631391809056
stdev.Mix_35	0.370624584289	0.379200159536	0.0365635654852	0.112905755141	0.100705935548
stdev.Mix_36	0.48020251572	0.469477422078	0.0302563028303	0.0	0.0200637593714
stdev.Mix_37	0.24051425495	0.548379544575	0.0205182043173	0.0821113732619	0.108476622896
stdev.Mix_38	0.298293978409	0.464899713951	0.0204961397298	0.144195500526	0.0721146673843
stdev.Mix_39	0.553560142586	0.152052927962	0.0	0.207133636066	0.0872532933861
stdev.Mix_40	0.209446839363	0.647954790816	0.0503011200097	0.0	0.0922972498108
stdev.Mix_41	0.300355467895	0.371300399916	0.0523227421624	0.118796540697	0.157224849328
stdev.Mix_42	0.573422753436	0.168422748888	0.0	0.0	0.258154497676
stdev.Mix_43	0.171935514879	0.372828749058	0.154416458578	0.218808313942	0.0820109635423
stdev.Mix_44	0.138273929171	0.429305570918	0.0562497764481	0.125698636913	0.25047208655
stdev.Mix_45	0.459124188573	0.354853092034	0.0810075583137	0.0	0.105015161079
stdev.Mix_46	0.396166736706	0.200874052375	0.0	0.0	0.402959210919
stdev.Mix_47	0.287853124752	0.402623573813	0.0832234330933	0.114954234366	0.111345633976
stdev.Mix_48	0.384966455386	0.474393234392	0.0672585437468	0.0	0.0733817664751
stdev.Mix_49	0.240351018813	0.573357939088	0.0640503960472	0.0334667722773	0.0887738737749
stdev.Mix_50	0.506490120268	0.16261478123	0.0	0.0	0.330895098501
stdev.Mix_51	0.304124969682	0.221792284882	0.18339202325	0.0	0.290690722187
stdev.Mix_52	0.401553809562	0.420975251264	0.0253500135407	0.0	0.152120925634
stdev.Mix_53	0.356220456796	0.267440966033	0.0783361833867	0.238786704162	0.0592156896227
stdev.Mix_54	0.237637177518	0.386928750802	0.116316280688	0.102150310015	0.156967480977
stdev.Mix_55	0.444432564477	0.268970357203	0.0694953564073	0.0581064451991	0.158995276713
stdev.Mix_56	0.289490444582	0.574748076508	0.0776340734948	0.0	0.0581274054155
stdev.Mix_57	0.172956449272	0.452037681834	0.0595639286406	0.172373518649	0.143068421604
stdev.Mix_58	0.363406931101	0.512130424692	0.039191344663	0.0	0.0852712995442
stdev.Mix_59	0.309620903816	0.302513456504	0.0957566619103	0.17317834131	0.118930636459
stdev.Mix_60	0.373834732599	0.588587108011	0.0	0.0	0.0375781593896
stdev.Mix_61	0.178411740093	0.489061568404	0.180404428522	0.0392254291859	0.112896833795
stdev.Mix_62	0.346462590152	0.508069911063	0.0528109841352	0.0	0.09265651465
stdev.Mix_63	0.295337216895	0.13723826061	0.133477810486	0.259348511219	0.17459820079
stdev.Mix_64	0.380729123842	0.153648685777	0.0467065437546	0.371371539852	0.0475441067748
stdev.Mix_65	0.10721917644	0.1258269051	0.15604062482	0.443974583086	0.166938710554
stdev.Mix_66	0.422976710795	0.319842565706	0.138222239998	0.0	0.118958483501
stdev.Mix_67	0.45000740047	0.0752442135228	0.18775662267	0.133671496587	0.153320266751
stdev.Mix_68	0.500930256741	0.316678762565	0.0	0.0	0.182390980694
stdev.Mix_69	0.36214457701	0.492167218864	0.0752627023007	0.0	0.0704255018255
stdev.Mix_70	0.177001501769	0.541644694287	0.10709338089	0.0	0.174260423053
stdev.Mix_71	0.378009086428	0.380536447201	0.0688156944927	0.0670347943796	0.105603977499
stdev.Mix_72	0.105422046071	0.0801360979849	0.0	0.705061144643	0.109380711301
stdev.Mix_73	0.193453666821	0.415717850188	0.260885760088	0.0969560265748	0.0329866963285
stdev.Mix_74	0.35740711013	0.281723676355	0.0948109275834	0.173412063996	0.0926462219357
stdev.Mix_75	0.18736495313	0.44081245251	0.0773982071598	0.127783404047	0.166640983153
stdev.Mix_76	0.0625696945513	0.659871910768	0.195287946366	0.0	0.0822704483149
stdev.Mix_77	0.654412868373	0.0908715355098	0.102195217685	0.0195575427893	0.132962835642
stdev.Mix_78	0.141010648198	0.682216639835	0.014853101734	0.0	0.161919610232
stdev.Mix_79	0.162748894678	0.467419656953	0.119041902701	0.0335777208557	0.217211824813
stdev.Mix_80	0.223049993247	0.402474267933	0.0946471270911	0.193207668645	0.0866209430838
stdev.Mix_81	0.389244222041	0.308444762234	0.122542803619	0.0228395535426	0.156928658564
stdev.Mix_82	0.11532690516	0.617175953599	0.167361270335	0.0	0.100135870906
stdev.Mix_83	0.238042796274	0.466426206231	0.0725614551442	0.167110328638	0.055859213712
stdev.Mix_84	0.479388721597	0.218520838302	0.0859519002957	0.113059037561	0.103079502243
stdev.Mix_85	0.271623542246	0.625134693896	0.0447618821353	0.0	0.0584798817231
stdev.Mix_86	0.268572645261	0.263240067695	0.12880406268	0.161436162126	0.177947062238
stdev.Mix_87	0.356000607053	0.3827107666	0.0847129481529	0.135620915914	0.0409547622797
stdev.Mix_88	0.659840454765	0.0964945302485	0.0	0.0	0.243665014987
stdev.Mix_89	0.140312552179	0.559016283747	0.0555588703499	0.16806088974	0.0770514039836
stdev.Mix_90	0.339840367046	0.29648514484	0.0630672420257	0.098097795978	0.20250945011
stdev.Mix_91	0.583091218783	0.260931214622	0.0806139829454	0.0	0.0753635836488
stdev.Mix_92	0.406512213404	0.247414776429	0.118070423584	0.166836853838	0.0611657327444
stdev.Mix_93	0.311626339736	0.269677692937	0.0	0.208180344307	0.21051562302
stdev.Mix_94	0.586116648628	0.110624239913	0.0	0.0	0.30325911146
stdev.Mix_95	0.0287799931436	0.448126925716	0.132610390328	0.110563407517	0.279919283295
stdev.Mix_96	0.392954668937	0.55158148723	0.000951406639765	0.0	0.0545124371928
stdev.Mix_97	0.393143303734	0.379565365368	0.0435521161852	0.0950690457351	0.0886701689784
stdev.Mix_98	0.497846585948	0.0	0.0	0.502153414052	0.0
stdev.Mix_99	0.585087266777	0.222957110913	0.0769536723661	0.0	0.115001949944
stdev.Mix_100	0.212658965841	0.22544361852	0.104762266967	0.314540799016	0.142594349656
