B Cells	CD4 T Cells	CD8 T Cells	Monocytes	NK Cells
mix_1	0.259465624121	0.179304690962	0.0	0.216950286578	0.344279398338
mix_2	0.255861206057	0.157493500351	0.0	0.246165156042	0.34048013755
mix_3	0.330374057194	0.282620794233	0.0315526956152	0.0532739049168	0.302178548041
mix_4	0.337703034054	0.215108059402	0.0091448940353	0.119204490122	0.318839522386
mix_5	0.320701509995	0.218273487669	0.028822884617	0.0986948054877	0.333507312231
mix_6	0.299579491639	0.205070301861	0.00819161755409	0.161567577435	0.325591011511
mix_7	0.368501822927	0.227268594869	0.0153473114656	0.0746297329038	0.314252537834
mix_8	0.329578978679	0.170989160305	0.0	0.190691001626	0.30874085939
mix_9	0.276525113715	0.215355962235	0.00161388634154	0.162779689642	0.343725348066
mix_10	0.381066311861	0.201586357529	0.019083581361	0.101710055525	0.296553693724
mix_11	0.266629883998	0.165652213024	0.0	0.228969100932	0.338748802046
mix_12	0.263302821204	0.200065498286	0.00336136076596	0.202630523236	0.330639796508
mix_13	0.400625366321	0.196307479862	0.00476445509147	0.0816058409625	0.316696857763
mix_14	0.395927725235	0.193773509591	0.0236463583529	0.0968952605847	0.289757146237
mix_15	0.378828494408	0.207391193335	0.0343547013943	0.0418440250272	0.337581585836
mix_16	0.333171732015	0.240059251309	0.0185301900166	0.0974932458702	0.31074558079
mix_17	0.462769804673	0.225577419084	0.0458302309336	0.0	0.26582254531
mix_18	0.266404112886	0.146453506401	0.0	0.251461356753	0.33568102396
mix_19	0.323102222627	0.193447462379	0.00593588150093	0.158464793725	0.319049639768
mix_20	0.309651943421	0.288182298387	0.091211862575	0.0	0.310953895617
mix_21	0.354422179428	0.219357454684	0.0402302616385	0.0894449855746	0.296545118675
mix_22	0.341409576674	0.183142177715	0.00128724912498	0.142195844392	0.331965152094
mix_23	0.345566743205	0.195744346479	0.0	0.147837942422	0.310850967894
mix_24	0.243207387941	0.133931683258	0.0	0.278562295075	0.344298633726
mix_25	0.275043811802	0.235302566487	0.0120829167624	0.160647191479	0.31692351347
mix_26	0.294581383151	0.29992938168	0.0543276883862	0.0	0.351161546784
mix_27	0.32903646072	0.117533495399	0.0	0.216589363827	0.336840680054
mix_28	0.341804287014	0.281752926552	0.0682427750073	0.0	0.308200011427
mix_29	0.295782250656	0.216823100601	0.00213792331531	0.151342509074	0.333914216353
mix_30	0.310661194534	0.212318930973	0.0055004582347	0.145445380896	0.326074035362
mix_31	0.295350428672	0.225186165875	0.0	0.156873641864	0.322589763589
mix_32	0.319199740376	0.230245826027	0.0152801088465	0.109669353362	0.325604971388
mix_33	0.30962332421	0.195268179969	0.0	0.172112128973	0.322996366848
mix_34	0.258887198884	0.174323778966	0.0	0.225729234578	0.341059787573
mix_35	0.284350366036	0.19511593644	0.0110722716962	0.183335777284	0.326125648543
mix_36	0.375377705765	0.242482641146	0.000425389663589	0.0799434033257	0.301770860099
mix_37	0.36443526033	0.233506026043	0.00347126385274	0.0977634772582	0.300823972516
mix_38	0.31126795131	0.302116641753	0.0349356728392	0.0207074683143	0.330972265783
mix_39	0.388672612539	0.218337531603	0.0364247743407	0.0384940474512	0.318071034066
mix_40	0.309744416093	0.20489284755	0.0	0.169876001046	0.315486735312
mix_41	0.268123652841	0.181692318202	0.0	0.209298450108	0.340885578849
mix_42	0.398901739272	0.253198132906	0.0475126061447	0.00611677839643	0.29427074328
mix_43	0.276270030905	0.244075363108	0.0373824920292	0.0965248882931	0.345747225665
mix_44	0.298076188854	0.265921754676	0.0192366473628	0.0851050069393	0.331660402168
mix_45	0.265609199106	0.256147648346	0.0153694439774	0.146924060045	0.315949648526
mix_46	0.32733257838	0.242824381926	0.0685385365664	0.0468394250819	0.314465078046
mix_47	0.317043350263	0.205074495738	0.0	0.162078316159	0.31580383784
mix_48	0.321531425867	0.107620024167	0.0	0.227233153986	0.34361539598
mix_49	0.319717526455	0.166793728239	0.0	0.176886217404	0.336602527902
mix_50	0.364301786949	0.266433766093	0.0378442650362	0.046180896417	0.285239285505
mix_51	0.317473467311	0.139078123418	0.0	0.209724447046	0.333723962225
mix_52	0.413041365007	0.239958214193	0.0194724343398	0.013752047831	0.31377593863
mix_53	0.320899518221	0.158290470398	0.0	0.194566506276	0.326243505104
mix_54	0.393262675482	0.232710453965	0.0731068541331	0.0151388473494	0.285781169071
mix_55	0.319402713106	0.167599606261	0.0	0.185755208902	0.327242471731
mix_56	0.311083794475	0.250832298518	0.0249088251971	0.11159395738	0.30158112443
mix_57	0.260980876755	0.222647925861	0.0	0.175915698752	0.340455498632
mix_58	0.325061643919	0.231911406133	0.0201468741756	0.0923098432645	0.330570232508
mix_59	0.262635627396	0.190294090144	0.0103434824439	0.199730578299	0.336996221718
mix_60	0.364892413423	0.191848050029	0.0165208810836	0.127743677872	0.298994977592
mix_61	0.368645038866	0.304778227837	0.0404164717464	0.0	0.28616026155
mix_62	0.349551160424	0.285604832588	0.0231292232914	0.0237316094973	0.3179831742
mix_63	0.269240683136	0.209196245919	0.0	0.190273077914	0.331289993031
mix_64	0.319187592819	0.192936879567	0.0	0.178485826949	0.309389700665
mix_65	0.313423202126	0.21677232194	0.00543966305316	0.111142431896	0.353222380985
mix_66	0.315553846771	0.138173697317	0.0	0.209467049095	0.336805406817
mix_67	0.387814875064	0.250942739647	0.0343329399906	0.0128633506958	0.314046094603
mix_68	0.29998232717	0.252248242429	0.0647159262753	0.048833540388	0.334219963738
mix_69	0.315831384506	0.187110998678	0.0	0.183894727784	0.313162889032
mix_70	0.382004626664	0.121122024347	0.0	0.144250616995	0.352622731993
mix_71	0.33125067101	0.128330049885	0.0	0.222568135416	0.317851143689
mix_72	0.442203801142	0.226070215105	0.000709469026719	0.0468477269849	0.284168787742
mix_73	0.374233559126	0.185216223065	0.0	0.0992482857754	0.341301932034
mix_74	0.339033866627	0.208162120883	0.0	0.131938012811	0.320865999679
mix_75	0.310711838111	0.139240758157	0.0	0.219860943994	0.330186459737
mix_76	0.298748550011	0.241785080642	0.040848595687	0.0854929395008	0.333124834159
mix_77	0.310816623841	0.303755974929	0.0670188694268	0.00865935483167	0.309749176971
mix_78	0.306551040614	0.17605579766	0.0	0.187646083419	0.329747078307
mix_79	0.271992460959	0.193264556598	0.0	0.211214160791	0.323528821651
mix_80	0.358325962782	0.218107002702	0.0271743777114	0.098126908781	0.298265748024
mix_81	0.313626692836	0.262660607454	0.029642384549	0.0929529721262	0.301117343035
mix_82	0.322254137828	0.193344140612	0.00318200185689	0.165615924216	0.315603795486
mix_83	0.301841123098	0.154032618412	0.0	0.215871409393	0.328254849097
mix_84	0.329185196907	0.230981402752	0.0193612219697	0.112268548855	0.308203629515
mix_85	0.312272667266	0.239211501037	0.0301947472138	0.113475780215	0.304845304268
mix_86	0.300756050392	0.285625915591	0.0444157231194	0.0505981744521	0.318604136445
mix_87	0.291712606974	0.240241917437	0.0100787841982	0.14569248649	0.3122742049
mix_88	0.33112755595	0.241172931575	0.0268332539923	0.0809196271916	0.319946631291
mix_89	0.327536813856	0.275817580535	0.058629176152	0.0312896506823	0.306726778775
mix_90	0.285437780021	0.222901883646	0.0124286959504	0.15851555414	0.320716086243
mix_91	0.295982461352	0.156934990199	0.0	0.209113030424	0.337969518025
mix_92	0.306370578139	0.220638767379	0.0	0.155496396796	0.317494257686
mix_93	0.245438543295	0.131113058325	0.0	0.286731604923	0.336716793457
mix_94	0.256835806027	0.166732435471	0.0	0.223464515702	0.352967242801
mix_95	0.325054948224	0.137960321215	0.0	0.193542261962	0.3434424686
mix_96	0.31402161685	0.149307733533	0.0	0.182114261084	0.354556388532
mix_97	0.295143039001	0.198841816482	0.000378107930174	0.183703896576	0.32193314001
mix_98	0.315606537895	0.19542946823	0.0	0.174919121961	0.314044871915
mix_99	0.311451688841	0.334463817417	0.0688832834632	0.0	0.285201210278
mix_100	0.312009427581	0.226187789981	0.00146956019797	0.143422719482	0.316910502757
