B Cells	CD4 T Cells	CD8 T Cells	Monocytes	NK Cells
mix_1	0.0783959899749	0.000300751879699	0.338646616541	0.275989974937	0.306666666667
mix_2	0.0471833881579	0.0401932565789	0.361019736842	0.438116776316	0.113486842105
mix_3	0.312067640277	0.25738442956	0.295706599319	0.0639068848139	0.0709344460305
mix_4	0.351819757366	0.114818024263	0.286503466205	0.125866551127	0.12099220104
mix_5	0.245741831816	0.015961435458	0.415318693091	0.0979110873058	0.22506695233
mix_6	0.250670960816	0.0511003757381	0.391196994096	0.19398819109	0.113043478261
mix_7	0.402160864346	0.089708610717	0.268689293899	0.07148313871	0.167958092328
mix_8	0.467691308583	0.226864379262	0.0585561207923	0.246888191363	0.0
mix_9	0.121091707623	0.0527031266339	0.333995608073	0.185088361393	0.307121196277
mix_10	0.548097429566	0.201593893815	0.139409585812	0.110899090807	0.0
mix_11	0.125309405941	0.129641089109	0.225866336634	0.367161716172	0.152021452145
mix_12	0.0712358337831	0.120237452779	0.446950890448	0.317754991905	0.0438208310847
mix_13	0.472136057332	0.0275965343887	0.230612899775	0.0683495561023	0.201304952401
mix_14	0.560560560561	0.105661216772	0.236792347903	0.0969858747637	0.0
mix_15	0.32196969697	0.0	0.26463963964	0.0339885339885	0.379402129402
mix_16	0.341057766936	0.204679010977	0.303359574232	0.110322652179	0.0405809956758
mix_17	0.647249552773	0.148479427549	0.19476744186	0.00950357781753	0.0
mix_18	0.128622805162	0.0619843452507	0.320393484239	0.487095409351	0.00190395599746
mix_19	0.359265262021	0.0555375472717	0.33246893571	0.181091301999	0.0716369529984
mix_20	0.214390768186	0.0814571784138	0.574951917638	0.0156126258627	0.113587509899
mix_21	0.409958691526	0.119794574076	0.372669420565	0.0961259350229	0.00145137880987
mix_22	0.348443983402	0.0	0.275726141079	0.130497925311	0.245331950207
mix_23	0.472554998911	0.195055543455	0.163254192986	0.169135264648	0.0
mix_24	0.0	0.0	0.2272	0.5179	0.2549
mix_25	0.172723243962	0.357190339021	0.229115887436	0.240970529581	0.0
mix_26	0.109991603694	0.0792401343409	0.352644836272	0.0131192275399	0.445004198153
mix_27	0.393669330055	0.0	0.10008195042	0.229870928089	0.276377791436
mix_28	0.297734627832	0.140832496373	0.408548153108	0.0169623925901	0.135922330097
mix_29	0.214595452142	0.0978318350079	0.314119513485	0.170280274987	0.203172924379
mix_30	0.293075510425	0.0830722696338	0.342767635303	0.165496381117	0.115588203522
mix_31	0.247108420711	0.256296616582	0.235542103556	0.204194141174	0.0568587179764
mix_32	0.287283802894	0.135537909279	0.337213096922	0.124660067443	0.115305123464
mix_33	0.313046293299	0.149455055574	0.208589619078	0.201359663321	0.127549368728
mix_34	0.0514924607652	0.0638014155298	0.33254692789	0.344753308032	0.207405887783
mix_35	0.193821989529	0.0153926701571	0.417172774869	0.228167539267	0.145445026178
mix_36	0.458065943793	0.242863465368	0.163531754813	0.0813233016154	0.0542155344103
mix_37	0.460824857494	0.257740024589	0.173913043478	0.107522074438	0.0
mix_38	0.19817987152	0.203211991435	0.281370449679	0.0336188436831	0.283618843683
mix_39	0.380046257359	0.000525651808242	0.300147182506	0.0365853658537	0.282695542473
mix_40	0.34796962694	0.231539562012	0.169362826015	0.210960713107	0.0401672719269
mix_41	0.105321958156	0.0	0.377310582978	0.270566727605	0.246800731261
mix_42	0.46191482264	0.140664961637	0.309018125208	0.0213499388413	0.0670521516735
mix_43	0.0774200381275	0.0260538021606	0.460177928405	0.102626562169	0.333721669138
mix_44	0.157934454506	0.19275549806	0.29851228978	0.0905562742561	0.260241483398
mix_45	0.120058074604	0.441031941032	0.216104534286	0.222805450078	0.0
mix_46	0.262880947161	0.015018636264	0.509647007235	0.0518526638895	0.160600745451
mix_47	0.370394955194	0.194158645868	0.228233211638	0.207213187299	0.0
mix_48	0.361624365482	0.0	0.0626395939086	0.243553299492	0.332182741117
mix_49	0.327950828211	0.0	0.258881133451	0.186269403063	0.226898635275
mix_50	0.441976427924	0.34054850408	0.156844968268	0.060630099728	0.0
mix_51	0.352766697351	0.0	0.145647949269	0.22246087757	0.279124475811
mix_52	0.458396533044	0.0848320693391	0.235319609967	0.0236186348862	0.197833152763
mix_53	0.361194648968	0.0207404334751	0.203152545888	0.210619101939	0.204293269729
mix_54	0.476222749351	0.0711623178584	0.423133401107	0.0293685756241	0.000112956060093
mix_55	0.348961611076	0.0468848332284	0.230123767569	0.20683868261	0.167191105517
mix_56	0.304653005774	0.396241367599	0.151930261519	0.147175365108	0.0
mix_57	0.0606665965724	0.163810324887	0.31016717485	0.230364840711	0.23499106298
mix_58	0.265295246216	0.0915583031337	0.328501385632	0.0929439351951	0.221701129823
mix_59	0.059309623431	0.000313807531381	0.459309623431	0.266945606695	0.214121338912
mix_60	0.505006675567	0.183021806854	0.164886515354	0.147085002225	0.0
mix_61	0.425249169435	0.37724825295	0.17562149158	0.0218810860351	0.0
mix_62	0.323674678959	0.206453737241	0.245198112172	0.034793107233	0.189880364395
mix_63	0.107230066886	0.149909756874	0.361291007538	0.27242807092	0.109141097781
mix_64	0.412336573919	0.29556375014	0.0528550676053	0.239244608336	0.0
mix_65	0.206210925489	0.0104540330019	0.268730142462	0.0960336168904	0.418571282156
mix_66	0.335484531858	0.0	0.160930137267	0.222495390289	0.281089940586
mix_67	0.39774574618	0.0734800043351	0.272894765363	0.0240598244283	0.231819659694
mix_68	0.146797717185	0.000739801310505	0.468716973156	0.0492496300993	0.33449587825
mix_69	0.389559113841	0.228778240842	0.137968852819	0.243693792498	0.0
mix_70	0.370474375689	0.0	0.0433256443687	0.0918664125965	0.494333567345
mix_71	0.53471164309	0.0973884657236	0.0626768226333	0.305223068553	0.0
mix_72	0.631901840491	0.192191857223	0.1228109314	0.0528722810931	0.000223089793642
mix_73	0.383964039306	0.0	0.180221618231	0.0770436964248	0.358770646038
mix_74	0.393622809881	0.163891609533	0.184024376972	0.142344107085	0.116117096528
mix_75	0.355264525517	0.038873297994	0.138239268267	0.266604303087	0.201018605135
mix_76	0.158017864738	0.0941088898341	0.397171416419	0.0868779242875	0.263823904721
mix_77	0.215281650864	0.214612381484	0.41226993865	0.0279977691021	0.1298382599
mix_78	0.290515702132	0.00850750971537	0.314357735532	0.217099044218	0.169520008402
mix_79	0.130060567421	0.158006588035	0.359154181277	0.320688555945	0.0320901073212
mix_80	0.471961028662	0.237453268381	0.176617197236	0.113968505721	0.0
mix_81	0.307141232659	0.395155788037	0.178644530362	0.119058448942	0.0
mix_82	0.379213785676	0.0912224017232	0.304038772213	0.193753365644	0.0317716747442
mix_83	0.303756745538	0.035595682856	0.224263179743	0.26899128269	0.167393109174
mix_84	0.366192449871	0.264814607371	0.230312535006	0.138680407752	0.0
mix_85	0.299719887955	0.30218487395	0.255574229692	0.142521008403	0.0
mix_86	0.183155371541	0.203748093267	0.379712355633	0.061669208978	0.171714970582
mix_87	0.26511732852	0.388199458484	0.138312274368	0.208370938628	0.0
mix_88	0.304565217391	0.114347826087	0.34097826087	0.0828260869565	0.157282608696
mix_89	0.281291172596	0.164031620553	0.413921826965	0.0434782608696	0.0972771190162
mix_90	0.217110393227	0.277932494152	0.274813412053	0.230143700568	0.0
mix_91	0.258410732714	0.0	0.214241486068	0.239215686275	0.288132094943
mix_92	0.313177601431	0.26735218509	0.213591147871	0.205879065609	0.0
mix_93	0.0077	0.067	0.246	0.6239	0.0554
mix_94	0.020402040204	0.0	0.316931693169	0.300130013001	0.362536253625
mix_95	0.336154401899	0.0	0.136959438539	0.190834967489	0.336051192073
mix_96	0.2454	0.0	0.1235	0.1597	0.4714
mix_97	0.257634408602	0.10247311828	0.358064516129	0.243548387097	0.0382795698925
mix_98	0.363425414365	0.186408839779	0.225966850829	0.221546961326	0.00265193370166
mix_99	0.2721096269	0.385651773376	0.323238139106	0.0148549055735	0.00414555504376
mix_100	0.327444444444	0.232777777778	0.258111111111	0.181666666667	0.0
