B Cells	CD4 T Cells	NK Cells	Monocytes	CD8 T Cells
Mix_1	0.1068	0.0499	0.2577	0.275	0.3106
Mix_2	0.328567143286	0.203879612039	0.162083791621	0.045295470453	0.260173982602
Mix_3	0.0223	0.0414	0.2981	0.0412	0.597
Mix_4	0.087	0.1312	0.264	0.0	0.5178
Mix_5	0.4827	0.0	0.2527	0.0	0.2646
Mix_6	0.224522452245	0.0	0.195719571957	0.313331333133	0.266426642664
Mix_7	0.1387	0.1791	0.1099	0.0	0.5723
Mix_8	0.3	0.2997	0.0	0.1408	0.2595
Mix_9	0.272727272727	0.103110311031	0.191819181918	0.024502450245	0.407840784078
Mix_10	0.376537653765	0.0	0.141614161416	0.13801380138	0.343834383438
Mix_11	0.2019	0.3201	0.1423	0.0	0.3357
Mix_12	0.0	0.0816	0.2507	0.2083	0.4594
Mix_13	0.4345	0.041	0.1051	0.0	0.4194
Mix_14	0.0	0.1274	0.2284	0.0	0.6442
Mix_15	0.106	0.3321	0.0696	0.0186	0.4737
Mix_16	0.26697330267	0.196680331967	0.022297770223	0.0768923107689	0.437156284372
Mix_17	0.1326	0.2688	0.0769	0.0	0.5217
Mix_18	0.0996099609961	0.50495049505	0.0	0.046304630463	0.349134913491
Mix_19	0.0619938006199	0.0	0.242775722428	0.22697730227	0.468253174683
Mix_20	0.3305	0.0902	0.0804	0.1374	0.3615
Mix_21	0.29897010299	0.0860913908609	0.031696830317	0.225277472253	0.35796420358
Mix_22	0.0752	0.0	0.1858	0.2895	0.4495
Mix_23	0.4616	0.197	0.0662	0.0259	0.2493
Mix_24	0.0	0.414	0.0	0.1088	0.4772
Mix_25	0.3788	0.0999	0.0746	0.0	0.4467
Mix_26	0.249824982498	0.223622362236	0.01600160016	0.0	0.510551055106
Mix_27	0.3527	0.0652	0.0	0.1668	0.4153
Mix_28	0.2185	0.1109	0.1138	0.1868	0.37
Mix_29	0.309130913091	0.203620362036	0.00530053005301	0.0	0.481948194819
Mix_30	0.131626325265	0.0277055411082	0.26025205041	0.0	0.580416083217
Mix_31	0.290929092909	0.157415741574	0.0581058105811	0.0562056205621	0.437343734373
Mix_32	0.1203	0.4461	0.0	0.1071	0.3265
Mix_33	0.0309	0.2483	0.0581	0.1273	0.5354
Mix_34	0.2884	0.0	0.1588	0.2584	0.2944
Mix_35	0.1829	0.1668	0.2446	0.0	0.4057
Mix_36	0.2594	0.0986	0.135	0.0284	0.4786
Mix_37	0.0528	0.0203	0.319	0.0611	0.5468
Mix_38	0.00579942005799	0.169683031697	0.204079592041	0.17498250175	0.445455454455
Mix_39	0.4176	0.1274	0.0	0.2631	0.1919
Mix_40	0.2209	0.0	0.3075	0.0	0.4716
Mix_41	0.166216621662	0.0738073807381	0.375837583758	0.041804180418	0.342334233423
Mix_42	0.2578	0.2708	0.0	0.0	0.4714
Mix_43	0.335533553355	0.0	0.197419741974	0.129512951295	0.337533753375
Mix_44	0.059	0.1078	0.3222	0.1565	0.3545
Mix_45	0.0956	0.0515	0.0832	0.1332	0.6365
Mix_46	0.301169883012	0.149585041496	0.0	0.0826917308269	0.466553344666
Mix_47	0.2207	0.0202	0.1752	0.2192	0.3647
Mix_48	0.267626762676	0.17301730173	0.140514051405	0.01600160016	0.402840284028
Mix_49	0.0321	0.138	0.352	0.0	0.4779
Mix_50	0.0631	0.254	0.0	0.102	0.5809
Mix_51	0.2583	0.2433	0.0727	0.0543	0.3714
Mix_52	0.0	0.0898	0.1766	0.0589	0.6747
Mix_53	0.235723572357	0.0808080808081	0.043304330433	0.19301930193	0.447144714471
Mix_54	0.0571	0.0	0.5255	0.1975	0.2199
Mix_55	0.0	0.0467	0.409	0.0222	0.5221
Mix_56	0.0762	0.1474	0.0211	0.1637	0.5916
Mix_57	0.0	0.1296	0.5146	0.0236	0.3322
Mix_58	0.1144	0.3061	0.072	0.0241	0.4834
Mix_59	0.0283	0.0019	0.5159	0.0	0.4539
Mix_60	0.408240824082	0.0678067806781	0.0	0.0	0.52395239524
Mix_61	0.4006	0.0	0.224	0.0828	0.2926
Mix_62	0.4292	0.0	0.2802	0.0	0.2906
Mix_63	0.00550055005501	0.00780078007801	0.45104510451	0.188418841884	0.347234723472
Mix_64	0.2498	0.0	0.1003	0.2781	0.3718
Mix_65	0.2589	0.0473	0.0583	0.1958	0.4397
Mix_66	0.2685	0.1374	0.1336	0.0	0.4605
Mix_67	0.5247	0.022	0.1259	0.1633	0.1641
Mix_68	0.12798720128	0.203179682032	0.0	0.12798720128	0.540845915408
Mix_69	0.4504	0.0031	0.1411	0.0111	0.3943
Mix_70	0.1189	0.2358	0.0081	0.0854	0.5518
Mix_71	0.16198380162	0.0	0.271772822718	0.028097190281	0.538146185381
Mix_72	0.0954	0.3539	0.0	0.2361	0.3146
Mix_73	0.0	0.0907	0.3957	0.0	0.5136
Mix_74	0.3697	0.0	0.2596	0.105	0.2657
Mix_75	0.124512451245	0.115511551155	0.390239023902	0.0	0.369736973697
Mix_76	0.11801180118	0.0604060406041	0.360136013601	0.0	0.461446144614
Mix_77	0.1619	0.1005	0.2291	0.2067	0.3018
Mix_78	0.0	0.188418841884	0.190119011901	0.0	0.621462146215
Mix_79	0.0172	0.0	0.6025	0.1127	0.2676
Mix_80	0.1861	0.3202	0.0956	0.0612	0.3369
Mix_81	0.1846	0.0	0.2585	0.1172	0.4397
Mix_82	0.21297870213	0.0539946005399	0.18798120188	0.0	0.54504549545
Mix_83	0.338866113389	0.00809919008099	0.176182381762	0.0832916708329	0.393560643936
Mix_84	0.183481651835	0.148285171483	0.041395860414	0.142885711429	0.48395160484
Mix_85	0.1479	0.1442	0.2613	0.0	0.4466
Mix_86	0.103610361036	0.0	0.307230723072	0.139113911391	0.4500450045
Mix_87	0.6448	0.0	0.1736	0.0853	0.0963
Mix_88	0.3321	0.2736	0.0	0.0292	0.3651
Mix_89	0.0	0.0671	0.3037	0.2167	0.4125
Mix_90	0.15801580158	0.0712071207121	0.498449844984	0.0	0.272327232723
Mix_91	0.5846	0.1042	0.108	0.0	0.2032
Mix_92	0.234476552345	0.0821917808219	0.36396360364	0.0523947605239	0.26697330267
Mix_93	0.1199	0.4177	0.0	0.2129	0.2495
Mix_94	0.3996	0.2325	0.0	0.0296	0.3383
Mix_95	0.144114411441	0.263426342634	0.224922492249	0.010601060106	0.356935693569
Mix_96	0.025397460254	0.311468853115	0.0829917008299	0.0564943505649	0.523647635236
Mix_97	0.266	0.0	0.2669	0.1468	0.3203
Mix_98	0.4508	0.1135	0.0	0.3933	0.0424
Mix_99	0.0	0.4519	0.0591	0.0	0.489
Mix_100	0.2396	0.1008	0.2316	0.2224	0.2056
