B Cells	CD4 T Cells	CD8 T Cells	Monocytes	NK Cells
mix_1	0.0235	0.0706	0.0527	0.7143	0.1389
mix_2	0.00640064006401	0.040104010401	0.0649064906491	0.855885588559	0.032703270327
mix_3	0.2008	0.4849	0.0874	0.147	0.0799
mix_4	0.2517	0.1889	0.1003	0.3705	0.0886
mix_5	0.167683231677	0.124187581242	0.224377562244	0.311268873113	0.172482751725
mix_6	0.1314	0.1111	0.145	0.5431	0.0694
mix_7	0.3486	0.2048	0.0947	0.2124	0.1395
mix_8	0.2496	0.1192	0.0223	0.6089	0.0
mix_9	0.0394	0.1404	0.0857	0.5637	0.1708
mix_10	0.4065	0.1253	0.1647	0.3035	0.0
mix_11	0.026597340266	0.0965903409659	0.017798220178	0.813718628137	0.045295470453
mix_12	0.002	0.1079	0.1256	0.7406	0.0239
mix_13	0.4406	0.1261	0.064	0.2044	0.1649
mix_14	0.4517	0.0747	0.2044	0.2692	0.0
mix_15	0.32803280328	0.0615061506151	0.16801680168	0.0909090909091	0.351535153515
mix_16	0.217621762176	0.311131113111	0.102510251025	0.311631163116	0.0571057105711
mix_17	0.621919191919	0.181515151515	0.189898989899	0.00666666666667	0.0
mix_18	0.0271	0.0335	0.0435	0.8893	0.0066
mix_19	0.224722472247	0.0631063106311	0.154315431543	0.516651665167	0.041204120412
mix_20	0.1111	0.2922	0.4692	0.0106	0.1169
mix_21	0.30612244898	0.159663865546	0.262905162065	0.263905562225	0.00740296118447
mix_22	0.265426542654	0.046204620462	0.109110911091	0.420642064206	0.158615861586
mix_23	0.306075467921	0.171854669202	0.0382344109699	0.47762986688	0.00620558502652
mix_24	0.0021	0.0248	0.0125	0.894	0.0666
mix_25	0.032703270327	0.256725672567	0.12401240124	0.586558655866	0.0
mix_26	0.0331	0.4264	0.1051	0.0215	0.4139
mix_27	0.247424742474	0.00890089008901	0.0	0.627162716272	0.116511651165
mix_28	0.209220922092	0.342134213421	0.291529152915	0.016701670167	0.140414041404
mix_29	0.1136	0.166	0.0931	0.5022	0.1251
mix_30	0.1743	0.1368	0.1188	0.4901	0.08
mix_31	0.100589941006	0.261373862614	0.031396860314	0.566643335666	0.0399960004
mix_32	0.175582441756	0.224577542246	0.137786221378	0.366263373663	0.0957904209579
mix_33	0.175682431757	0.175482451755	0.00599940005999	0.5700429957	0.0727927207279
mix_34	0.0058	0.0824	0.0461	0.7872	0.0785
mix_35	0.0878	0.0642	0.1746	0.6048	0.0686
mix_36	0.364055299539	0.346623923062	0.0	0.229813664596	0.059507112803
mix_37	0.331896551724	0.33089414595	0.0168404170008	0.298817161187	0.0215517241379
mix_38	0.0982589553732	0.506303782269	0.0423253952371	0.0775465279168	0.275565339204
mix_39	0.3749	0.1086	0.1749	0.0886	0.253
mix_40	0.180081991801	0.222477752225	0.0	0.565443455654	0.03199680032
mix_41	0.0377	0.0529	0.1027	0.6947	0.112
mix_42	0.423808570284	0.271525830997	0.194132959551	0.0285342410893	0.0819983980777
mix_43	0.011198880112	0.211078892111	0.215378462154	0.299670032997	0.262673732627
mix_44	0.0515103020604	0.459091818364	0.00620124024805	0.261052210442	0.222144428886
mix_45	0.0	0.3529	0.1068	0.5403	0.0
mix_46	0.1869	0.1282	0.416	0.1252	0.1437
mix_47	0.2011	0.1562	0.0785	0.5582	0.006
mix_48	0.2152	0.0	0.0	0.6571	0.1277
mix_49	0.213421342134	0.028802880288	0.0683068306831	0.561056105611	0.128412841284
mix_50	0.3231	0.3943	0.1456	0.137	0.0
mix_51	0.2225	0.0406	0.0	0.6054	0.1315
mix_52	0.446	0.2574	0.0584	0.0472	0.191
mix_53	0.2285	0.0614	0.0206	0.5842	0.1053
mix_54	0.418143586663	0.110143186142	0.41844397717	0.0433563632723	0.00991288675278
mix_55	0.2144	0.0791	0.0341	0.5844	0.088
mix_56	0.130786921308	0.377562243776	0.130386961304	0.361263873613	0.0
mix_57	0.0002	0.2385	0.0244	0.6095	0.1274
mix_58	0.1826	0.2132	0.1174	0.2978	0.189
mix_59	0.01	0.0487	0.1718	0.675	0.0945
mix_60	0.3451	0.1017	0.1664	0.3868	0.0
mix_61	0.301174580865	0.598032326072	0.06264431282	0.0230900511997	0.0150587290433
mix_62	0.240848169634	0.485897179436	0.0	0.0782156431286	0.195039007802
mix_63	0.0213	0.1614	0.0854	0.6746	0.0573
mix_64	0.2051	0.1749	0.0195	0.6005	0.0
mix_65	0.1533	0.1592	0.0497	0.3038	0.334
mix_66	0.2148	0.0252	0.0141	0.6111	0.1348
mix_67	0.3698	0.2445	0.1192	0.0448	0.2217
mix_68	0.0819918008199	0.161483851615	0.320767923208	0.127587241276	0.308169183082
mix_69	0.192080791921	0.141585841416	0.040595940406	0.625737426257	0.0
mix_70	0.370337033703	0.0	0.0	0.31103110311	0.318631863186
mix_71	0.263521634615	0.0224358974359	0.0170272435897	0.697015224359	0.0
mix_72	0.585197071507	0.244709658008	0.0152442082038	0.133386821783	0.0214622404974
mix_73	0.3717	0.048	0.0684	0.2446	0.2673
mix_74	0.271827182718	0.228922892289	0.0	0.409840984098	0.0894089408941
mix_75	0.1979	0.045	0.0	0.6796	0.0775
mix_76	0.0643935606439	0.244775522448	0.209779022098	0.257374262574	0.223677632237
mix_77	0.1014	0.4605	0.2636	0.0362	0.1383
mix_78	0.1685	0.0481	0.0942	0.6035	0.0857
mix_79	0.0300030003	0.121612161216	0.0827082708271	0.742274227423	0.023402340234
mix_80	0.3283	0.1709	0.2007	0.3001	0.0
mix_81	0.143414341434	0.410341034103	0.13501350135	0.311231123112	0.0
mix_82	0.22502250225	0.0782078207821	0.143614361436	0.533453345335	0.019701970197
mix_83	0.160616061606	0.0730073007301	0.00820082008201	0.678167816782	0.0800080008001
mix_84	0.2132	0.2531	0.1555	0.3782	0.0
mix_85	0.1427	0.2922	0.1965	0.3686	0.0
mix_86	0.0616123224645	0.47849569914	0.136627325465	0.144928985797	0.178335667133
mix_87	0.0880088008801	0.285928592859	0.110211021102	0.515851585159	0.0
mix_88	0.212078792121	0.264373562644	0.147685231477	0.240575942406	0.135286471353
mix_89	0.182881711829	0.333566643336	0.283571642836	0.0951904809519	0.104789521048
mix_90	0.0691069106911	0.184818481848	0.164716471647	0.581358135814	0.0
mix_91	0.149714971497	0.0639063906391	0.0100010001	0.639063906391	0.137313731373
mix_92	0.1484	0.2296	0.0663	0.5515	0.0042
mix_93	0.00440528634361	0.0355426511814	0.000200240288346	0.942731277533	0.0171205446536
mix_94	0.003799620038	0.023697630237	0.0807919208079	0.748125187481	0.143585641436
mix_95	0.2284	0.0265	0.0	0.5736	0.1715
mix_96	0.1905	0.0293	0.0074	0.5068	0.266
mix_97	0.121687831217	0.107689231077	0.11498850115	0.631136886311	0.024497550245
mix_98	0.1939	0.1669	0.0435	0.5805	0.0152
mix_99	0.112571485903	0.639811377546	0.204274104545	0.00702317648239	0.0363198555232
mix_100	0.171517151715	0.231923192319	0.0857085708571	0.495549554955	0.015301530153
