B Cells	CD4 T Cells	CD8 T Cells	Monocytes	NK Cells
mix_1	0.0	0.158456069071	0.13529710513	0.567293042153	0.138953783647
mix_2	0.0	0.138355032031	0.0746021905352	0.732486050837	0.0545567265964
mix_3	0.142385761424	0.53304669533	0.21797820218	0.0538946105389	0.0526947305269
mix_4	0.2111	0.2977	0.2019	0.2341	0.0552
mix_5	0.1099	0.2047	0.3437	0.1959	0.1458
mix_6	0.0929	0.2253	0.2156	0.3986	0.0676
mix_7	0.286671332867	0.303869613039	0.208879112089	0.109189081092	0.0913908609139
mix_8	0.2578	0.267	0.0	0.4752	0.0
mix_9	0.0	0.240313978062	0.210325047801	0.405554996478	0.143805977659
mix_10	0.3765	0.3041	0.1245	0.1949	0.0
mix_11	0.00437302959422	0.193531984135	0.0601037323299	0.67995525272	0.0620360012204
mix_12	0.0	0.216836205107	0.183931907826	0.559892048993	0.0393398380735
mix_13	0.38503850385	0.208520852085	0.182518251825	0.113711371137	0.110211021102
mix_14	0.422657734227	0.243175682432	0.165883411659	0.168283171683	0.0
mix_15	0.269	0.1028	0.3386	0.008	0.2816
mix_16	0.1715	0.4112	0.1998	0.1813	0.0362
mix_17	0.4985	0.339	0.1625	0.0	0.0
mix_18	0.0	0.152780670694	0.0240574880233	0.806602791085	0.0165590501979
mix_19	0.205120512051	0.192819281928	0.196919691969	0.369636963696	0.035503550355
mix_20	0.0509050905091	0.325632563256	0.514451445145	0.0	0.10901090109
mix_21	0.2502	0.2965	0.2792	0.1579	0.0162
mix_22	0.2400240024	0.130313031303	0.207620762076	0.288228822882	0.133813381338
mix_23	0.2923	0.3073	0.0493	0.3511	0.0
mix_24	0.0	0.0972222222222	0.0134773662551	0.792181069959	0.0971193415638
mix_25	0.0	0.411382113821	0.167987804878	0.420630081301	0.0
mix_26	0.0	0.3586	0.3558	0.0	0.2856
mix_27	0.2741	0.0604	0.0	0.5347	0.1308
mix_28	0.132413241324	0.399339933993	0.376837683768	0.0	0.0914091409141
mix_29	0.0812918708129	0.236776322368	0.215378462154	0.358564143586	0.10798920108
mix_30	0.139286071393	0.242875712429	0.206379362064	0.34596540346	0.0654934506549
mix_31	0.0772325020113	0.37308930008	0.110921158488	0.407381335479	0.0313757039421
mix_32	0.128512851285	0.325932593259	0.23502350235	0.237523752375	0.0730073007301
mix_33	0.1579	0.2921	0.087	0.417	0.046
mix_34	0.0	0.178950592078	0.0984075132707	0.633932217232	0.0887096774194
mix_35	0.0544438801422	0.169933976638	0.245505332656	0.444489588624	0.0856272219401
mix_36	0.311731173117	0.482748274827	0.0697069706971	0.11501150115	0.020802080208
mix_37	0.2996	0.459	0.0639	0.1775	0.0
mix_38	0.0399	0.4888	0.3045	0.0	0.1668
mix_39	0.3077	0.1882	0.3029	0.0148	0.1864
mix_40	0.1731	0.3586	0.0482	0.4062	0.0139
mix_41	0.0	0.135300725008	0.197896456653	0.546308587767	0.120494230573
mix_42	0.319	0.3629	0.2706	0.0	0.0475
mix_43	0.0	0.2567	0.3598	0.1816	0.2019
mix_44	0.0	0.447	0.2483	0.1514	0.1533
mix_45	0.0	0.480318934195	0.157347597901	0.362333467905	0.0
mix_46	0.1223	0.2308	0.4635	0.0557	0.1277
mix_47	0.187043156103	0.313507559828	0.0966256132973	0.402823670772	0.0
mix_48	0.24102410241	0.038603860386	0.0	0.56895689569	0.151415141514
mix_49	0.2058	0.1101	0.1487	0.4228	0.1126
mix_50	0.2611	0.5237	0.1687	0.0465	0.0
mix_51	0.233476652335	0.117488251175	0.023797620238	0.493350664934	0.131886811319
mix_52	0.3662	0.3285	0.1982	0.0	0.1071
mix_53	0.226477352265	0.161383861614	0.0576942305769	0.457154284572	0.0972902709729
mix_54	0.328	0.2878	0.3678	0.0	0.0164
mix_55	0.205620562056	0.176617661766	0.0899089908991	0.451745174517	0.0761076107611
mix_56	0.1005	0.5097	0.1548	0.235	0.0
mix_57	0.0	0.320248970987	0.145969280193	0.431984740488	0.101797008332
mix_58	0.1302	0.2766	0.2896	0.1694	0.1342
mix_59	0.0	0.126753405164	0.246899776377	0.519922748526	0.106424069933
mix_60	0.325667433257	0.267273272673	0.132786721328	0.274272572743	0.0
mix_61	0.2171	0.6345	0.1484	0.0	0.0
mix_62	0.1863	0.5068	0.2035	0.0	0.1034
mix_63	0.0	0.266781936534	0.172701383238	0.509357200976	0.0511594792514
mix_64	0.206820682068	0.340634063406	0.0	0.452545254525	0.0
mix_65	0.0934093409341	0.205720572057	0.253325332533	0.196619661966	0.250925092509
mix_66	0.2231	0.0932	0.0516	0.498	0.1341
mix_67	0.2804	0.2975	0.2796	0.0	0.1425
mix_68	0.018198180182	0.223077692231	0.469253074693	0.0512948705129	0.238176182382
mix_69	0.190276110444	0.304621848739	0.0281112444978	0.476990796319	0.0
mix_70	0.375137513751	0.024602460246	0.023802380238	0.228422842284	0.34803480348
mix_71	0.296456179098	0.109527155908	0.0	0.594016664993	0.0
mix_72	0.526905381076	0.405581116223	0.0320064012803	0.0355071014203	0.0
mix_73	0.332733273327	0.112411241124	0.202220222022	0.150615061506	0.20202020202
mix_74	0.2489	0.3463	0.0866	0.2774	0.0408
mix_75	0.2055	0.1535	0.0	0.5629	0.0781
mix_76	0.01	0.2686	0.4082	0.1539	0.1593
mix_77	0.043295670433	0.470352964704	0.38596140386	0.0	0.100389961004
mix_78	0.145472736368	0.144672336168	0.157378689345	0.466033016508	0.0864432216108
mix_79	0.0	0.256620625195	0.136878180496	0.578149340534	0.0283518537751
mix_80	0.286228622862	0.345434543454	0.17401740174	0.194319431943	0.0
mix_81	0.1031	0.5417	0.1723	0.1829	0.0
mix_82	0.2112	0.2011	0.1513	0.4059	0.0305
mix_83	0.162112932605	0.185691155637	0.0279295689132	0.548674357418	0.0755919854281
mix_84	0.1814	0.3871	0.1869	0.2446	0.0
mix_85	0.10980746089	0.414761331729	0.237164059366	0.238267148014	0.0
mix_86	0.012498750125	0.486251374863	0.323567643236	0.0609939006099	0.116688331167
mix_87	0.0667269621144	0.459652296252	0.114661843031	0.358958898603	0.0
mix_88	0.157915791579	0.321232123212	0.295729572957	0.136613661366	0.0885088508851
mix_89	0.1153	0.415	0.3602	0.011	0.0985
mix_90	0.0412579633937	0.352715138032	0.185458590353	0.420568308221	0.0
mix_91	0.1465	0.1383	0.0768	0.5063	0.1321
mix_92	0.131686831317	0.37696230377	0.0965903409659	0.394760523948	0.0
mix_93	0.0	0.117806505421	0.0	0.857381150959	0.0248123436197
mix_94	0.0	0.0834437086093	0.155374426898	0.613448802853	0.14773306164
mix_95	0.2352	0.0816	0.0458	0.4634	0.174
mix_96	0.179	0.0671	0.0934	0.4014	0.2591
mix_97	0.0958945767866	0.242878864673	0.159553978713	0.467612772428	0.0340598073999
mix_98	0.183281671833	0.302769723028	0.0851914808519	0.428757124288	0.0
mix_99	0.0580058005801	0.630063006301	0.290129012901	0.0	0.021802180218
mix_100	0.1501	0.3701	0.1306	0.3436	0.0056
