B Cells	CD4 T Cells	NK Cells	Monocytes	CD8 T Cells
Mix_1	0.164911006175	0.173265528514	0.339387335028	0.32049884974	0.00193728054244
Mix_2	0.345801072067	0.273257891602	0.256581298392	0.124359737939	0.0
Mix_3	0.11503347535	0.161412051126	0.416433353621	0.111503347535	0.195617772368
Mix_4	0.168523176428	0.266259432267	0.400407234399	0.0544975446161	0.110312612289
Mix_5	0.511002735815	0.0972998691567	0.389437373617	0.00226002141073	0.0
Mix_6	0.281016990588	0.0112455690013	0.250336144726	0.379537953795	0.0778633418897
Mix_7	0.231840193705	0.329176755448	0.257627118644	0.0111380145278	0.170217917676
Mix_8	0.3290922437	0.360533398581	0.0271592855395	0.219231710301	0.0639833618791
Mix_9	0.309090909091	0.219736842105	0.310167464115	0.106220095694	0.0547846889952
Mix_10	0.40936302682	0.0243055555556	0.214559386973	0.218271072797	0.133500957854
Mix_11	0.247506908567	0.43157515319	0.269374023789	0.0515439144539	0.0
Mix_12	0.0699351999022	0.20320332559	0.358234502995	0.266658515711	0.101968455801
Mix_13	0.454053403897	0.146379600674	0.228770748136	0.0709646379601	0.0998316093337
Mix_14	0.102072978543	0.304642987029	0.427809431446	0.0	0.165474602982
Mix_15	0.162912455863	0.476318032388	0.201022768781	0.0827955680019	0.0769511749665
Mix_16	0.31462585034	0.293002915452	0.114552964043	0.1472303207	0.130587949466
Mix_17	0.205385556916	0.350673194614	0.184455324357	0.0709914320685	0.188494492044
Mix_18	0.155274978754	0.632511836834	0.100643438145	0.10962729149	0.00194245477722
Mix_19	0.146585365854	0.0775609756098	0.329634146341	0.286097560976	0.16012195122
Mix_20	0.35681544029	0.185886610374	0.158142340169	0.211821471653	0.0873341375151
Mix_21	0.336811453531	0.149356952196	0.0992477553992	0.298956563941	0.115627274933
Mix_22	0.146134969325	0.115337423313	0.268711656442	0.335950920245	0.133865030675
Mix_23	0.468578255675	0.26798088411	0.164874551971	0.0985663082437	0.0
Mix_24	0.00803414511675	0.566532764248	0.0576198845092	0.186542806929	0.181270399197
Mix_25	0.434772124427	0.215698095008	0.20424403183	0.0127803231252	0.132505425609
Mix_26	0.299263803681	0.353251533742	0.125766871166	0.0514110429448	0.170306748466
Mix_27	0.400073430425	0.114918614613	0.0	0.245380002448	0.239627952515
Mix_28	0.259975961538	0.204927884615	0.209855769231	0.2546875	0.0705528846154
Mix_29	0.363126447994	0.325570052433	0.095110352396	0.0504816485794	0.165711498598
Mix_30	0.233056458409	0.152642349825	0.425424340917	0.0	0.188876850849
Mix_31	0.33100289296	0.288572806172	0.155255544841	0.128977820636	0.0961909353905
Mix_32	0.174178575791	0.543788933675	0.0596066935385	0.172590692561	0.0498351044339
Mix_33	0.112509161984	0.374786220376	0.176032250183	0.186904471048	0.149767896409
Mix_34	0.332480195003	0.0376599634369	0.215234613041	0.322973796466	0.0916514320536
Mix_35	0.240287769784	0.312589928058	0.377697841727	0.0565947242206	0.012829736211
Mix_36	0.305797101449	0.220652173913	0.25615942029	0.102777777778	0.11461352657
Mix_37	0.131277851379	0.139347223895	0.439238829339	0.125376369987	0.1647597254
Mix_38	0.0790624240952	0.291960165169	0.318071411222	0.232086470731	0.0788195287831
Mix_39	0.429659173314	0.180565627266	0.0328740633309	0.335871404399	0.0210297316896
Mix_40	0.283413461538	0.104567307692	0.426923076923	0.0640625	0.121033653846
Mix_41	0.224764150943	0.172641509434	0.477712264151	0.121462264151	0.00341981132075
Mix_42	0.319447837772	0.384925482531	0.0364036159296	0.0627901294894	0.196432934278
Mix_43	0.370047732697	0.054892601432	0.275298329356	0.205489260143	0.0942720763723
Mix_44	0.128021057669	0.225771715721	0.412179947356	0.220507298397	0.0135199808567
Mix_45	0.179091688089	0.178357204064	0.193414126576	0.190476190476	0.258660790794
Mix_46	0.362325922306	0.216955778158	0.0	0.155142926948	0.265575372587
Mix_47	0.260917163362	0.101569152171	0.264201435348	0.278190001216	0.0951222479017
Mix_48	0.3189572321	0.272104757328	0.252642960115	0.0928640076886	0.0634310427679
Mix_49	0.124431137725	0.307065868263	0.538562874251	0.00562874251497	0.0243113772455
Mix_50	0.14290998767	0.351294697904	0.0520345252774	0.167447595561	0.286313193588
Mix_51	0.29781585616	0.34958368529	0.186195245565	0.121877639677	0.0445275733076
Mix_52	0.0626541687222	0.240256536754	0.324370991613	0.107794770597	0.264923532314
Mix_53	0.286146034816	0.183752417795	0.114724371373	0.253868471954	0.161508704062
Mix_54	0.124514091351	0.0422740524781	0.575072886297	0.258138969874	0.0
Mix_55	0.0688151199418	0.186939665617	0.532832566029	0.0919554155561	0.119457232857
Mix_56	0.162142242968	0.258690578553	0.0918806043484	0.211644761086	0.275641813045
Mix_57	0.000727272727273	0.270666666667	0.617333333333	0.111272727273	0.0
Mix_58	0.173757553336	0.396349734862	0.196078431373	0.0875570353928	0.146257245036
Mix_59	0.116346153846	0.106730769231	0.624158653846	0.0818509615385	0.0709134615385
Mix_60	0.494685400122	0.159437996335	0.0279780085522	0.0	0.317898594991
Mix_61	0.426561754888	0.0610395803529	0.308416785885	0.152598950882	0.0513829279924
Mix_62	0.470228289009	0.0896681572135	0.433396093198	0.0	0.00670746057896
Mix_63	0.0861336891908	0.121557685309	0.534514133204	0.24784665777	0.00994783452626
Mix_64	0.296007789679	0.0600048685492	0.164922103213	0.342745861733	0.136319376826
Mix_65	0.297297297297	0.138771058054	0.138286268331	0.26433159617	0.161313780148
Mix_66	0.333453280557	0.279117188437	0.292791171884	0.0149934029027	0.0796449562193
Mix_67	0.511846648411	0.0714370758424	0.171568043815	0.245148231932	0.0
Mix_68	0.214188772363	0.289574336829	0.0438001233806	0.192597162246	0.259839605182
Mix_69	0.46912840187	0.103824481477	0.243495983695	0.0840426807337	0.099508452224
Mix_70	0.192207792208	0.361038961039	0.0901669758813	0.147433518862	0.20915275201
Mix_71	0.231253023706	0.0938558297049	0.388606676343	0.0944605708757	0.191823899371
Mix_72	0.167298984212	0.428711296047	0.0209276710317	0.299351364582	0.0837106841268
Mix_73	0.0463287770654	0.231522922463	0.538284746583	0.0638683924035	0.119995161485
Mix_74	0.390973871734	0.0428741092637	0.336342042755	0.188836104513	0.040973871734
Mix_75	0.191464137522	0.253467694132	0.522584469472	0.0324836988737	0.0
Mix_76	0.197965290245	0.200957510473	0.521005385996	0.0226211849192	0.0574506283662
Mix_77	0.204995796806	0.210159721388	0.304551459109	0.273567911613	0.00672511108442
Mix_78	0.0702373706634	0.384905660377	0.381375532562	0.0	0.163481436397
Mix_79	0.0886166289996	0.0724396336386	0.653859878673	0.185083858689	0.0
Mix_80	0.221507681315	0.415743717995	0.229367631297	0.133380969394	0.0
Mix_81	0.252964426877	0.0882740447958	0.348424961073	0.184573002755	0.125763564499
Mix_82	0.289278892073	0.19770773639	0.356017191977	0.0	0.156996179561
Mix_83	0.370166407279	0.122590685981	0.271040344786	0.157308751347	0.078893810607
Mix_84	0.245052528708	0.254703151722	0.130588810164	0.204495480088	0.165160029318
Mix_85	0.231322700564	0.281808370308	0.422592637007	0.00815445497062	0.0561218371507
Mix_86	0.180452031738	0.0774224573215	0.399735513345	0.206299591248	0.136090406348
Mix_87	0.604645650628	0.0	0.203602749467	0.191751599905	0.0
Mix_88	0.384256416554	0.343608006877	0.0	0.102910475255	0.169225101314
Mix_89	0.0360138135175	0.228909718796	0.407005426739	0.269980266404	0.0580907745437
Mix_90	0.216851808083	0.161545733869	0.618648073741	0.00295438430631	0.0
Mix_91	0.596722479515	0.172069825436	0.206151288446	0.0250564066025	0.0
Mix_92	0.261491196975	0.162826420891	0.441687344913	0.133995037221	0.0
Mix_93	0.171629998784	0.467849762976	0.0	0.288075847818	0.0724443904218
Mix_94	0.432834003166	0.307879673609	0.0472536840823	0.103032517355	0.109000121788
Mix_95	0.188282001925	0.376323387873	0.351058710298	0.0843358999038	0.0
Mix_96	0.110812133072	0.42135518591	0.20780332681	0.116071428571	0.143957925636
Mix_97	0.308739255014	0.0706781279847	0.340257879656	0.223137535817	0.0571872015282
Mix_98	0.448431038677	0.083434687424	0.0	0.468134273899	0.0
Mix_99	0.0	0.653414001729	0.210272873194	0.033584393135	0.102728731942
Mix_100	0.269978401728	0.157547396208	0.283177345812	0.289296856251	0.0
