B Cells	CD4 T Cells	NK Cells	Monocytes	CD8 T Cells
Mix_1	0.0	0.0	0.232593037215	0.13175270108	0.635654261704
Mix_2	0.0	0.0	0.455846077928	0.194869264906	0.349284657167
Mix_3	0.0	0.0	0.10275324677	0.022649350659	0.874597402571
Mix_4	0.0	0.0	0.135979811701	0.0283412598285	0.835678928471
Mix_5	0.0	0.0	0.227552275521	0.0447724477286	0.72767527675
Mix_6	0.0	0.0	0.1227321238	0.0858057630682	0.791462113131
Mix_7	0.0	0.0	0.0698147770925	0.0148585385682	0.915326684339
Mix_8	0.0	0.0	0.0330188679227	0.0742924528222	0.892688679255
Mix_9	0.0	0.0	0.146925738622	0.0497737556622	0.803300505715
Mix_10	0.0	0.0	0.0789718539189	0.0445452430795	0.876482903002
Mix_11	0.0	0.0	0.350000000028	0.110714285731	0.53928571424
Mix_12	0.0	0.0	0.134780980909	0.0599026581746	0.805316360917
Mix_13	0.0	0.0	0.0852894187115	0.0306009585836	0.884109622705
Mix_14	0.0	0.0	0.102834602342	0.00990734795023	0.887258049708
Mix_15	0.0	0.0	0.0861096873465	0.0343413634042	0.879548949249
Mix_16	0.0	0.0	0.0475655106727	0.0391766842426	0.913257805085
Mix_17	0.0	0.0	0.0643274853721	0.0233918128643	0.912280701764
Mix_18	0.0	0.0	0.0838290968086	0.0724716062746	0.843699296917
Mix_19	0.0	0.0	0.0914973207889	0.0428672530501	0.865635426161
Mix_20	0.0	0.0	0.0742664243107	0.0586860555758	0.867047520114
Mix_21	0.0	0.0	0.050469018365	0.0624917426368	0.887039238998
Mix_22	0.0	0.0	0.0875698695613	0.0556294916078	0.856800638831
Mix_23	0.0	0.0	0.219852337981	0.130434782634	0.649712879385
Mix_24	0.0	0.0	0.0227429359072	0.0245348035843	0.952722260508
Mix_25	0.0	0.0	0.0753676470449	0.0221669550156	0.90246539794
Mix_26	0.0	0.0	0.0391788347553	0.0231314153552	0.93768974989
Mix_27	0.0	0.0	0.00667556742163	0.0303261491412	0.962998283437
Mix_28	0.0	0.0	0.107805638192	0.0711148887899	0.821079473018
Mix_29	0.0	0.0	0.0416618312714	0.0239062318739	0.934431936855
Mix_30	0.0	0.0	0.0966697502214	0.0130434782611	0.890286771518
Mix_31	0.0	0.0	0.0684292379487	0.0441679626735	0.887402799378
Mix_32	0.0	0.0	0.0539049235969	0.0649405772516	0.881154499152
Mix_33	0.0	0.0	0.062644796598	0.0354925400841	0.901862663318
Mix_34	0.0	0.0	0.102045164044	0.0747763101693	0.823178525786
Mix_35	0.0	0.0	0.209141027916	0.0513960519287	0.739462920156
Mix_36	0.0	0.0	0.0928533708513	0.0347650061496	0.872381622999
Mix_37	0.0	0.0	0.112173991529	0.0258099449548	0.862016063516
Mix_38	0.0	0.0	0.139108314357	0.0599812558546	0.800910429789
Mix_39	0.0	0.0	0.0384305294266	0.123085192147	0.838484278427
Mix_40	0.0	0.0	0.116393281574	0.0249484333509	0.858658285076
Mix_41	0.0	0.0	0.252261656237	0.0650661099471	0.682672233816
Mix_42	0.0	0.0	0.0245973280099	0.0202272443543	0.955175427636
Mix_43	0.0	0.0	0.100176563525	0.0506458507567	0.849177585718
Mix_44	0.0	0.0	0.240445002689	0.0855912434824	0.673963753828
Mix_45	0.0	0.0	0.0436460534717	0.0218689699527	0.934484976576
Mix_46	0.0	0.0	0.00781571369869	0.0215960510118	0.970588235289
Mix_47	0.0	0.0	0.106962663982	0.0659939455101	0.827043390508
Mix_48	0.0	0.0	0.124238933681	0.0483791344406	0.827381931878
Mix_49	0.0	0.0	0.211269946812	0.0217752659567	0.766954787231
Mix_50	0.0	0.0	0.0216170690638	0.0176866928687	0.960696238068
Mix_51	0.0	0.0	0.0983146067454	0.058052434452	0.843632958803
Mix_52	0.0	0.0	0.0651299919516	0.0166175288106	0.918252479238
Mix_53	0.0	0.0	0.0491647908909	0.0473877502619	0.903447458847
Mix_54	0.0	0.0	0.326694506922	0.102794731779	0.570510761299
Mix_55	0.0	0.0	0.140519480559	0.025714285718	0.833766233723
Mix_56	0.0	0.0	0.0299819657377	0.0218665464427	0.94815148782
Mix_57	0.0	0.0	0.625328428783	0.103520756716	0.271150814501
Mix_58	0.0	0.0	0.0773313116025	0.0288097043219	0.893858984076
Mix_59	0.0	0.0	0.191420076444	0.028741328044	0.779838595512
Mix_60	0.0	0.0	0.0180456901496	0.0097907467842	0.972163563066
Mix_61	0.0	0.0	0.133054059446	0.0614402553285	0.805505685225
Mix_62	0.0	0.0	0.197530864191	0.0331569664879	0.769312169321
Mix_63	0.0	0.0	0.245965138788	0.0774693350513	0.67656552616
Mix_64	0.0	0.0	0.0676303562444	0.0588538978013	0.873515745954
Mix_65	0.0	0.0	0.0521806103842	0.0484259170252	0.899393472591
Mix_66	0.0	0.0	0.113032049345	0.026185421091	0.860782529564
Mix_67	0.0	0.0	0.274747474769	0.237373737369	0.487878787862
Mix_68	0.0	0.0	0.022578033643	0.0237474138705	0.953674552486
Mix_69	0.0	0.0	0.0889621087499	0.0348317251245	0.876206166126
Mix_70	0.0	0.0	0.0306372549047	0.0230392156889	0.946323529406
Mix_71	0.0	0.0	0.0923890587563	0.0210726386259	0.886538302618
Mix_72	0.0	0.0	0.0289169295476	0.0699263932633	0.901156677189
Mix_73	0.0	0.0	0.154955670271	0.0232896652163	0.821754664512
Mix_74	0.0	0.0	0.152796934871	0.0646743295111	0.782528735618
Mix_75	0.0	0.0	0.302369223543	0.0459770114965	0.65165376496
Mix_76	0.0	0.0	0.176839703366	0.0265259555031	0.79663434113
Mix_77	0.0	0.0	0.218803004598	0.115338017953	0.665858977449
Mix_78	0.0	0.0	0.0981833544777	0.00954795099491	0.892268694527
Mix_79	0.0	0.0	0.394857667569	0.0945821854813	0.51056014695
Mix_80	0.0	0.0	0.1880484747	0.0873380693761	0.724613455924
Mix_81	0.0	0.0	0.111019329284	0.0419626631504	0.847018007566
Mix_82	0.0	0.0	0.0961925601633	0.0126039387285	0.891203501108
Mix_83	0.0	0.0	0.115100993894	0.0525809554341	0.832318050672
Mix_84	0.0	0.0	0.0471415279727	0.0360798097809	0.916778662246
Mix_85	0.0	0.0	0.185261424459	0.0354055166749	0.779333058866
Mix_86	0.0	0.0	0.114008224652	0.0386735497266	0.847318225621
Mix_87	0.0	0.0	0.256676557874	0.167655786385	0.57566765574
Mix_88	0.0	0.0	0.00816723383688	0.0263490520206	0.965483714143
Mix_89	0.0	0.0	0.177070063689	0.070828025469	0.752101910842
Mix_90	0.0	0.0	0.570798411995	0.0692545213958	0.359947066609
Mix_91	0.0	0.0	0.377151799674	0.153364632221	0.469483568105
Mix_92	0.0	0.0	0.532163742794	0.152046783625	0.315789473581
Mix_93	0.0	0.0	0.00345477387007	0.0618718593012	0.934673366829
Mix_94	0.0	0.0	0.0298579924749	0.0358053161793	0.934336691346
Mix_95	0.0	0.0	0.368778280546	0.0995475113163	0.531674208138
Mix_96	0.0	0.0	0.0797346200368	0.0307599517537	0.889505428209
Mix_97	0.0	0.0	0.148667250672	0.0651983481409	0.786134401187
Mix_98	0.0	0.0	0.00435729847541	0.224400871449	0.771241830075
Mix_99	0.0	0.0	0.0921753379779	0.0167963949194	0.891028267103
Mix_100	0.0	0.0	0.400653239048	0.22046815461	0.378878606342
