B Cells	CD4 T Cells	NK Cells	Monocytes	CD8 T Cells
Mix_1	0.0654905689462	0.219137071499	0.124877935962	0.351570128998	0.238924294594
Mix_2	0.0840611922479	0.307715014988	0.120726180356	0.260362221963	0.227135390445
Mix_3	0.0641880669475	0.2357736042	0.14449980836	0.259984668457	0.295553852035
Mix_4	0.0696394007909	0.276060896863	0.140571884002	0.235462988552	0.278264829792
Mix_5	0.10107326864	0.295901508909	0.139304639417	0.211582000424	0.252138582609
Mix_6	0.0783245942963	0.205131396741	0.118716061681	0.365577009837	0.232250937444
Mix_7	0.0742545040876	0.320592748417	0.12548152757	0.202965887979	0.276705331946
Mix_8	0.083518587814	0.335659102383	0.0932582043959	0.269957960082	0.217606145326
Mix_9	0.080041449734	0.290490794998	0.128945455158	0.248773639299	0.251748660811
Mix_10	0.0904014772042	0.257869771477	0.120741699008	0.285213564632	0.245773487679
Mix_11	0.0768214322695	0.331679448666	0.123056793451	0.229363146429	0.239079179184
Mix_12	0.0592277583197	0.223049530599	0.134023955971	0.319403160779	0.264295594332
Mix_13	0.0939382329797	0.311367941572	0.122927441844	0.221580146016	0.250186237589
Mix_14	0.0638755639511	0.280826353716	0.147740370372	0.203953940226	0.303603771735
Mix_15	0.0695177543211	0.330602207281	0.116374760081	0.228586852206	0.254918426111
Mix_16	0.080521512784	0.321461620029	0.107439757451	0.246672835758	0.243904273978
Mix_17	0.0727539009952	0.322051237856	0.118068941761	0.220921592487	0.266204326902
Mix_18	0.0699109250725	0.364096256461	0.100561429959	0.233777054777	0.231654333731
Mix_19	0.0644001535844	0.206848406564	0.132139574388	0.326480272737	0.270131592726
Mix_20	0.0845079863634	0.291128816038	0.110937679552	0.278986478719	0.234439039328
Mix_21	0.0822401935808	0.279557225342	0.103338852092	0.30889157752	0.225972151465
Mix_22	0.0646136707239	0.208548844846	0.122543168618	0.34858491819	0.255709397623
Mix_23	0.0955692177226	0.335594657612	0.11083315667	0.239315242741	0.218687725254
Mix_24	0.0539964531238	0.331461373358	0.0983945739029	0.254908061351	0.261239538265
Mix_25	0.0917180144668	0.333126028514	0.122057866749	0.197366910341	0.255731179929
Mix_26	0.0799971073152	0.345169221904	0.110717385009	0.205727509389	0.258388776383
Mix_27	0.0883703298012	0.303076253494	0.0942111396509	0.269744324145	0.244597952908
Mix_28	0.0762148433151	0.2703283158	0.114789153253	0.30264632281	0.236021364822
Mix_29	0.0847361559858	0.347786657561	0.110105991059	0.205531939029	0.251839256364
Mix_30	0.0744479936541	0.267131432324	0.150259973417	0.208619925848	0.299540674757
Mix_31	0.0829713698574	0.316788099557	0.113656531692	0.245002568783	0.241581430111
Mix_32	0.0688630170874	0.345305920256	0.0977998964121	0.254914765681	0.233116400564
Mix_33	0.0639833684299	0.296245404884	0.112628930369	0.267630893324	0.259511402992
Mix_34	0.0807151479601	0.229682555179	0.116276793585	0.339613715709	0.233711787567
Mix_35	0.0756014045108	0.292960888025	0.133750969308	0.238540423253	0.259146314903
Mix_36	0.0809649702537	0.295762482714	0.124504296102	0.240949648509	0.257818602421
Mix_37	0.0648340727242	0.232994887452	0.145118490205	0.266385254556	0.290667295063
Mix_38	0.0591716520117	0.252566187878	0.126329041813	0.305148917011	0.256784201286
Mix_39	0.0924835335133	0.296655043227	0.0895131086195	0.323840888571	0.19750742607
Mix_40	0.0784816242463	0.253584295277	0.146722404865	0.236505719115	0.284705956496
Mix_41	0.0721039968694	0.241677080037	0.148236566756	0.273140981412	0.264841374926
Mix_42	0.0811992087202	0.356541381545	0.104670124033	0.204715568867	0.252873716836
Mix_43	0.0859696142597	0.251825117588	0.125735801902	0.287275148789	0.249194317462
Mix_44	0.0629782539069	0.234028543976	0.135441506217	0.311928319741	0.255623376159
Mix_45	0.0675123481447	0.267077583439	0.11910625594	0.267173892114	0.279129920362
Mix_46	0.0854513904102	0.330591889382	0.0980066203038	0.234087230421	0.251862869482
Mix_47	0.0756515598924	0.240194505073	0.121292848891	0.318542174853	0.244318911291
Mix_48	0.0817208154096	0.307333970406	0.122431915914	0.239867017024	0.248646281246
Mix_49	0.0662099693701	0.267713728758	0.152826510724	0.225608465603	0.287641325545
Mix_50	0.0660492967567	0.314190224181	0.104943601174	0.24225038295	0.272566494938
Mix_51	0.0796277692635	0.320890392817	0.113942790683	0.246135814882	0.239403232354
Mix_52	0.0600296976266	0.258571814262	0.134287257017	0.245869330454	0.301241900641
Mix_53	0.0782978425146	0.281699354058	0.108563351983	0.290471796179	0.240967655265
Mix_54	0.0625230040522	0.163948855009	0.15666757349	0.348205284122	0.268655283327
Mix_55	0.0580554656292	0.223831876559	0.151856048345	0.261816121728	0.304440487739
Mix_56	0.0660423532497	0.289033184292	0.110141286256	0.266616634605	0.268166541596
Mix_57	0.0531225742734	0.215270623116	0.160920189113	0.293077411626	0.277609201872
Mix_58	0.0688599628073	0.326906022021	0.117465312537	0.231011300246	0.255757402389
Mix_59	0.0639575530576	0.203071161052	0.163732833954	0.268676654183	0.300561797753
Mix_60	0.0981329304179	0.355174912527	0.110035306265	0.164413129605	0.272243721185
Mix_61	0.0913499290553	0.263139043088	0.128242571183	0.269627629535	0.247640827139
Mix_62	0.0973625140332	0.2869399119	0.146723646728	0.205883622565	0.263090304773
Mix_63	0.059056986895	0.179649798266	0.151340945644	0.339969937511	0.269982331685
Mix_64	0.0790654666542	0.236629268892	0.112587843668	0.335236099135	0.236481321651
Mix_65	0.0784669292296	0.270601346839	0.110229601709	0.298302779584	0.242399342639
Mix_66	0.0833728598363	0.316102330239	0.128609024293	0.209725048584	0.262190737049
Mix_67	0.0993567733355	0.280227075051	0.110744861058	0.304113445938	0.205557844618
Mix_68	0.0721786682158	0.312451606644	0.101831687955	0.254270712354	0.259267324831
Mix_69	0.0951620498327	0.297637327793	0.124439530737	0.231609442493	0.251151649144
Mix_70	0.0681579918854	0.321742340311	0.106120339614	0.241210778906	0.262768549284
Mix_71	0.0748405165742	0.244831699587	0.142181422128	0.248597064469	0.289549297242
Mix_72	0.0674678624848	0.314822122565	0.0918863976108	0.303940209261	0.221883408079
Mix_73	0.058508358339	0.231310355256	0.153715236641	0.255868485406	0.300597564357
Mix_74	0.0891608028773	0.243342258723	0.132158498864	0.289401581686	0.24593685785
Mix_75	0.0708474388099	0.262955768939	0.150807480987	0.241367445463	0.274021865801
Mix_76	0.0721329395035	0.257959857699	0.152161778726	0.229795101973	0.287950322099
Mix_77	0.0707793601933	0.244788418516	0.122971853877	0.323941070006	0.237519297408
Mix_78	0.0618607856633	0.29753273607	0.140932690096	0.202435102222	0.297238685949
Mix_79	0.0610080350643	0.169481373258	0.165230094961	0.321899196496	0.28238130022
Mix_80	0.0745317658685	0.318877472323	0.113733839364	0.255006325397	0.237850597047
Mix_81	0.0744036198517	0.237105078015	0.13428146584	0.286070606318	0.268139229976
Mix_82	0.080871513089	0.300271869166	0.141984645145	0.188815071514	0.288056901086
Mix_83	0.0858875015005	0.272718512905	0.125771871346	0.267354558952	0.248267555296
Mix_84	0.0748918074332	0.295754985473	0.110404742213	0.267866539226	0.251081925655
Mix_85	0.0749571727677	0.289423259982	0.141907239385	0.220810862242	0.272901465624
Mix_86	0.0686479230382	0.213093817576	0.141276381533	0.298092698939	0.278889178914
Mix_87	0.109521502473	0.275371198906	0.118512924286	0.285930063569	0.210664310765
Mix_88	0.0865410298315	0.360142454346	0.0955334619448	0.217806796265	0.239976257613
Mix_89	0.0541216795254	0.204215938304	0.13600685518	0.341216795192	0.264438731799
Mix_90	0.0740672061903	0.243937005762	0.165273712242	0.238678658	0.278043417806
Mix_91	0.107349174349	0.342225734336	0.118112703693	0.210529184172	0.22178320345
Mix_92	0.077374328024	0.250957276224	0.141582570967	0.281344902399	0.248740922386
Mix_93	0.069818015342	0.335378276255	0.085132196414	0.292594712169	0.217076799821
Mix_94	0.0918803000319	0.352705587457	0.10023305458	0.221676034532	0.2335050234
Mix_95	0.0706549452383	0.298712954056	0.13107063455	0.25013767924	0.249423786916
Mix_96	0.0633617513924	0.3089359015	0.118345437325	0.245479423208	0.263877486574
Mix_97	0.0808335037954	0.233758148727	0.131944753244	0.302194039535	0.251269554699
Mix_98	0.0939771750268	0.26727507226	0.0781677479913	0.389529430176	0.171050574546
Mix_99	0.0532374100768	0.342820743377	0.118300359717	0.21383393286	0.271807553969
Mix_100	0.075289086815	0.244452316498	0.12132790162	0.33718782418	0.221742870888
