B Cells	CD4 T Cells	NK Cells	Monocytes	CD8 T Cells
Mix_1	0.109604908649	0.643852352975	0.0843703702967	0.143691515261	0.0184808528181
Mix_2	0.115321989931	0.67208229313	0.0761076344658	0.11753683262	0.0189512498533
Mix_3	0.0831100794933	0.693556856461	0.087463059778	0.11496931121	0.0209006930576
Mix_4	0.0884645649209	0.693674626263	0.086197879922	0.110750441482	0.0209124874126
Mix_5	0.117939461568	0.684234533626	0.0803360134062	0.0992897837804	0.0182002076197
Mix_6	0.122079412564	0.64454195597	0.0751073451523	0.140820847797	0.017450438517
Mix_7	0.0900274834743	0.713242415825	0.073914330436	0.101451384489	0.0213643857754
Mix_8	0.116850051168	0.686882908668	0.0576000172977	0.118978394972	0.0196886278954
Mix_9	0.106174739389	0.683740088076	0.0780050571856	0.112508697911	0.0195714174379
Mix_10	0.118163115702	0.677906954421	0.069627579746	0.116099701008	0.0182026491233
Mix_11	0.101979038083	0.688839605136	0.0773015064897	0.111514510584	0.0203653397072
Mix_12	0.0928527026381	0.664788109155	0.0864842129851	0.135655961172	0.0202190140494
Mix_13	0.113328100322	0.695864436775	0.0690702209687	0.102444395523	0.0192928464109
Mix_14	0.0753280880068	0.712917553732	0.0875591670458	0.102080375319	0.0221148158961
Mix_15	0.093230730869	0.701326642878	0.071746771981	0.112252143084	0.0214437111885
Mix_16	0.106753889866	0.697568721499	0.0639030230072	0.111561722308	0.0202126433206
Mix_17	0.0922154740221	0.709190479959	0.0703018871955	0.10683430394	0.021457854884
Mix_18	0.0980396736369	0.698597723278	0.0658222692912	0.115881059374	0.0216592744193
Mix_19	0.0986021061992	0.668026155245	0.0821959857268	0.131736185801	0.0194395670274
Mix_20	0.116217578422	0.679576898751	0.0666061938528	0.118479361357	0.0191199676179
Mix_21	0.118413635447	0.674485301992	0.0627309113282	0.125450667521	0.0189194837114
Mix_22	0.103862064564	0.66207636133	0.0774714350904	0.137504641556	0.0190854974587
Mix_23	0.12312026383	0.682612833758	0.0662508654563	0.109218007624	0.0187980293309
Mix_24	0.0816845223381	0.71153646333	0.0633925199141	0.120355460359	0.0230310340596
Mix_25	0.107524165857	0.707267023368	0.0683612428509	0.0967925709412	0.020054996983
Mix_26	0.0980685872948	0.713768718183	0.0644925624918	0.102481823024	0.0211883090066
Mix_27	0.11438266091	0.701745621009	0.0525482880932	0.111552939282	0.0197704907056
Mix_28	0.111824389045	0.669321053286	0.0720758687582	0.127582682205	0.0191960067063
Mix_29	0.104410953986	0.712082946407	0.0622117414459	0.100458966704	0.0208353914574
Mix_30	0.0859118025152	0.707590848227	0.0858967486091	0.0996928166937	0.0209077839553
Mix_31	0.107676822724	0.694855119979	0.0670928319515	0.110373740651	0.0200014846942
Mix_32	0.100677565039	0.696939660516	0.0621510240429	0.118797793761	0.0214339566416
Mix_33	0.0918379513285	0.695669122929	0.0707049963851	0.120347740235	0.0214401891222
Mix_34	0.121292434996	0.654852584422	0.0724918515915	0.133419654419	0.0179434745723
Mix_35	0.0986026881163	0.684509616127	0.0842715644109	0.112461218897	0.0201549124488
Mix_36	0.103186727947	0.693572880471	0.0735806802389	0.109603533741	0.0200561776021
Mix_37	0.0865671198628	0.68711090536	0.0890572493767	0.116867058456	0.0203976669447
Mix_38	0.0928813552199	0.671357409981	0.082765567531	0.132597556635	0.0203981106323
Mix_39	0.133458015436	0.664079400448	0.0559597596369	0.128797965478	0.0177048590014
Mix_40	0.0958927365631	0.692058862439	0.0855165605093	0.106723924205	0.019807916284
Mix_41	0.0991983653976	0.666937983171	0.0934846876176	0.121115249275	0.0192637145389
Mix_42	0.100226710636	0.718582655297	0.05927004552	0.100669826872	0.0212507616754
Mix_43	0.114602323002	0.674459805463	0.0743593492141	0.118121227383	0.0184572949375
Mix_44	0.0979902670303	0.65725872927	0.0907498125113	0.134552773376	0.0194484178124
Mix_45	0.0935224160721	0.700679178142	0.0697013384212	0.115117027039	0.0209800403253
Mix_46	0.107013505475	0.711712565995	0.0545031280411	0.106124045525	0.0206467549642
Mix_47	0.113124992735	0.663621152439	0.0752855532695	0.129264126611	0.0187041749457
Mix_48	0.105203128037	0.689674556708	0.0742681812503	0.110833616094	0.0200205179113
Mix_49	0.0821229444106	0.68999131375	0.0966989630447	0.110119135693	0.0210676431017
Mix_50	0.0890348950445	0.716678723577	0.0611011379181	0.111230091438	0.0219551520228
Mix_51	0.106774700671	0.691008732153	0.0689912805593	0.113193971705	0.0200313149114
Mix_52	0.0783145636456	0.706916064068	0.0803170141014	0.112560426578	0.0218919316077
Mix_53	0.110486963714	0.684444229426	0.064475054181	0.121089022246	0.0195047304329
Mix_54	0.100995976245	0.631653603502	0.10552390791	0.143862083016	0.0179644293268
Mix_55	0.0816028741951	0.681280311176	0.096720437485	0.119643242003	0.0207531351404
Mix_56	0.092892548927	0.705465661358	0.064223245134	0.116094411529	0.021324133052
Mix_57	0.0796065695552	0.650651334163	0.113553396374	0.135771020873	0.0204176790351
Mix_58	0.0910686213547	0.703514370322	0.072026573218	0.111414261168	0.0219761739374
Mix_59	0.0826627673236	0.674798659143	0.104231493478	0.118241171134	0.0200659089217
Mix_60	0.104729942387	0.731982943571	0.0562511680045	0.0863487608501	0.0206871851873
Mix_61	0.118213212189	0.674707834123	0.0756682698616	0.113474252562	0.0179364312644
Mix_62	0.111636511608	0.688882687586	0.0839331253788	0.0969833634449	0.0185643119832
Mix_63	0.0958328702634	0.642360350344	0.101473895902	0.141402450319	0.0189304331714
Mix_64	0.117620497504	0.665112850839	0.0678213230588	0.130972941351	0.0184723872473
Mix_65	0.111712924025	0.680584112533	0.066069691126	0.122335790497	0.0192974818192
Mix_66	0.101035336275	0.701144330613	0.075369148224	0.102106032468	0.0203451524196
Mix_67	0.137678921283	0.653966562151	0.0679153657075	0.123548956865	0.0168901939937
Mix_68	0.0968480588616	0.709539996132	0.0602419189091	0.112118868212	0.0212511578853
Mix_69	0.115675583493	0.691593616363	0.0704418908891	0.103466778356	0.0188221308985
Mix_70	0.0940976138308	0.709848937197	0.0635955521513	0.110855955561	0.0216019412596
Mix_71	0.092846022625	0.694022526804	0.083079762545	0.109917790787	0.0201338972383
Mix_72	0.107343955912	0.681847302345	0.059564866806	0.130562898122	0.0206809768145
Mix_73	0.0774287772983	0.685673610577	0.0979109106523	0.117684623343	0.02130207813
Mix_74	0.120209346098	0.664296957856	0.0786010912915	0.119044633711	0.0178479710433
Mix_75	0.091096452361	0.678718406226	0.0970403946877	0.11312214615	0.0200226005755
Mix_76	0.0886845564562	0.689070501325	0.0938447988173	0.108151757776	0.020248385626
Mix_77	0.110419272022	0.653321775931	0.081187282737	0.136341394605	0.0187302747047
Mix_78	0.0737796256353	0.714705839576	0.0853703202076	0.103656785849	0.0224874287322
Mix_79	0.0902367268978	0.640749518547	0.113441499764	0.137001013107	0.0185712416839
Mix_80	0.103683022994	0.682730909762	0.0739432933501	0.119281082608	0.020361691286
Mix_81	0.101834046489	0.677106614612	0.0817663478101	0.120018791557	0.0192741995318
Mix_82	0.0916644040001	0.712930919495	0.0800130817082	0.0946450299308	0.0207465648657
Mix_83	0.112911842408	0.679053549242	0.0744398527914	0.114728278776	0.018866476783
Mix_84	0.102121461583	0.694916058966	0.0653538473533	0.117232566712	0.0203760653859
Mix_85	0.0916603086054	0.693891724163	0.0876105989826	0.106233861684	0.0206035065651
Mix_86	0.0959664967397	0.673591875693	0.0867862962277	0.124153431252	0.0195019000885
Mix_87	0.141558568876	0.657368827402	0.0689012322182	0.115883685358	0.0162876861459
Mix_88	0.107720707643	0.713402056425	0.0544786507973	0.10359356708	0.0208050180546
Mix_89	0.0911240086303	0.654924768949	0.0914999607126	0.142610475717	0.0198407859905
Mix_90	0.0934071715965	0.668119039926	0.107223785104	0.112121092745	0.0191289106284
Mix_91	0.128634962085	0.686070504788	0.0683683161973	0.0990247989423	0.0179014179877
Mix_92	0.10750563514	0.658245780996	0.0920973169493	0.123623233412	0.0185280335029
Mix_93	0.106509477104	0.688393154583	0.0558834371025	0.128336789597	0.0208771416143
Mix_94	0.113464987926	0.704751492212	0.0575884659485	0.104140045663	0.0200550082511
Mix_95	0.0980326505108	0.678024967849	0.0851956095907	0.118420728228	0.0203260438213
Mix_96	0.0868489796365	0.70288671982	0.0733322729302	0.115171318937	0.0217607086765
Mix_97	0.112566545093	0.664109128881	0.0806441960435	0.124391696361	0.0182884336216
Mix_98	0.14824377261	0.642221216638	0.0500038824933	0.143124901268	0.0164062269899
Mix_99	0.0741899081784	0.713839966682	0.0759905170913	0.112373804616	0.0236058034319
Mix_100	0.120722842592	0.642576138138	0.0798638309164	0.138896268072	0.0179409202817
