B Cells	CD4 T Cells	CD8 T Cells	Monocytes	NK Cells
mix_1	0.0	0.0554145516074	0.341370558376	0.434856175973	0.168358714044
mix_2	0.0	0.0616016427105	0.224332648871	0.664271047228	0.049794661191
mix_3	0.0	0.56979761287	0.357031655423	0.0293201868189	0.0438505448884
mix_4	0.0	0.357001972387	0.387376725838	0.177514792899	0.0781065088757
mix_5	0.0	0.173684210526	0.546052631579	0.123355263158	0.156907894737
mix_6	0.0	0.186798964625	0.439171699741	0.297670405522	0.0763589301122
mix_7	0.0	0.344974776872	0.454792394257	0.0779976717113	0.122235157159
mix_8	0.0	0.396914446003	0.0	0.603085553997	0.0
mix_9	0.0	0.201006711409	0.372483221477	0.262751677852	0.163758389262
mix_10	0.0	0.466835123184	0.324699936829	0.208464939987	0.0
mix_11	0.0	0.217030114226	0.106957424714	0.61266874351	0.0633437175493
mix_12	0.0	0.250093597903	0.337326843879	0.388618494946	0.0239610632722
mix_13	0.0	0.197601668405	0.497393117831	0.105839416058	0.199165797706
mix_14	0.0	0.283783783784	0.509957325747	0.206258890469	0.0
mix_15	0.0	0.0199773840935	0.633245382586	0.0214851111949	0.325292122126
mix_16	0.0	0.511687479987	0.343900096061	0.111111111111	0.0333013128402
mix_17	0.0	0.525498891353	0.474501108647	0.0	0.0
mix_18	0.0	0.0408291457286	0.0954773869347	0.857412060302	0.00628140703518
mix_19	0.0	0.16095890411	0.446183953033	0.337084148728	0.0557729941292
mix_20	0.0	0.333333333333	0.574603174603	0.0	0.0920634920635
mix_21	0.0	0.350041084634	0.554642563681	0.0953163516845	0.0
mix_22	0.0	0.0117647058824	0.487165775401	0.298395721925	0.202673796791
mix_23	0.0	0.497044917258	0.124113475177	0.376477541371	0.00236406619385
mix_24	0.0	0.0	0.0906531531532	0.791103603604	0.118243243243
mix_25	0.0	0.521765977153	0.242667489966	0.235566532881	0.0
mix_26	0.0	0.353701310689	0.451910651652	0.0	0.194388037659
mix_27	0.0	0.0	0.142176330421	0.764098490866	0.0937251787133
mix_28	0.0	0.418252694336	0.499656042192	0.0	0.0820912634717
mix_29	0.0	0.227700414001	0.396311629658	0.244636808431	0.131351147911
mix_30	0.0	0.260921843687	0.402004008016	0.254909819639	0.0821643286573
mix_31	0.0	0.490634005764	0.216498559078	0.270172910663	0.0226945244957
mix_32	0.0	0.364458804523	0.404200323102	0.151857835218	0.0794830371567
mix_33	0.0	0.392018779343	0.171361502347	0.35117370892	0.0854460093897
mix_34	0.0	0.125483455092	0.251396648045	0.50107434465	0.122045552213
mix_35	0.0	0.0943637916311	0.477369769428	0.343296327925	0.0849701110162
mix_36	0.0	0.748387096774	0.116129032258	0.0963709677419	0.0391129032258
mix_37	0.0	0.682936668011	0.180314643001	0.136748688987	0.0
mix_38	0.0	0.459310927922	0.393785668992	0.00190234622701	0.145001056859
mix_39	0.0	0.116007532957	0.647834274953	0.00979284369115	0.226365348399
mix_40	0.0	0.615315315315	0.0225225225225	0.341891891892	0.0202702702703
mix_41	0.0	0.049424797614	0.39497230507	0.418406476353	0.137196420963
mix_42	0.0	0.454347148644	0.49267684637	0.0	0.052976004986
mix_43	0.0	0.218015342737	0.493937144271	0.106409304628	0.181638208364
mix_44	0.0	0.454046639232	0.330589849108	0.0843621399177	0.131001371742
mix_45	0.0	0.57365636313	0.236145920356	0.190197716514	0.0
mix_46	0.0	0.189629182997	0.655110039192	0.0250226107929	0.130238167018
mix_47	0.0	0.423587223587	0.214742014742	0.361670761671	0.0
mix_48	0.0	0.0	0.122383252818	0.810789049919	0.0668276972625
mix_49	0.0	0.0	0.365899191039	0.45426260112	0.179838207841
mix_50	0.0	0.664337885043	0.321689425214	0.0139726897428	0.0
mix_51	0.0	0.0	0.128548895899	0.708201892744	0.163249211356
mix_52	0.0	0.394932432432	0.443581081081	0.0	0.161486486486
mix_53	0.0	0.0451745379877	0.224503764545	0.55099247091	0.179329226557
mix_54	0.0	0.298050139276	0.701949860724	0.0	0.0
mix_55	0.0	0.105732484076	0.270063694268	0.507643312102	0.116560509554
mix_56	0.0	0.628148148148	0.24562962963	0.126222222222	0.0
mix_57	0.0	0.373297809355	0.266429840142	0.255180580225	0.105091770278
mix_58	0.0	0.254022277228	0.482673267327	0.107673267327	0.155631188119
mix_59	0.0	0.0597295266717	0.459429000751	0.363636363636	0.117205108941
mix_60	0.0	0.368094351335	0.324643078833	0.307262569832	0.0
mix_61	0.0	0.707504195637	0.292495804363	0.0	0.0
mix_62	0.0	0.553475250064	0.319825596307	0.0	0.126699153629
mix_63	0.0	0.306469100108	0.306830502349	0.328514636791	0.0581857607517
mix_64	0.0	0.528017241379	0.0323275862069	0.439655172414	0.0
mix_65	0.0	0.178214408825	0.429162357808	0.129610479145	0.263012754223
mix_66	0.0	0.0	0.19014573213	0.628730048577	0.181124219292
mix_67	0.0	0.303076923077	0.519692307692	0.0	0.177230769231
mix_68	0.0	0.166666666667	0.596182085169	0.0367107195301	0.200440528634
mix_69	0.0	0.436111111111	0.0994444444444	0.464444444444	0.0
mix_70	0.0	0.0	0.291666666667	0.315384615385	0.392948717949
mix_71	0.0	0.0	0.0	1.0	0.0
mix_72	0.0	0.838383838384	0.135472370766	0.0249554367201	0.00118835412953
mix_73	0.0	0.0	0.532725321888	0.158261802575	0.309012875536
mix_74	0.0	0.522038567493	0.13085399449	0.252525252525	0.0945821854913
mix_75	0.0	0.0	0.0625550660793	0.876651982379	0.0607929515419
mix_76	0.0	0.269656992084	0.48364116095	0.0862796833773	0.160422163588
mix_77	0.0	0.469502407705	0.45264847512	0.0	0.077849117175
mix_78	0.0	0.0354416575791	0.398582333697	0.452017448201	0.113958560523
mix_79	0.0	0.3076	0.2568	0.4156	0.02
mix_80	0.0	0.487817522032	0.361845515811	0.150336962157	0.0
mix_81	0.0	0.639014126841	0.266305981365	0.0946798917944	0.0
mix_82	0.0	0.17527568195	0.415554265815	0.409170052234	0.0
mix_83	0.0	0.0456621004566	0.141552511416	0.720700152207	0.0920852359209
mix_84	0.0	0.521754764473	0.316073354908	0.162171880618	0.0
mix_85	0.0	0.541653857977	0.330464186904	0.127881955118	0.0
mix_86	0.0	0.453435114504	0.422682660851	0.0263904034896	0.0974918211559
mix_87	0.0	0.569143618794	0.21226257914	0.218593802066	0.0
mix_88	0.0	0.365793528505	0.456086286595	0.0776579352851	0.100462249615
mix_89	0.0	0.430967428294	0.486631016043	0.00656295576082	0.0758385999028
mix_90	0.0	0.423368193292	0.302560403895	0.274071402813	0.0
mix_91	0.0	0.0475	0.1875	0.57	0.195
mix_92	0.0	0.513844936709	0.198971518987	0.287183544304	0.0
mix_93	0.0	0.0234920634921	0.00126984126984	0.950476190476	0.0247619047619
mix_94	0.0	0.0	0.337620578778	0.476688102894	0.185691318328
mix_95	0.0	0.0	0.211192538308	0.566289140573	0.222518321119
mix_96	0.0	0.0	0.25578831312	0.409592061742	0.334619625138
mix_97	0.0	0.258386219402	0.343155031732	0.379873073436	0.0185856754306
mix_98	0.0	0.433054393305	0.166841004184	0.40010460251	0.0
mix_99	0.0	0.599776619509	0.391846612063	0.0	0.00837676842889
mix_100	0.0	0.503235629996	0.259231062048	0.237533307956	0.0
