Bcells	CD4_Tcells	CD8_Tcells	Endothelial	CAFs	Macrophages
S10001	0.190693597449919	0.371707567664764	0.245863793129026	0.0904680011202445	0.0511424575350699	0.0501245831009762
S10006	0.192719858347827	0.368715741692327	0.247677917445119	0.0902160343436874	0.0510243925106384	0.0496460556604008
S1001	0.189964335460488	0.36996096204511	0.250771993619829	0.0887102197209119	0.0503709191645073	0.0502215699891544
S10010	0.188673304861322	0.369708004135938	0.250938238224749	0.0888397391129862	0.0503327261240381	0.0515079875409666
S10011	0.18908817970789	0.37213089466422	0.247620099109128	0.0900018921356786	0.0507918090883687	0.0503671252947149
S10014	0.189989465719794	0.369655784043073	0.248840601210444	0.0900579203699933	0.0512677724675153	0.0501884561891799
S10026	0.192660021918459	0.368627544640883	0.250222140346202	0.0879820017202617	0.0498127145911685	0.0506955767830252
S10032	0.192935658210937	0.368424435445023	0.249151472738936	0.0882206658251193	0.0499258269114085	0.0513419408685754
S10036	0.191267167637675	0.369396618984824	0.248404440211227	0.0900668408139946	0.0510148898705109	0.0498500424817686
S10042	0.191483397144809	0.368487160795121	0.250078703241624	0.0889149127307185	0.050284213650127	0.050751612437601
S10044	0.191818452530538	0.36866747962114	0.251837019846942	0.0875319615763423	0.0496961003994278	0.0504489860256099
S10049	0.19351021150554	0.368875900734131	0.250330389552008	0.0877324334079675	0.0496737164920831	0.0498773483082704
S10057	0.189497523321835	0.370504343254971	0.246097484391603	0.0924722627083459	0.0525410753629521	0.0488873109602927
S10062	0.191086947792647	0.369956813770628	0.248946211191502	0.088781620972844	0.0503449353472591	0.0508834709251199
S10066	0.187815305263036	0.372581957326584	0.247719486606409	0.089658623053572	0.050736789844192	0.0514878379062065
S10067	0.190612448515755	0.370734676018164	0.251526945260221	0.0880437644425875	0.0497063986581157	0.0493757671051571
S1007	0.19141104922094	0.369916450550637	0.247251479131448	0.0902989198676219	0.0512025947253319	0.0499195065040211
S10073	0.189431667700218	0.372028910886803	0.252055226323053	0.0872938338513033	0.0494356152758204	0.0497547459628026
S10077	0.190068179883372	0.371400034431437	0.247193558724635	0.0902082823089467	0.0510077423496066	0.050122202302003
S10080	0.190931986894085	0.369569690638678	0.248271548137268	0.0899622557574563	0.0506520041396598	0.0506125144328523
S10082	0.19145137690602	0.372875405960247	0.24825015399191	0.087584228143773	0.0496719320481811	0.0501669029498684
S10087	0.194238818304113	0.369072220817745	0.249576091770216	0.0875831223895939	0.0494215889039164	0.0501081578144152
S10089	0.190406737509382	0.370246271348848	0.247035013112759	0.0909841318721559	0.0514022192622396	0.049925626894616
S1009	0.193324900048119	0.371460419531811	0.248365641314687	0.0881492346083466	0.0496981331485711	0.0490016713484648
S10090	0.189852824174743	0.370067112780495	0.248284962900721	0.0904466024724212	0.0515404440040128	0.0498080536676072
S10093	0.188904745617704	0.369250883601608	0.246895754096406	0.0923784880057559	0.0524741230747087	0.0500960056038173
S10094	0.18973970233109	0.37129504482818	0.249440574762743	0.0887375211238554	0.0499352203914512	0.0508519365626812
S1010	0.190401088065056	0.370737726189318	0.247159539459899	0.0900638698383401	0.0510148850694383	0.0506228913779497
S10111	0.19095259832022	0.371612332854516	0.250831671402853	0.0874711696521345	0.0494700405167015	0.0496621872535757
S10116	0.187398535003428	0.373478965617261	0.250578272440479	0.089468979040766	0.0507318749120262	0.0483433729860392
S10119	0.191747421731623	0.370578862326698	0.248390240757689	0.0893410245769911	0.0504070324665007	0.0495354181404992
S10121	0.189957634847438	0.369479118429127	0.250681864114548	0.0890873140310813	0.0505657668471921	0.050228301730613
S10130	0.189495732217183	0.369982699222299	0.24781772745748	0.0907020667608395	0.0514234621409385	0.0505783122012598
S10140	0.195127544282838	0.365539971195796	0.250087520117413	0.0878206478293214	0.0498157122622405	0.0516086043123918
S10142	0.19379156484936	0.366075993420939	0.25198693692151	0.0887469849253039	0.0502747090012653	0.0491238108816219
S10150	0.189543695712313	0.367287014013389	0.248761907699469	0.0912951593223111	0.0516239370811358	0.0514882861713818
S10155	0.191513815489425	0.369792978307982	0.24921590011895	0.0889833903800149	0.0503649471834816	0.0501289685201466
S1016	0.189671950142093	0.368588177436605	0.249606803012393	0.0902655272989698	0.0515217515861329	0.0503457905238066
S10163	0.189677133519079	0.369883880542131	0.248202771327314	0.0904474870416654	0.0512839724857247	0.050504755084085
S10167	0.190371390728588	0.368264635250631	0.251078040637898	0.0897172578699547	0.0510424234274849	0.0495262520854442
S10168	0.191113173442773	0.370536343664003	0.250824945260892	0.0881554930135226	0.0500039362264728	0.0493661083923369
S10173	0.193589693839737	0.370147922220285	0.249285584554991	0.0878749965593484	0.0499430783075495	0.0491587245180894
S10175	0.191179983935997	0.370184659113741	0.248955631119034	0.0891396601303351	0.0503252817448854	0.0502147839560069
S10179	0.18996584536058	0.369319430489096	0.255204266936482	0.0869113117575107	0.0491412073310876	0.0494579381252431
S10186	0.194800072725699	0.368185261710132	0.249409623146154	0.0886815215769199	0.0501630533393254	0.0487604675017694
S1019	0.190331599793213	0.371457179123364	0.248975616072404	0.0891160934422138	0.0504735683674987	0.0496459432013061
S10190	0.19329720323094	0.369752287671211	0.249990775946537	0.0871944518000445	0.049336464618299	0.0504288167329682
S10195	0.19020101279611	0.369622296345547	0.248019202003502	0.0904968320321121	0.0510726626292597	0.0505879941934701
S10196	0.190012146393568	0.36958879160025	0.250315607191841	0.0890852767278427	0.0503450331156756	0.0506531449708237
S10200	0.187937391620342	0.369309033867893	0.251378003953327	0.0895908344849038	0.0507700154039351	0.0510147206695996
S10201	0.190379555353886	0.368146588632642	0.246666837144941	0.0916411598773989	0.0519287296134271	0.051237129377705
S10202	0.188703272813721	0.370347951077692	0.249892606570204	0.0897770686251956	0.0507677495658919	0.050511351347295
S10205	0.193420098152347	0.368164410383399	0.251655241901874	0.087410530475253	0.049340192777265	0.0500095263098624
S10211	0.19059063379646	0.367876283549282	0.248473957930765	0.091471915701631	0.051754067341098	0.0498331416807646
S10221	0.191869365043866	0.36957436312461	0.249623753277761	0.08863312033855	0.0501196452716915	0.0501797529435222
S10222	0.191288682452615	0.368807688196794	0.247495984460364	0.0906994082822381	0.0512770435977308	0.0504311930102579
S10226	0.19332263362216	0.36838006120147	0.249089070839579	0.0886317213522174	0.0500609134371927	0.0505155995473799
S10227	0.189708055784807	0.371091132136505	0.247115664474988	0.0902171795077713	0.0510767761888667	0.0507911919070629
S10228	0.18926464377859	0.371504053084789	0.249780486230269	0.0887884766177893	0.05039153508171	0.050270805206853
S10232	0.191378917238196	0.37049621904897	0.248685549484274	0.0896898507174437	0.0513861294317624	0.0483633340793535
S10248	0.192983967962982	0.368858791686462	0.2508075633203	0.088139360120042	0.0498642309796433	0.0493460859305703
S10249	0.189719571608058	0.36858344528671	0.248280244732422	0.0896551198482204	0.0510940099712435	0.0526676085533461
S1025	0.192561871568773	0.36863972131598	0.250965903066379	0.088342574662147	0.0497228359799226	0.0497670934067992
S10266	0.189581105285759	0.370289964575618	0.246322973464294	0.091084455770143	0.0516264632265575	0.0510950376776281
S10269	0.192010573692822	0.368144387303384	0.249092834727666	0.0896957961013191	0.0509037064873674	0.0501527016874415
S10272	0.190417952868814	0.368936270682387	0.248475426100875	0.0907823851762794	0.051442175688383	0.0499457894832613
S10273	0.193778118032545	0.368011875351208	0.249093841700033	0.0886282750082293	0.0502571649657911	0.0502307249421937
S10274	0.190502734432443	0.369857942098433	0.249013152124339	0.0895960580605975	0.0507283548693007	0.0503017584148876
S1028	0.192157744898387	0.368509102211248	0.251811671772	0.0875025649984143	0.0496683374203622	0.0503505786995892
S10280	0.191658241697434	0.369739185230985	0.252826593330998	0.0861691071435814	0.0487450240771211	0.0508618485198812
S10283	0.191752888689056	0.369470327584535	0.253590606019099	0.0866452281791771	0.0488415541956929	0.0496993953324403
S1029	0.1917648320586	0.370114792390682	0.248762581777941	0.0891418007067574	0.0502651522136445	0.0499508408523754
S10292	0.191445595668742	0.37083379257251	0.248464711212543	0.0896555397114967	0.0506643698765434	0.048935990958165
S10294	0.193037528788181	0.368014726218449	0.251673280490035	0.0880403666405014	0.0498479355314806	0.0493861623313533
S10302	0.189510090937375	0.370301195810799	0.249353033107896	0.0899107603511613	0.050935274740165	0.0499896450526035
S10303	0.190868648685858	0.369926182775438	0.24895707899868	0.0894209224708932	0.050748286358649	0.0500788807104823
S10323	0.190631374850036	0.370387128281551	0.247807925194136	0.0898029430984386	0.0510562442959663	0.0503143842798709
S10326	0.19125977371883	0.36822126412247	0.250410926904535	0.0891543239951306	0.0503604208335924	0.0505932904254428
S10328	0.188803196764694	0.371727647287386	0.252050559686864	0.088084606970187	0.0499094193691463	0.0494245699217232
S10329	0.19279628294934	0.369691472921978	0.249870221517329	0.0881094074394742	0.0498234169137625	0.0497091982581159
S10336	0.190427811162448	0.368241261696762	0.250022706351618	0.089867703964613	0.0509903666327396	0.0504501501918193
S10340	0.192668756915011	0.371006143224251	0.247705628624456	0.0885524744546574	0.0502720286031496	0.0497949681784752
S10347	0.189465640999145	0.371471967173273	0.246036908840405	0.0917090380786102	0.0520353596896726	0.0492810852188944
S10353	0.194474467781919	0.367612640647181	0.247597370688888	0.0894698489903239	0.0507038747852296	0.0501417971064584
S10356	0.191338183134262	0.371556869239689	0.245990990109566	0.0900924242952488	0.0513629536981372	0.049658579523096
S10358	0.189130533995816	0.369680780263125	0.250684036127139	0.0893456515076768	0.0503669360800913	0.0507920620261522
S10365	0.190109417850793	0.369984647043985	0.248658056710685	0.0894691878746946	0.0509457204282195	0.0508329700916224
S1037	0.191877321975861	0.37017272659597	0.251120149446064	0.0881607419724095	0.0500665699561076	0.048602490053588
S10373	0.192137985968015	0.37023209150365	0.248497050993266	0.0891377569004788	0.05047514882375	0.0495199658108409
S10374	0.192975599670879	0.367911827681719	0.246696642053035	0.091152227503396	0.0518578934907292	0.0494058096002422
S10375	0.189859622672382	0.369329601856975	0.251266665847386	0.0884320986698855	0.0506591906124068	0.0504528203409648
S10377	0.191296672944305	0.371164120191567	0.244602930322823	0.0917843269788139	0.0518821282835188	0.0492698212789731
S10378	0.192606857569073	0.369149449906596	0.251785149527657	0.0871464555853254	0.0492274986231276	0.0500845887882205
S10390	0.190043445407534	0.370913021392877	0.24464103491779	0.0924049939021771	0.0528127714718387	0.0491847329077835
S10391	0.193618721470064	0.367681780405451	0.245871751974559	0.0911059611277742	0.0516392841342476	0.0500825008879049
S10393	0.192621030850614	0.367156141316044	0.251699223686604	0.0887560692663435	0.0500790337528863	0.0496885011275086
S10400	0.189841011596308	0.371813175768953	0.246134967416529	0.0904401411503586	0.0510305521671471	0.0507401519007034
S10401	0.191263508196092	0.369486675392297	0.247992751516941	0.0902595928858933	0.051029941752396	0.0499675302563808
S10406	0.190369201638708	0.36862895765932	0.246864993629337	0.0912235683610538	0.0516984722111213	0.0512148065004596
S10408	0.19175319234245	0.369161479578397	0.248104012226603	0.089689998676819	0.0506709782259443	0.0506203389497868
S10409	0.192354889774796	0.36863658650666	0.251783753844185	0.0879199552955982	0.0498275198993975	0.0494772946793629
S10418	0.190103759856325	0.369854791116272	0.244263402906546	0.0930284917798802	0.0528196212722737	0.0499299330687035
S10431	0.18838682892834	0.371480278200671	0.247972017519118	0.0905445812620922	0.0513332533264438	0.0502830407633347
S10438	0.190336029711192	0.370444243191318	0.248376667351965	0.0898480474671535	0.0508399750690993	0.0501550372092723
S10439	0.19175504791365	0.367831524840175	0.249961962732977	0.0888281841710754	0.0502199766214452	0.0514033037206777
S10441	0.190091171703713	0.368087306470672	0.249331919666217	0.0895575484726222	0.0507110330851167	0.0522210206016597
S10442	0.190461119462552	0.371118074938086	0.247820163387065	0.0892455778161337	0.050777143619327	0.0505779207768353
S1046	0.191571448392565	0.369809221034665	0.247739827798366	0.0891995828774101	0.0505154543004899	0.0511644655965038
S10478	0.192767919210753	0.367807068611465	0.244596926441258	0.0910185364079923	0.0514352535642027	0.0523742957643289
S10480	0.193525480657881	0.368290926945523	0.249410101577175	0.0900352002047619	0.0507760825519099	0.0479622080627482
S10484	0.18969450295053	0.369339248071959	0.248680709518629	0.090107810943475	0.0511680433665039	0.0510096851489029
S10492	0.19206581970772	0.37099076981541	0.250711584685849	0.0870686134138795	0.0494603250573062	0.0497028873198347
S10496	0.195973182388007	0.368092215955837	0.250747613342152	0.0867605289025251	0.0489510590178656	0.0494754003936123
S10510	0.193188440145134	0.368128520271051	0.247328705614656	0.0900850362034672	0.0511158833577769	0.050153414407916
S10513	0.186974922627367	0.372116552689874	0.249914204029039	0.0891572920543649	0.050670843874354	0.0511661847250009
S10516	0.191073120931497	0.370270359781027	0.247251200362721	0.0902892360877728	0.05089666989618	0.0502194129408027
S10534	0.192587239964633	0.370231105872736	0.248215143039617	0.0888060210346599	0.0500068413283567	0.0501536487599983
S10535	0.192312962958083	0.370231038314428	0.249327497392247	0.0885824282703983	0.0503941161418344	0.0491519569230099
S10537	0.192086590192682	0.368920250394931	0.249770595720274	0.0881571447355369	0.049819772956067	0.0512456460005099
S1054	0.189537547913163	0.369956068170641	0.248746127851661	0.0907625746058914	0.0514070289636169	0.0495906524950269
S10543	0.192472742765959	0.367702875691702	0.250771629936033	0.0892768992789737	0.0504454234144866	0.0493304289128461
S10546	0.192856331124502	0.367365104713559	0.248910890144101	0.0900247912078243	0.0510194247794028	0.0498234580306109
S1055	0.189712129188935	0.367901079738251	0.247468297742271	0.0914333991346998	0.051878557773398	0.0516065364224449
S10551	0.190673285267762	0.370944288207172	0.246050467702466	0.0907961934241881	0.0514805685927502	0.0500551968056616
S10552	0.190367072981764	0.36838844355059	0.246379341693253	0.0918168296324161	0.0521638951485529	0.0508844169934244
S10555	0.190002548422207	0.368882681636258	0.25432962770373	0.0877388361360555	0.0496226141035125	0.0494236919982366
S10559	0.189978502108431	0.369287719401716	0.2494314547372	0.0894080586897509	0.0506036503207834	0.0512906147421188
S1056	0.193630110930227	0.369592568965948	0.249459160218257	0.0877712957979395	0.0497806578086117	0.0497662062790179
S10563	0.190894698740027	0.369901907756556	0.248637362778734	0.0892449353071351	0.0505144162143333	0.0508066792032145
S10574	0.190666824218181	0.370808618067371	0.251126167760215	0.0880037514641946	0.049658825796114	0.0497358126939241
S10576	0.191849526448282	0.367696157957603	0.247602929331357	0.0905847920438954	0.0514599705809927	0.0508066236378703
S10578	0.189448300924421	0.36812931987981	0.249372928110528	0.0905942477194033	0.0513289123086169	0.0511262910572207
S10579	0.191248277396377	0.36868300152054	0.250134815841957	0.0891987768179579	0.0504724905270278	0.0502626378961405
S10582	0.19280845058254	0.368470071741935	0.250128302946926	0.0879873306322202	0.049876183938431	0.0507296601579485
S1059	0.191825403812533	0.369596353200888	0.250354063510364	0.0882187897079442	0.0498701229988816	0.0501352667693896
S10599	0.193199411212971	0.367997467580739	0.24861692152023	0.0883810548857156	0.050121751059237	0.0516833937411077
S10611	0.189782380816032	0.370302902086435	0.249627025043818	0.0890755377325659	0.0504156841464862	0.050796470174663
S10614	0.189645150489411	0.371052282083862	0.248841387029947	0.0892063745918044	0.0501092238128117	0.0511455819921646
S10624	0.194032813522851	0.367711148117355	0.247684155337949	0.0891254283481697	0.0508205819501608	0.0506258727235142
S10632	0.191011698892326	0.369392234248081	0.247324778228031	0.0907369052976287	0.0517213256774164	0.0498130576565173
S10634	0.193639904896039	0.369606436079201	0.248395543903617	0.0887481743126024	0.0501282635684208	0.0494816772401202
S10638	0.191529376400606	0.36909538924374	0.248174930195721	0.0891748845741959	0.0506780610028393	0.0513473585828975
S10644	0.190409494475973	0.371312711669017	0.250528725423413	0.0880478612038764	0.0500500116419877	0.0496511955857327
S10649	0.1908554243429	0.369091545641105	0.24938887647264	0.0893238523341265	0.050503546666901	0.0508367545423267
S10652	0.193225668299441	0.367024472507503	0.249137085096959	0.0896570364646238	0.0507291009366243	0.0502266366948493
S10654	0.192264459554982	0.367669000569341	0.252063481838674	0.0881369955839246	0.0499709336950802	0.0498951287579988
S10655	0.190061566845016	0.370641473346159	0.249928329989556	0.0889997138457094	0.0502913993135776	0.0500775166599825
S10656	0.191081848721336	0.369019947985222	0.255011007905971	0.0863334585953557	0.0488590622884987	0.0496946745036173
S10657	0.193332145884374	0.36599425053373	0.248012114610808	0.0908540377259779	0.051653021978134	0.0501544292669767
S10658	0.192887469377686	0.369349549842309	0.251812145224968	0.0868620420379686	0.049242659954776	0.0498461335622919
S10660	0.190213029579962	0.37057548761447	0.24942407854452	0.0900725802630406	0.0509842577664048	0.0487305662316021
S10661	0.193413486616614	0.370231672972802	0.249055374364866	0.0882868945580065	0.0500315421039572	0.0489810293837542
S10676	0.193742879151579	0.36528485564284	0.250393100566349	0.0886155193044674	0.0499946209984733	0.0519690243362912
S1068	0.193569614889139	0.369048279317659	0.249866196534983	0.0879161292406439	0.0496501551410298	0.0499496248765446
S10681	0.191897618624799	0.368251008348732	0.247639851267717	0.0909279997980467	0.0515355344653332	0.0497479874953724
S10686	0.190754897104098	0.368208291416983	0.247666032741601	0.0914543560500768	0.051807379207974	0.0501090434792674
S10688	0.189708764155166	0.371503742822712	0.251206932653513	0.0876394254677805	0.049873533868687	0.050067601032142
S10690	0.189308055105283	0.368626017908284	0.249234705928849	0.0912151404231876	0.0516779012748603	0.0499381793595365
S10698	0.190922606128492	0.370937552851359	0.250487549039828	0.0878319830331228	0.0499117100993615	0.0499085988478371
S107	0.189897336436906	0.369807646985958	0.251543846233113	0.0888857020793053	0.0502306085240542	0.0496348597406635
S10703	0.190528068259259	0.370056849187017	0.251932091485393	0.0878880237329949	0.0499024981694703	0.0496924691658655
S10726	0.191617779802196	0.371032004628371	0.247251315851308	0.0895253428038928	0.0507202958463575	0.049853261067875
S10729	0.189351323989414	0.370157121638854	0.247229245667655	0.0910764729448392	0.051551577028133	0.0506342587311044
S10733	0.190671178856034	0.369608850006855	0.251517240104481	0.0877377376524514	0.049760439283044	0.0507045540971351
S10734	0.191959445913984	0.369561980218585	0.247117538769529	0.0900695571691389	0.0513811130801789	0.0499103648485841
S10735	0.194365746057565	0.368337147048661	0.247468525015235	0.0894326056790765	0.050748320079809	0.0496476561196542
S10740	0.188445603970265	0.372306104875378	0.246766830018626	0.0894419490069189	0.0507281518578415	0.0523113602709711
S10745	0.193251266945897	0.365737401476266	0.24933407616744	0.0895456932535532	0.0504570968997131	0.0516744652571306
S10748	0.190613328172584	0.370862305591666	0.247006145680633	0.0904687791060874	0.0512530339297423	0.0497964075192877
S10753	0.190499128790447	0.372266047382041	0.248474529887148	0.0878429527148363	0.0496227142949541	0.0512946269305734
S10756	0.193012149027423	0.368474782335256	0.250094163653203	0.0881509452358161	0.0499335396130267	0.0503344201352757
S10757	0.192888190411878	0.37069391432171	0.251118560446462	0.0869748772087456	0.0493712370490007	0.0489532205622036
S1076	0.19179112115122	0.370443890558969	0.248745512870289	0.0885094336240984	0.0502443674026507	0.0502656743927734
S10764	0.190889844967024	0.368308213235665	0.247287661356993	0.091517429879718	0.05179289103684	0.0502039595237605
S10767	0.190660704327479	0.370467057001101	0.250202330970134	0.0895551790789174	0.0505767811938053	0.048537947428563
S10776	0.191697362873276	0.369437869934492	0.250141505310519	0.0881983173311688	0.0497131960079099	0.0508117485426345
S10778	0.19126826459137	0.37076516996132	0.24862006759433	0.0883051876937798	0.0500802297747647	0.0509610803844354
S10784	0.191161446424584	0.369530319620007	0.248791896039262	0.0890805208450887	0.0501927394984574	0.0512430775726005
S10787	0.191715027574031	0.3693626795372	0.248428813601931	0.08972636172309	0.0509454324015639	0.0498216851621841
S10800	0.200387632901826	0.366215278498323	0.247829612233895	0.0871431521660547	0.0494143587849951	0.0490099654149067
S10805	0.191318432057505	0.369101814540091	0.24751240314944	0.0903752104847708	0.0512196347987294	0.0504725049694646
S10813	0.191127687139887	0.36779363624801	0.251187348174079	0.089058261305993	0.0502304288579951	0.0506026382740365
S10814	0.191878043604826	0.369368126320393	0.245767377211624	0.0913043102288286	0.0519281245272385	0.0497540181070904
S10815	0.191195196594711	0.369733477647274	0.25076624852502	0.0883834129488697	0.0499476958164424	0.0499739684676837
S10817	0.190793352423066	0.369358281450096	0.250043625490199	0.0897061537926046	0.0511211855534064	0.0489774012906281
S1083	0.192767940437941	0.368986132663598	0.250699226617441	0.0875677854740319	0.0496566416397374	0.0503222731672502
S10835	0.19044428027785	0.367889734279834	0.248607787137846	0.0900830059924565	0.0510924368429972	0.0518827554690165
S10838	0.190351118897251	0.368878482362336	0.251261503270614	0.0888226808081193	0.0501114333260427	0.050574781335638
S10844	0.192302154503769	0.369701700912493	0.248513967260823	0.0892975841444862	0.0505680684480916	0.0496165247303375
S10845	0.191362791885452	0.368671565792381	0.249458142440468	0.0892016900023689	0.0502627225273731	0.0510430873519581
S10846	0.195333855099086	0.368653278947234	0.249564715326638	0.0879458857040193	0.0498052122331246	0.0486970526898984
S10853	0.190730686992783	0.367452462970574	0.248075341720619	0.0907147806021275	0.0515682887363827	0.0514584389775137
S10854	0.192949130523437	0.37049088334663	0.249606526441349	0.0878151595386364	0.0495596651293828	0.0495786350205642
S10865	0.189543014996003	0.370133546238693	0.24960045772223	0.0891824037607609	0.0506635217146108	0.0508770555677028
S10866	0.19191018366683	0.368014262739049	0.251229912280138	0.0880243289000166	0.0499343732149339	0.0508869391990324
S10869	0.189579691113044	0.368087754226004	0.249898152185477	0.0895385554332649	0.0506964022857076	0.0521994447565024
S10873	0.191049807411183	0.368112478833734	0.250146254171001	0.0897309446557271	0.0509281953965989	0.0500323195317562
S10876	0.192686361684032	0.369323363545157	0.250835682459988	0.0871065140884517	0.0494473863875128	0.0506006918348591
S10883	0.192828041577611	0.367276095399156	0.247788301149384	0.0903160308293582	0.0509854006224825	0.0508061304220075
S10885	0.19175652249595	0.369068081578973	0.246735033611369	0.0903022583300329	0.0513716229638834	0.0507664810197911
S10893	0.190733592816522	0.368221553620323	0.249405332724858	0.0896359414983525	0.050792182035302	0.0512113973046419
S10895	0.188898906347838	0.370361012099197	0.250028964116854	0.0891421506553964	0.0504707055448449	0.05109826123587
S10902	0.192115246439513	0.368849176228677	0.248548370263694	0.090015994677047	0.0507684231210828	0.0497027892699862
S10903	0.190183578581901	0.366744077371672	0.250471754585413	0.0905163061413768	0.0511345970842337	0.050949686235404
S1092	0.191352400387603	0.36985208625583	0.248878661973166	0.0882925166531945	0.0500956678315389	0.0515286668986683
S10925	0.192711951667577	0.367981251833477	0.248555924857045	0.0896241891013348	0.0508362319437855	0.0502904505967813
S10927	0.187474228951851	0.373077842398925	0.249196526956367	0.0887606517287789	0.0501149305730211	0.0513758193910564
S10936	0.190018414655017	0.369989883157485	0.253052861683789	0.0873577969374898	0.0494593756552333	0.0501216679109864
S10945	0.192495157352761	0.368794436789107	0.249751824068232	0.0877941625245064	0.0495818143045462	0.051582604960847
S10947	0.188774731717241	0.37140024439501	0.246509015836659	0.0915977323497979	0.0519488233982551	0.0497694523030371
S10949	0.192445866374492	0.369223149799259	0.25066939613052	0.0879253659354806	0.0500480579356257	0.0496881638246222
S1095	0.18919479987758	0.369903931128338	0.246498567759466	0.0923131529675096	0.0523403156049565	0.0497492326621488
S10961	0.18983305189832	0.366806666585868	0.251455522064744	0.0903121024315583	0.0509071378765766	0.0506855191429329
S10969	0.191800493052253	0.370553420882977	0.250219658419338	0.0878358374957354	0.0496166080494237	0.0499739821002732
S10972	0.194340163688809	0.366957282894481	0.249066142631525	0.0892387481237239	0.0505083296685018	0.0498893329929584
S10973	0.193454560813563	0.366959063771732	0.24827852000413	0.0894811945420612	0.0504151981686297	0.0514114626998839
S10978	0.189705600154385	0.369403179445591	0.251351872579741	0.0888861975981336	0.0501881488665148	0.0504650013556347
S10979	0.19202472502966	0.369591810955526	0.249438581879195	0.0886790396100514	0.0503608720510453	0.0499049704745221
S10986	0.188084284978792	0.37161795094659	0.247908201726447	0.0904332210123841	0.0513691711806118	0.0505871701551752
S10989	0.190672914615562	0.370196537606095	0.249526928146814	0.0891780426070914	0.0502531244189304	0.0501724526055076
S10995	0.19094452145853	0.368833299145953	0.251960480436681	0.0877141239582298	0.0494907972997422	0.0510567777008639
S11005	0.190610624745143	0.368326919771213	0.250105070129062	0.0901426338011277	0.0507999756848505	0.0500147758686042
S11008	0.192949912105388	0.369416815620493	0.247191589201529	0.0898465546979796	0.0505895281232676	0.0500056002513428
S11010	0.19048882443858	0.371462658191973	0.247396810042993	0.0904940115865759	0.0512788593406503	0.048878836399228
S11013	0.189567238361067	0.37131722549427	0.250182216767443	0.0886593958329746	0.050053861552783	0.050220061991463
S11016	0.191537273843395	0.368576080959039	0.250827389712677	0.0882944224041062	0.0498726406215095	0.0508921924592732
S11017	0.191296214943097	0.367945281790971	0.249393122669632	0.0893456364274852	0.0505439128134098	0.0514758313554055
S11020	0.189690722917449	0.370125199240248	0.249482459439179	0.0891819006143271	0.05048763515616	0.0510320826326376
S11027	0.190919845067529	0.368283826933764	0.249999523381259	0.0892410924504206	0.0503945634534927	0.0511611487135336
S11035	0.192526980912328	0.367980036423365	0.249140375962345	0.089479690626433	0.0506151013184864	0.0502578147570428
S11041	0.19014731925808	0.371232387067533	0.249480407571839	0.0890673717557336	0.0504310754663792	0.0496414388804352
S1106	0.191507486189046	0.369024843945683	0.250671849139481	0.0887308640896258	0.0502065822366415	0.0498583743995229
S11071	0.193273729843833	0.368536311530939	0.252192307876093	0.0876860570493128	0.0497068441488371	0.0486047495509838
S11076	0.189030547671256	0.370795743338443	0.249826924387558	0.0896775997372131	0.051054767967017	0.0496144168985121
S11078	0.192151441813968	0.36881531855939	0.249391355243176	0.0890510824424527	0.0502249351316059	0.0503658668094075
S11081	0.189170906329743	0.372059117314519	0.249316343225445	0.0891844406911043	0.0504370434913542	0.049832148947835
S11086	0.18991738786892	0.369945137182906	0.249168042304122	0.0899241395646684	0.0508955388874433	0.0501497541919403
S1109	0.192147683365779	0.367195865340754	0.251659227770282	0.0877333147246136	0.0495641122686586	0.0516997965299114
S11096	0.19062931684603	0.368156836143849	0.249969138522118	0.0892162571280642	0.0503850281765249	0.0516434231834142
S11100	0.191260382382422	0.371404382568151	0.246860735173312	0.0899949925227213	0.0509969312203574	0.0494825761330358
S11107	0.191359522471108	0.369715484760601	0.248391140913922	0.0895601771298498	0.050508562831339	0.0504651118931794
S11109	0.191472429063904	0.368613406146295	0.247546371029561	0.0906113662110121	0.0512599332283665	0.0504964943208612
S1111	0.190991896604773	0.370312829006794	0.25172734665335	0.0879326594042676	0.0498427008859404	0.0491925674448742
S11119	0.189319380130067	0.369780525195689	0.249715922421363	0.0901243826889554	0.0510329738666497	0.0500268156972758
S11127	0.191673232446475	0.367073658393172	0.252340032280587	0.0884229868472791	0.0502842516145366	0.05020583841795
S11136	0.189037358228918	0.372698148070731	0.246785529915865	0.0906731709039717	0.0515168108371375	0.0492889820433779
S11147	0.189512988810294	0.370170414692886	0.249661271736472	0.089230110251688	0.0504104632431927	0.0510147512654673
S11150	0.190424808693831	0.370620655615072	0.248085225790027	0.0894172463149654	0.0506414352191347	0.0508106283669698
S11152	0.191943080037455	0.367717167502944	0.248363555005037	0.0903347419100199	0.0509305934738177	0.0507108620707265
S1116	0.192213913731832	0.370790560774073	0.250906675895646	0.087268557593849	0.0493159502410547	0.0495043417635457
S11163	0.190466184649874	0.371662449500222	0.250913715243055	0.0878830789344843	0.0498032237181545	0.0492713479542097
S11164	0.190009952461964	0.369012799347916	0.248068761180431	0.0902634097624395	0.0510338628098377	0.0516112144374114
S11166	0.192054569329617	0.368461615988168	0.244072019869371	0.0932125847054706	0.0533167883082058	0.0488824217991677
S11173	0.195792589955116	0.367126909884416	0.249440422545777	0.0877737304189799	0.049668011252005	0.0501983359437062
S11174	0.191145906265855	0.369184467263428	0.249007736869726	0.0893782131479749	0.0510415326802696	0.050242143772746
S11182	0.193969186705727	0.370288788132759	0.25003567104331	0.0870307934872876	0.0491348556243577	0.0495407050065585
S11188	0.192574116231495	0.367583293336284	0.249733517259511	0.0885543585414818	0.0501751280114801	0.0513795866197483
S11189	0.190033972165424	0.370824458626997	0.251322982986245	0.0878850043050147	0.0494432647574902	0.0504903171588287
S1119	0.191721833650887	0.370574608291717	0.249540848904814	0.0885415465236211	0.0504606088494931	0.0491605537794675
S11195	0.193853532866667	0.37086073356438	0.248726479594287	0.087147017751588	0.0493465982344658	0.0500656379886131
S11197	0.191371664840474	0.370760339588017	0.24753097284134	0.0904183287601777	0.0512108006472157	0.0487078933227745
S11198	0.189459978589577	0.367901878793468	0.248839939134761	0.0901727109588679	0.0509714279685114	0.0526540645548154
S11211	0.188871379033275	0.370705603118865	0.248238722582663	0.090488177698112	0.0512139671567211	0.0504821504103637
S11214	0.191581985684773	0.367274207569398	0.251072179530542	0.0892691836426456	0.0507281601369791	0.0500742834356622
S11216	0.188305512079179	0.37204743907223	0.249886845205889	0.0887767846378861	0.0503127744848106	0.0506706445200052
S11224	0.19059519961401	0.370795011984754	0.249254380461676	0.0887669193734273	0.0504532279619096	0.0501352606042223
S11236	0.191349653384349	0.370042478316151	0.249035935527385	0.0886129297467286	0.0502365594201432	0.0507224436052434
S11241	0.191537998373423	0.368202035029033	0.248314424102423	0.090475932428816	0.0512326830392261	0.0502369270270788
S11243	0.187401618506808	0.373074705385272	0.248252589403483	0.0902206470391281	0.0509903779426489	0.0500600617226599
S11245	0.190696648355681	0.369664881403192	0.246865564654162	0.0910061938616558	0.0518398192821395	0.0499268924431698
S11249	0.191451831407329	0.368964073451142	0.248571299146681	0.0904051690865024	0.0511932479684948	0.0494143789398515
S11274	0.188630085344591	0.37222829654556	0.244535238300575	0.092815188565577	0.0526991206583121	0.0490920705853847
S11280	0.191106052136908	0.370418491307308	0.24943292379475	0.0888691946229565	0.0502422639144884	0.0499310742235891
S11281	0.189235199099693	0.370873609404413	0.24914391125012	0.0897036683090459	0.0508905940620086	0.0501530178747189
S11285	0.190439281354311	0.370518196663908	0.245596146925798	0.0915925488557689	0.0519560993280198	0.0498977268721949
S11298	0.190324964620108	0.371537428822711	0.247486326668163	0.0899320820389481	0.0510479948050175	0.0496712030450529
S11311	0.188593966169221	0.370456316549917	0.252011835399289	0.0881775153736885	0.0508132006207128	0.0499471658871709
S11312	0.18836976260024	0.371943150507512	0.250113160755542	0.0889667522554262	0.0501831921982304	0.0504239816830498
S11316	0.191527181038002	0.369480674099826	0.249841574545773	0.088717886094091	0.0499686742610911	0.0504640099612169
S1133	0.191380139730102	0.368754729105023	0.248104770105592	0.0907258459795345	0.0515132677526513	0.0495212473270979
S11330	0.190053745922384	0.368425756375559	0.252829547376086	0.0885751531981615	0.0500725747682426	0.0500432223595671
S11332	0.191900950781592	0.37092427759583	0.251749460664788	0.0872550942148454	0.0493018347945121	0.0488683819484322
S11334	0.191323848133007	0.367686709277373	0.251450011159939	0.088723547586486	0.0502126330866113	0.0506032507565833
S11335	0.190025402044944	0.371427755596646	0.248590472072032	0.0891412242770558	0.0503538416378386	0.0504613043714832
S11345	0.190744573051642	0.370057160020922	0.246030236097479	0.092155785953098	0.0519922816873302	0.0490199631895285
S11349	0.188949024473287	0.370386383486583	0.251556948827908	0.088536216703415	0.0501732137827954	0.0503982127260115
S1135	0.18961260706894	0.3695033130726	0.248692527620771	0.089803855066252	0.0508187258313269	0.0515689713401102
S11352	0.189526936876635	0.36977213690899	0.246900025753371	0.0911435128451648	0.0516749719016355	0.0509824157142035
S11353	0.188919489581615	0.371208431148966	0.24859902727556	0.0894282589605308	0.0504968270212029	0.0513479660121253
S11368	0.191642522157683	0.366068959344575	0.249978589480533	0.0901051538583651	0.051018507966914	0.0511862671919302
S11369	0.188635412626021	0.371145424289251	0.249179311953832	0.0902934677736264	0.0510247078960401	0.0497216754612296
S11371	0.189766239372801	0.369178706677511	0.250346462862807	0.0901198230135747	0.0512633603893548	0.0493254076839518
S11377	0.191169448121504	0.368681424374991	0.24631174644278	0.0906749190231165	0.0513253649099062	0.0518370971277021
S11378	0.193487088051461	0.36721529636753	0.248617196315612	0.0901518372222345	0.0509533256671246	0.0495752563760383
S11383	0.193778551451575	0.369114910492866	0.251200702289856	0.087008996469731	0.0492268784950721	0.0496699608008994
S11384	0.19321862711548	0.36818381390403	0.250264824834557	0.0890384003657439	0.0504041033853386	0.0488902303948513
S11392	0.189788491957093	0.371482132743646	0.248142404168133	0.0897027354745173	0.0508451572339312	0.0500390784226789
S1140	0.190752428002757	0.368460103566524	0.247275517697675	0.0915526839482345	0.0519505943693269	0.050008672415483
S11410	0.189434914845474	0.372137538005233	0.247736933029578	0.0892420203158486	0.0506833682337802	0.0507652255700866
S11411	0.191633850621025	0.368896514016971	0.252424582388059	0.0875455364686431	0.0495694481935292	0.0499300683117724
S11414	0.191896891710645	0.368819089742279	0.248235994022147	0.0905939854322764	0.051381212058785	0.049072827033868
S11419	0.193004704461312	0.368088422073341	0.248783287489591	0.0889690084677277	0.0503438142562032	0.0508107632518247
S11424	0.188688761622495	0.372775789044418	0.247891583510206	0.089681781225568	0.0509579057252644	0.0500041788720485
S11425	0.191502277977522	0.371736080021333	0.249038212359398	0.0880655538148202	0.0500298662390567	0.04962800958787
S11433	0.189787453245059	0.371913178339825	0.248192292601852	0.089421527591759	0.0505212465651512	0.0501643016563529
S11434	0.192388022551399	0.369595081373246	0.250882239627152	0.0875116902997316	0.049468367687048	0.0501545984614243
S11436	0.191474720793572	0.36939668489277	0.247837326805033	0.0896155590292107	0.050570179488098	0.0511055289913168
S11437	0.192375671745898	0.369978469317519	0.250256014985488	0.0881380119969676	0.0501536993086124	0.0490981326455151
S11440	0.191642562630501	0.367115374270017	0.247886410862183	0.0907760238891114	0.0513349827184848	0.051244645629702
S11449	0.192285350381525	0.370616836149371	0.252152133005992	0.0866398829120618	0.0488619577783377	0.0494438397727115
S11459	0.193252417276756	0.370400039592549	0.245508865749739	0.0903126813234443	0.0514644641096944	0.0490615319478158
S11477	0.18974174097929	0.369783993563895	0.250364467776277	0.0891998380292255	0.0503059340667032	0.0506040255846095
S11480	0.19157055568255	0.369280183870271	0.24774068182684	0.0898755530806347	0.0509730157603247	0.0505600097793802
S11486	0.193361701657831	0.369377973134081	0.248333177536322	0.0887773847890547	0.0503038078718634	0.0498459550108481
S11501	0.190846166830673	0.367917526223365	0.246701229627903	0.0919861895558735	0.052457637674924	0.0500912500872616
S11504	0.190792541432411	0.36969657573441	0.249255928306157	0.090487921210087	0.0511785334038731	0.0485884999130619
S11507	0.190056184454102	0.37143655087664	0.249402197580229	0.0896699373848873	0.0508624045008493	0.0485727252032922
S11518	0.187621046681761	0.372297053267861	0.252704218636876	0.0876385970080341	0.0496891956484358	0.0500498887570322
S11525	0.190542438288485	0.37056966081165	0.249062712986389	0.0895593555862037	0.0510125294484795	0.0492533028787927
S11531	0.188950174959912	0.371029841053801	0.249123635500906	0.0897932717751374	0.0508713278185734	0.0502317488916699
S11532	0.194310841219793	0.368474308270496	0.248267832667739	0.0890764371148244	0.0505786070941842	0.0492919736329636
S1154	0.193123423023731	0.368812711799304	0.249027687514354	0.088711266301366	0.0501539614728013	0.0501709498884435
S11542	0.188669529508934	0.370921434160499	0.246559499459734	0.0919752018907353	0.0521598461637654	0.0497144888163333
S11543	0.192812824208149	0.368391424687552	0.248731077207561	0.0888961687054718	0.0501133225006371	0.0510551826906291
S11546	0.191684701236186	0.370949407431439	0.2485918062652	0.0881953269846618	0.049707270092364	0.0508714879901504
S1155	0.188278487491082	0.370522352856857	0.247835598752299	0.0910195423653509	0.0515782395081826	0.0507657790262282
S1156	0.192427858321329	0.367725055683149	0.252308627811021	0.089156991655782	0.0506628397839751	0.0477186267447444
S11568	0.190452372139569	0.369098708422993	0.248401802688057	0.0903112863301494	0.0512088091810183	0.0505270212382134
S11576	0.193144633141836	0.37008388452989	0.250534841770108	0.0870432347037492	0.0493289743944955	0.0498644314599213
S11584	0.189784094856564	0.369730398600704	0.2484786224739	0.0899604024675056	0.050848623094135	0.0511978585071918
S11586	0.191506011431393	0.369738625149754	0.249462036054221	0.0884992000965935	0.0499219689313323	0.0508721583367063
S11590	0.189666660550143	0.370606493563941	0.251411158408711	0.0877769016358656	0.0495422597108027	0.0509965261305373
S11592	0.190797688683578	0.36900560614589	0.247907866733804	0.0909646064578131	0.0519157052395818	0.0494085267393335
S11593	0.193845278329178	0.368350356383753	0.249418012474263	0.0882012441960767	0.0498098101655756	0.0503752984511542
S11599	0.190416537765025	0.371015547408849	0.245243133395571	0.0915668879009636	0.0522622966620164	0.0494955968675757
S1160	0.192030716423437	0.368908223870221	0.249547281543859	0.0898687077705961	0.0508145948395207	0.048830475552366
S11610	0.190174253205484	0.370162678144491	0.245993587661663	0.0913851688687944	0.0520266112446182	0.0502577008749501
S11615	0.190895428153617	0.369257069309637	0.251064162983017	0.0884002546488898	0.0499338851673445	0.050449199737494
S11629	0.192212326720451	0.367746449539012	0.251875828865307	0.0875107726379504	0.0492163430425205	0.0514382791947593
S11631	0.195732375623396	0.367742925132845	0.249143793966549	0.0873068941229439	0.0494690029000366	0.0506050082542284
