B_cells	Monocytes_CD14.CD16.	Monocytes_CD16.CD14.	NK_cells	Neutrophils	T_cells_.CD4..	T_cells_.CD8..
S10001	0.194114474061439	0.111212878149134	0.117814006184618	0.120733581767355	0.0699458359736088	0.16923068312067	0.216948540743175
S10006	0.198169332654312	0.109504113628704	0.114022838186576	0.12359755786916	0.0695815861319712	0.164747619618266	0.220376951911012
S1001	0.19624384822353	0.111572306279658	0.113267536227442	0.123448996489493	0.0684985302135967	0.163397286041423	0.223571496524857
S10010	0.193187659617355	0.112414147194233	0.116144717292859	0.121992455157358	0.0723431194774938	0.164500454950606	0.219417446310096
S10011	0.194465151035868	0.111907304803921	0.114984719189875	0.120498523563182	0.0688589485699879	0.168938214265611	0.220347138571555
S10014	0.196573428220728	0.110996318204582	0.11520588753153	0.123363449562516	0.069760230735701	0.164842765937833	0.21925791980711
S10026	0.196244054560101	0.111022263272159	0.110962294032133	0.12180613718789	0.0696241593765776	0.164435451591864	0.225905639979276
S10032	0.19700210871821	0.114091811740138	0.116649425862388	0.122175495227423	0.0690117767360241	0.162792286205587	0.21827709551023
S10036	0.197137925699873	0.110016630225462	0.11206869047314	0.123351096193157	0.0703061980957539	0.164774471971691	0.222344987340924
S10042	0.195393904995102	0.110996158892612	0.114087052317862	0.122521305600023	0.0696166572079548	0.164173189887849	0.223211731098598
S10044	0.196098590121087	0.109122193153469	0.111866416245071	0.122300721433648	0.0700755959872195	0.165364415853613	0.225172067205892
S10049	0.196767010946288	0.110259738760505	0.112473425715871	0.122426654336031	0.0690866047498094	0.166490431798585	0.222496133692911
S10057	0.19613794612097	0.110164021139914	0.115811009524946	0.123861435661696	0.0665674036525646	0.167102607576009	0.220355576323901
S10062	0.195598517091694	0.112288350869652	0.115337508597281	0.121795095651858	0.0692585106877753	0.166135176596007	0.219586840505734
S10066	0.191801275992437	0.11374940043988	0.116593807164178	0.12044397639323	0.072880479949666	0.166618653983283	0.217912406077326
S10067	0.195759294783282	0.108691240740088	0.111932588329735	0.123529216088421	0.0675647977565801	0.167851429094688	0.224671433207206
S1007	0.197129728689182	0.110457147343636	0.115659561928644	0.122731016036845	0.0685126627714324	0.166497318121971	0.21901256510829
S10073	0.194660932841873	0.108295911211995	0.11287258108106	0.121557283639067	0.068263353138614	0.168962161014461	0.22538777707293
S10077	0.195507397768894	0.112122376867062	0.118956494577874	0.122032625125662	0.0686556625276076	0.167043568349989	0.215681874782911
S10080	0.196556121846983	0.1129620324143	0.115960488127622	0.122359018821371	0.0694239774992261	0.164929626707783	0.217808734582715
S10082	0.196397533271503	0.109634376233745	0.112708367665103	0.121216202657014	0.0689115243306326	0.167914868381296	0.223217127460707
S10087	0.197288138348771	0.111509642799587	0.112760793259729	0.121692041303489	0.0680745824908618	0.166262488143957	0.222412313653605
S10089	0.195749817406083	0.110520146114185	0.116097017167902	0.122896532902515	0.0703916302699986	0.167660665841511	0.216684190297806
S1009	0.199539998473155	0.108959737465279	0.11244405946914	0.12178357484876	0.0660551252603607	0.169505542112034	0.221711962371271
S10090	0.1949486178447	0.110335482769431	0.115674060631013	0.122304104791771	0.0699055646319316	0.16829343507127	0.218538734259884
S10093	0.196628274295351	0.111582498602661	0.114675177198645	0.122783060475888	0.0692366970293969	0.162934494177608	0.22215979822045
S10094	0.194940782373588	0.111966889223668	0.11611703245082	0.122656442868706	0.070271984722967	0.165214733878121	0.21883213448213
S1010	0.194685370563119	0.111927295553522	0.116870500533778	0.120743396795099	0.0684022586586933	0.166384779736566	0.220986398159222
S10111	0.196273689356645	0.109042015430363	0.112601976601968	0.122493345886261	0.0682270121492202	0.168495485459081	0.222866475116461
S10116	0.194404757114321	0.108907721109593	0.115271859632822	0.122807711168876	0.0643369659284519	0.17063150565497	0.223639479390966
S10119	0.197505124784702	0.109390119435903	0.112430889232369	0.121888077555277	0.0677648071034783	0.167882735731558	0.223138246156712
S10121	0.19492997749052	0.110094830536174	0.115348679245465	0.123556622000704	0.0695971074098098	0.165789848007227	0.2206829353101
S10130	0.193979061063393	0.111878505998201	0.116676882860809	0.123031624135539	0.0704989669886385	0.165884973581336	0.218049985372082
S10140	0.197501888921633	0.112275174718685	0.114930648589119	0.121913997338168	0.0717628954608768	0.162365260648756	0.219250134322761
S10142	0.198218067343424	0.11054764695918	0.114059475470933	0.124946731876084	0.0667614361527543	0.163616780570496	0.221849861627129
S10150	0.194850029926265	0.113495673294529	0.117161448783747	0.122805768016158	0.0728251324700599	0.161685542724378	0.217176404784864
S10155	0.195907411328556	0.110857360541716	0.113663860743306	0.121727492760128	0.0684301413338266	0.1671235276152	0.222290205677267
S1016	0.195472097854103	0.111422974734279	0.115205665083302	0.123234835774901	0.0696991584805545	0.164697572321291	0.220267695751569
S10163	0.193986986485522	0.11166112411202	0.117308362839563	0.120802992210686	0.0690965013171481	0.167705956347357	0.219438076687703
S10167	0.196732692258799	0.109971928944236	0.113517054397278	0.123814594674947	0.0683611596649423	0.163378554246427	0.224224015813371
S10168	0.196136515468023	0.108736006477209	0.113045421890065	0.125021650835957	0.0676366737998464	0.167164691237962	0.222259040290937
S10173	0.199714335493671	0.107634389799104	0.110760977030242	0.121698857928443	0.066947837744103	0.169417932189601	0.223825669814835
S10175	0.195967492105587	0.109970638672574	0.115969589872179	0.122600044278571	0.0701016782650754	0.165326916138854	0.22006364066716
S10179	0.195848402612529	0.108039379686022	0.112639080348883	0.124239408487561	0.0666481913338134	0.165291497754804	0.227294039776388
S10186	0.199195235808882	0.109668819283025	0.11364155135172	0.123388931043762	0.0637649659612896	0.168040332592325	0.222300163958996
S1019	0.195957529953111	0.110786792031455	0.115455748984825	0.123326749730052	0.0675176749990715	0.167645649144086	0.2193098551574
S10190	0.198695192634781	0.109407236193137	0.111969315415419	0.121178386378735	0.0679891412140698	0.16670713987357	0.224053588290288
S10195	0.195434165187325	0.112308560691532	0.115890997599959	0.12175481738836	0.0707336623591445	0.165010661869872	0.218867134903807
S10196	0.194391899247071	0.110786031288432	0.114312391880321	0.122259111297683	0.0693575715068995	0.166295915233261	0.222597079546332
S10200	0.194105706855946	0.112390725597493	0.115833347909753	0.124116447514323	0.0707521832268404	0.163444608780358	0.219356980115285
S10201	0.194452503857702	0.113209958018921	0.118794569412133	0.123380566512505	0.0747649231884469	0.162449900994868	0.212947578015424
S10202	0.195331670469866	0.111256966340123	0.115475239484219	0.123823295312437	0.0694199124653934	0.165127677860631	0.21956523806733
S10205	0.197868674380372	0.108876955139734	0.113058314611247	0.123003404561203	0.0699831402529769	0.166141137019494	0.221068374034973
S10211	0.197398686165988	0.110695572650755	0.113646434896558	0.123492184616969	0.068149633337511	0.162581492746089	0.224035995586129
S10221	0.196783420836408	0.109735862892038	0.112641838864293	0.122272936570437	0.0688802825538297	0.165302901799176	0.224382756483818
S10222	0.196172368160877	0.111483538901355	0.115588168552151	0.122744843259744	0.0710190774240049	0.16512962229174	0.217862381410128
S10226	0.196674447991947	0.110978638704418	0.114275567860561	0.121893312011354	0.0700878090621706	0.164945865117916	0.221144359251633
S10227	0.194833917676744	0.112229154281173	0.116637041852843	0.122230337045175	0.0709957969883333	0.165461122588041	0.21761262956769
S10228	0.194331873470765	0.10998297409923	0.114780291649886	0.122848458514074	0.0696171678850625	0.167664177915015	0.220775056465968
S10232	0.200449433949872	0.106286706003892	0.11272031972545	0.122941179361018	0.0650277344678405	0.167854148809001	0.224720477682926
S10248	0.197931060829385	0.108125048079145	0.110196245779152	0.122676837371014	0.0696430488908972	0.165783484920808	0.225644274129599
S10249	0.19399440271815	0.115787472519617	0.118344193657153	0.120583400525392	0.0714335411573526	0.161180815112766	0.218676174309569
S1025	0.196994661993188	0.110322254498351	0.113682992157594	0.123811356285288	0.0678431380706163	0.165591461667535	0.221754135327428
S10266	0.193671803564863	0.112632057611796	0.118420537818089	0.12117833903077	0.0709879669947882	0.166247614390204	0.216861680589488
S10269	0.196983482479934	0.110566000121825	0.115554862747714	0.122384823330512	0.070385833345197	0.165000996837323	0.219124001137495
S10272	0.195770121184264	0.110573819170884	0.114002343494872	0.123229372333778	0.0711097718026528	0.163717047766538	0.221597524247012
S10273	0.198610790484388	0.111190997333772	0.114547048239541	0.12333755300922	0.0703965463559988	0.165039950696065	0.216877113881014
S10274	0.196056598069115	0.111961206273513	0.113828524893104	0.122855407157159	0.0701865694238337	0.164945806416655	0.22016588776662
S1028	0.19805286791737	0.109331211579956	0.111602699943576	0.122085427580345	0.0699251262291296	0.163546192907394	0.22545647384223
S10280	0.193601118337044	0.11114667675203	0.114937050629714	0.121339988861611	0.0680964458871456	0.165830584188822	0.225048135343634
S10283	0.196717562022339	0.110184165996337	0.113281471733014	0.123271535277481	0.0659349402811999	0.166524927027255	0.224085397662374
S1029	0.196255642778175	0.109438915021698	0.115361782625528	0.122978781639246	0.068441324612827	0.166177500294968	0.221346053027559
S10292	0.196848358739768	0.108341741270005	0.113341500416777	0.122986063778501	0.0675314287804604	0.169753534030297	0.221197372984191
S10294	0.198502313327047	0.108396440889131	0.111375081343904	0.123334646566183	0.0675073841015841	0.16537090849577	0.225513225276381
S10302	0.195297668326313	0.11026509942308	0.112667535514318	0.122529790324322	0.0686924580461983	0.165307314121625	0.225240134244143
S10303	0.195346788243525	0.111521288628343	0.11438479266443	0.123468768648188	0.0688899846122999	0.166725290240106	0.219663086963108
S10323	0.195746152123527	0.110997857379779	0.115422053731227	0.122595479948725	0.0695447755031321	0.165530081239404	0.220163600074206
S10326	0.195919601903558	0.112139755107637	0.114972766369275	0.123751915664152	0.0700232338691863	0.163378321957241	0.219814405128951
S10328	0.193692548043679	0.10822844174229	0.114675292680834	0.124565901393078	0.0682951683068126	0.168099057474285	0.222443590359022
S10329	0.197176571546514	0.110381576874033	0.113963949031736	0.122755656748737	0.0682260552086435	0.166032284458528	0.221463906131808
S10336	0.195912325959635	0.111827211818696	0.116950716508081	0.124413822299903	0.0696234897765112	0.164471035587286	0.216801398049888
S10340	0.197637300004759	0.10956070053406	0.11350835026914	0.122330697504626	0.0702647498022157	0.168207640294677	0.218490561590524
S10347	0.194904543190669	0.111375300009959	0.116832653457729	0.122629656143809	0.0682169681135593	0.168636010922499	0.217404868161775
S10353	0.197641305173891	0.111383589639295	0.115095264181283	0.12196683500634	0.0689976142366679	0.165356098870775	0.219559292891748
S10356	0.196563512423662	0.111111601077321	0.115698127407557	0.121985142514231	0.0682631368455593	0.168269659548269	0.218108820183401
S10358	0.193950667929605	0.111691693679584	0.116696527503541	0.1223797279962	0.0704693227119326	0.164409483853609	0.220402576325528
S10365	0.195000370414281	0.112605808512685	0.115667994874645	0.122682243569045	0.0709565685607648	0.16454266232675	0.218544351741828
S1037	0.197253355279492	0.107192604928307	0.11208237956681	0.123591354699725	0.0655253456301484	0.170000277493774	0.224354682401743
S10373	0.197443326078355	0.109597003472477	0.113621989683302	0.122184109470613	0.0678195441489613	0.16665107034318	0.222682956803111
S10374	0.198438819289102	0.109910429726763	0.113522636160841	0.122273320521606	0.0683658734927993	0.164240910849813	0.223248009959076
S10375	0.195872772427487	0.110832338011345	0.114484056664356	0.122601724958555	0.0697412296890791	0.164207242956249	0.222260635292929
S10377	0.199567540777768	0.109837185967395	0.114379824702499	0.122085303889044	0.0666762520990031	0.167008047267655	0.220445845296636
S10378	0.197624652903126	0.109648773502901	0.111076091040639	0.12273988433654	0.0685195330819342	0.165399722018121	0.224991343116738
S10390	0.196592426352432	0.110008327713082	0.117094280119056	0.121317813867433	0.0681904806535946	0.168313427732187	0.218483243562215
S10391	0.196537661854492	0.112435355058507	0.115696971570379	0.122921252599468	0.0674068729941087	0.161746901575	0.223254984348045
S10393	0.198438608564039	0.108765673510261	0.110049265743075	0.12365800480803	0.0686806250818795	0.162968087667833	0.227439734624882
S10400	0.195220794614893	0.114151118065348	0.116380714575008	0.1215200116071	0.0699018150045702	0.166262645246099	0.216562900886981
S10401	0.194968096232186	0.112152412205489	0.117204190778299	0.122294490316979	0.0682264077879029	0.165814259899414	0.21934014277973
S10406	0.194586153509705	0.114792682633332	0.116217269809395	0.122114949820545	0.0718258770931532	0.162231943735541	0.218231123398329
S10408	0.195169660484607	0.112109673856274	0.117118191253854	0.122120391164288	0.0697215024188546	0.166051815439354	0.217708765382768
S10409	0.198845380012896	0.109111991778652	0.111368893946273	0.122666625187823	0.0675218892643315	0.164329505297867	0.226155714512156
S10418	0.195641520244889	0.111787489491765	0.118063634922757	0.122583216560928	0.0716079310834667	0.16505858705184	0.215257620644354
S10431	0.194727495546269	0.112006810659227	0.115071468614282	0.122955939575436	0.0694474848802436	0.166279384668158	0.219511416056385
S10438	0.196544125511305	0.111499171739359	0.114590303326956	0.122718216926487	0.0688997000819144	0.165752727910714	0.219995754503264
S10439	0.19560997561946	0.113482938826951	0.114084012034482	0.121604532976539	0.0691738440005666	0.162596624919956	0.223448071622046
S10441	0.194015064967969	0.114621056769659	0.118089057646733	0.122931589223537	0.0712966797945007	0.161749506239428	0.217297045358174
S10442	0.195320558339896	0.113059460014336	0.115347990144357	0.122700597574995	0.0697007548164178	0.165615618808357	0.218255020301641
S1046	0.195439923494535	0.112471805852953	0.115825589492965	0.121711406725637	0.0722318003367557	0.16424876619266	0.218070707904493
S10478	0.195320843405251	0.11694823708652	0.119777227799629	0.120704518839364	0.0735194594760997	0.161027618210368	0.212702095182768
S10480	0.200175736623799	0.108364464795574	0.113593722631403	0.124804738009672	0.0656685779805424	0.166216179188121	0.221176580770887
S10484	0.194254554564112	0.11406643062269	0.117980236328321	0.122199953498861	0.0700401676073838	0.164270634074627	0.217188023304004
S10492	0.197746209538052	0.109681152106981	0.112154141010134	0.121751076915976	0.0664602305714717	0.165737583739033	0.226469606118352
S10496	0.199239356543818	0.109249419248327	0.111194048022055	0.123587226831821	0.0678921757154172	0.165113492304412	0.223724281334149
S10510	0.196923677183299	0.112089078871177	0.113232203643217	0.122987480359273	0.0684364121378793	0.163839893468655	0.222491254336499
S10513	0.191207779737092	0.113581402495119	0.115567890693904	0.122322905059997	0.0695588080078441	0.165039965219042	0.222721248787003
S10516	0.195540847871027	0.112999202503821	0.117360272674418	0.123277116754045	0.0692403923029086	0.165187904866438	0.216394263027342
S10534	0.196613355506114	0.111129989234566	0.11391026699569	0.122206685059924	0.0688609112961345	0.166681886255888	0.220596905651683
S10535	0.197930754364535	0.110000249442731	0.110042466753567	0.122706308770362	0.0672191439236048	0.165834866447204	0.226266210297996
S10537	0.196052847078069	0.11355978911252	0.115719215308139	0.122377818644509	0.0693727225789594	0.164487310924968	0.218430296352836
S1054	0.195470998130582	0.111960060076537	0.115142743345564	0.123111184975214	0.0678967959709149	0.16528534444141	0.221132873059778
S10543	0.196657076826044	0.108798414559287	0.114396844932387	0.124480065055063	0.0694007763375179	0.16506573968851	0.221201082601191
S10546	0.19844577718475	0.110422067910018	0.113196845403261	0.124214172690386	0.0690723068771096	0.163610484429139	0.221038345505337
S1055	0.194867312007611	0.114103849488235	0.116928851037163	0.122392603187152	0.0726938051658381	0.16298479938957	0.216028779724432
S10551	0.195624502154483	0.112713871130896	0.117448977205918	0.122592639687298	0.0690161756438788	0.165801908000571	0.216801926176956
S10552	0.194390770934062	0.113399270606362	0.118878688194982	0.123783950575871	0.0714351543345887	0.163149340698835	0.214962824655299
S10555	0.195813763170779	0.108546206018393	0.111575223340944	0.124616346902204	0.0677369977347224	0.165989153238388	0.225722309594569
S10559	0.194109248853836	0.1129230452422	0.116578179486356	0.122580631313023	0.0700273853573509	0.165705924111877	0.218075585635356
S1056	0.198137760749421	0.109084499436758	0.11310138481402	0.120944528141652	0.0685002887382717	0.166564981707417	0.223666556412461
S10563	0.195796005915035	0.110845615014671	0.115720203311668	0.12167209972332	0.0707218999645921	0.165356900771207	0.219887275299507
S10574	0.195030788471637	0.110844538269613	0.113791765744095	0.123671505273684	0.0679785875448889	0.167430189216042	0.221252625480039
S10576	0.196979994315275	0.111359240748961	0.114108204604717	0.122844444218899	0.0723903230415573	0.163180976498278	0.219136816572312
S10578	0.196217500984218	0.112637030662596	0.115062754046145	0.123347417969193	0.0708261616368768	0.16146279279142	0.220446341909551
S10579	0.195517956382567	0.10943864501754	0.112705930135854	0.123612100293517	0.0714913003328535	0.165075756742236	0.222158311095433
S10582	0.196220848338349	0.110439396189832	0.11446291824329	0.123305945927558	0.0706721499725077	0.16504723512171	0.219851506206753
S1059	0.195856028161682	0.109449809270367	0.114689074646748	0.123258900758302	0.0696116671734139	0.165790047471614	0.221344472517873
S10599	0.198028243061467	0.112072244606928	0.113893364643505	0.121825298813542	0.070940017110002	0.162682564838689	0.220558266925868
S10611	0.19462660911415	0.111469350591045	0.114852061159014	0.122393054512821	0.070254966116524	0.166063764583807	0.220340193922639
S10614	0.193176322164754	0.114260183031821	0.116375587520437	0.121813744923041	0.0717694378453015	0.165355359537282	0.217249364977363
S10624	0.199274626241686	0.110468331548674	0.11732315565773	0.12172745067662	0.0683303059217815	0.164800185001673	0.218075944951836
S10632	0.196506299551564	0.110843917283362	0.115768339763324	0.12305855056313	0.0701925371635001	0.165491040238508	0.218139315436611
S10634	0.198302499134184	0.108787643070737	0.112828371087041	0.122988805838707	0.0694588053502019	0.167242958841229	0.2203909166779
S10638	0.195649221456378	0.112803730797613	0.117483394521314	0.121251555242753	0.0698017286144747	0.165839127035503	0.217171242331963
S10644	0.197094192274666	0.111281478804622	0.111695793189399	0.12293874606479	0.0675727875093522	0.166616730311074	0.222800271846097
S10649	0.194875473016274	0.110121776296019	0.114696364496882	0.123807381559033	0.0736345990525998	0.163742168529415	0.219122237049778
S10652	0.196706412695263	0.110780136688031	0.11506654688103	0.12309922295984	0.0707401931582103	0.161820064867231	0.221787422750394
S10654	0.196863523339784	0.10955724247176	0.113058325374201	0.124413743479519	0.069182301683148	0.163631613006269	0.223293250645319
S10655	0.195132033597618	0.110643893350064	0.114313369879142	0.122927808052131	0.0699618747509787	0.166479793597944	0.220541226772123
S10656	0.19560061680482	0.107713770778367	0.110930085382035	0.124787596875568	0.068747353301754	0.166023837489912	0.226196739367543
S10657	0.197886286425537	0.111796603499054	0.11666619202886	0.12268100049341	0.0691490357057547	0.164009704961297	0.217811176886088
S10658	0.197246277366289	0.108551109037863	0.11175424419674	0.123258307172698	0.0698440170086278	0.165573577539526	0.223772467678255
S10660	0.196970448923652	0.110285991062645	0.114128304648643	0.123571987346113	0.0646870750355302	0.166690682397405	0.223665510586011
S10661	0.198055147246493	0.108743665227345	0.112429368108118	0.122971662423193	0.0680916815377508	0.167811574174649	0.221896901282452
S10676	0.197686537268565	0.113509788677223	0.117228652869385	0.123708678464317	0.0711721826149042	0.158769054791881	0.217925105313724
S1068	0.19755495232017	0.110603014125426	0.114509970924449	0.121882424806691	0.0681393255890236	0.166474463018055	0.220835849216185
S10681	0.198140537182342	0.111151145445144	0.113389250060252	0.123658315668302	0.0695127978460306	0.162821652073049	0.22132630172488
S10686	0.196110239403913	0.112867517493674	0.116282401482605	0.123486721910064	0.069398203279074	0.164359735888424	0.217495180542246
S10688	0.194237951675793	0.11051233693984	0.114444575912286	0.121712955208279	0.0686760375185482	0.168938098270803	0.22147804447445
S10690	0.194830482495855	0.111900014143209	0.117960469717601	0.124335489779128	0.0680557662293652	0.16414032370881	0.218777453926032
S10698	0.196176143953945	0.110142930847173	0.113802568468516	0.122631917134069	0.0675645469508552	0.166639709719049	0.223042182926393
S107	0.195463952880105	0.108702367550796	0.111937016884571	0.122609241040652	0.068400903322138	0.167043112094981	0.225843406226757
S10703	0.196317308059021	0.110544588795103	0.112751432348726	0.123747712366648	0.0674587614026346	0.166638747984505	0.222541449043362
S10726	0.197087275190627	0.110366869041661	0.113508761631449	0.122272868149213	0.068679432031566	0.167873324977832	0.220211468977651
S10729	0.194487548930605	0.113114176017457	0.117546580284918	0.122061997464384	0.0692763272357599	0.165142755592531	0.218370614474346
S10733	0.19578322707245	0.111041994646759	0.113070186268081	0.122900705642827	0.0697780760865792	0.164433067828681	0.222992742454623
S10734	0.19761098804324	0.112286824242692	0.112966090322316	0.121854585016536	0.0670806583605664	0.164877294644361	0.223323559370288
S10735	0.198848277479299	0.110633459239529	0.114659480894198	0.122196638240869	0.06879428782672	0.166156099233142	0.218711757086242
S10740	0.193506291489543	0.115152489887098	0.118443962505633	0.119623000563232	0.071005509475486	0.165653093742265	0.216615652336744
S10745	0.196890609330919	0.11399810519954	0.117580327402081	0.122847122445521	0.0721436072146039	0.161214929982034	0.215325298425301
S10748	0.196027274313905	0.111426453720034	0.115949725245468	0.122624790473034	0.0682029423608853	0.167672355950866	0.218096457935807
S10753	0.194403531030401	0.113738724149692	0.115627628579432	0.120151574062506	0.0699939758221965	0.167315998488524	0.218768567867249
S10756	0.197667151591939	0.109760624231679	0.114154942593791	0.122294130519511	0.0689974781743493	0.163678545819692	0.223447127069038
S10757	0.197996902949651	0.10784183295084	0.109633030453631	0.122485968220641	0.0659322445019556	0.170506796380525	0.225603224542756
S1076	0.196474550916952	0.112105009586216	0.114488286392686	0.121627831827516	0.0691517170859033	0.166484687080855	0.219667917109872
S10764	0.194780402486493	0.112218012166133	0.116943810044609	0.122093047577462	0.0687212901560071	0.165197884384534	0.220045553184762
S10767	0.197908910807796	0.108400546300476	0.112800702053508	0.123610717075799	0.0658260886992045	0.166144145281836	0.22530888978138
S10776	0.194613924942791	0.111755400086295	0.115599853992961	0.122734494419688	0.0711029129004747	0.165457313159209	0.218736100498582
S10778	0.19599928535778	0.109972359049226	0.114724988267497	0.121709929108279	0.0715699710662339	0.166097515227104	0.21992595192388
S10784	0.194435254514694	0.11349529097279	0.11686870484793	0.122412244422116	0.0722996197468218	0.16404948858792	0.216439396907728
S10787	0.19680214088869	0.110232811092819	0.116212054372684	0.123243930914951	0.0685274497016158	0.166613569157063	0.218368043872177
S10800	0.204869234280535	0.109044128958341	0.112839750526182	0.122000641200741	0.0687308048939907	0.164585229150796	0.217930210989414
S10805	0.195979001111957	0.112387809231122	0.117260826703165	0.121281994577774	0.0700860415847114	0.165294853804596	0.217709472986675
S10813	0.195625760014418	0.111950849274741	0.114640003081199	0.123582273195272	0.0696082757414617	0.164034052955313	0.220558785737595
S10814	0.196498994866277	0.110447925794675	0.11524504577659	0.124013919949609	0.0698211109026723	0.164657077348711	0.219315925361465
S10815	0.194990441268954	0.109534460108965	0.112957461344208	0.122866365782409	0.0704222119781491	0.164785598681133	0.224443460836181
S10817	0.196625694264085	0.108082580961309	0.113441466274745	0.123359846457532	0.0678422815634913	0.167027784591738	0.2236203458871
S1083	0.196493537803927	0.110046211478039	0.115020097078058	0.123036750331635	0.0685153000585838	0.164814585364151	0.222073517885605
S10835	0.195566150777966	0.115375673438094	0.117085933335447	0.122135985106428	0.0692318182763587	0.161612202480312	0.218992236585394
S10838	0.195472862727122	0.11039454003058	0.113020961760879	0.123301859984669	0.0705024611344691	0.164219824065253	0.223087490297028
S10844	0.197980698872163	0.108756572938565	0.113575165070768	0.123112849526683	0.0691527435701375	0.16670353706592	0.220718432955764
S10845	0.194527762435591	0.113004378369036	0.116417913863014	0.123155703039195	0.0708936546931779	0.163667722486581	0.218332865113405
S10846	0.201009847207279	0.108383557100308	0.111770644816207	0.122490943431392	0.0656988479706434	0.167492791602408	0.223153367871762
S10853	0.195285151438697	0.113477860378914	0.115026848891565	0.123209354669377	0.072015569302785	0.160183157447879	0.220802057870783
S10854	0.198249889492305	0.110656772350895	0.112443293502268	0.122035690824006	0.0669939210702821	0.167596883595169	0.222023549165074
S10865	0.194604471780253	0.111905479687558	0.11733217959209	0.123550943762303	0.0688364519893101	0.165939725046106	0.217830748142379
S10866	0.195867746561149	0.111942083894553	0.113178835942381	0.12281737380945	0.0693795032369294	0.162230027436421	0.224584429119117
S10869	0.192717141985315	0.115477334076275	0.117921833999193	0.123043780099187	0.0728534290489776	0.160140523046749	0.217845957744303
S10873	0.195206242801307	0.112014292761218	0.116955327034724	0.122741252124204	0.0701573709145965	0.164292794720671	0.218632719643278
S10876	0.197503097978733	0.111012938134327	0.1125137465597	0.122292237780937	0.0678400871347351	0.164966809852931	0.223871082558638
S10883	0.197334976373281	0.112332293563179	0.115379645548779	0.122652488422459	0.0702075714093105	0.162570825912644	0.219522198770348
S10885	0.197887810416771	0.112652458045595	0.114930321635537	0.121187071333311	0.0697355596174015	0.164055822439177	0.219550956512207
S10893	0.19556700728331	0.112205074640314	0.115612590204963	0.122787032734162	0.0716157079009788	0.163280284424563	0.218932302811709
S10895	0.193627481082706	0.114285130506732	0.115932069175613	0.123951884187621	0.0708037419369076	0.163134948858116	0.218264744252304
S10902	0.198357704396353	0.109211650458806	0.113266113081595	0.122646479456114	0.0682323303168517	0.165252010662199	0.22303371162808
S10903	0.195670638373736	0.112135212539121	0.112591390299827	0.123916357573624	0.0698579472981647	0.161138938670946	0.224689515244581
S1092	0.194616524715145	0.113069132816987	0.115111440315954	0.121487173190639	0.0725936757185613	0.164479989868127	0.218642063374586
S10925	0.196890567631106	0.113251570393506	0.115113330181473	0.122513887574556	0.0689525053766502	0.16391749472092	0.219360644121789
S10927	0.192477670585819	0.113138608780202	0.115815848724468	0.122209477472758	0.0713303247589712	0.167634014899997	0.217394054777784
S10936	0.194793172766776	0.110036132375171	0.113590870696827	0.123243164423546	0.0676608674722098	0.166022984113173	0.224652808152297
S10945	0.196798446218179	0.11285515490644	0.115242006228855	0.121809793446774	0.0710442130356056	0.163138985758485	0.219111400405663
S10947	0.194880976113838	0.111218719696039	0.115678272796651	0.123076185979572	0.0693806518324452	0.16637094419392	0.219394249387535
S10949	0.198057677532288	0.10744290651971	0.110284043213594	0.122526766136169	0.0688870785916889	0.165756964183003	0.227044563823548
S1095	0.194309722325694	0.111955068670788	0.118047821533052	0.123014791492959	0.0696510594069606	0.166435410876844	0.216586125693703
S10961	0.19446811501277	0.112214785257539	0.115010617795961	0.123680726542332	0.0709604840413815	0.162377700854805	0.221287570495212
S10969	0.195506014851799	0.109979160001179	0.11359996200555	0.123624705715204	0.0684741138346189	0.165996786732185	0.222819256859465
S10972	0.19924954657527	0.111404394747364	0.115345000812964	0.123834717932565	0.0690033146379988	0.163043022602468	0.21812000269137
S10973	0.195708180570974	0.112212257572646	0.116109299849518	0.121483886754032	0.0716499318509648	0.163518793908159	0.219317649493707
S10978	0.193102141352348	0.110987688810897	0.114074957078702	0.123863507389098	0.071420159175092	0.164735393796322	0.221816152397541
S10979	0.195474679048751	0.110503807097481	0.114423614748725	0.122199477798651	0.0684941083984084	0.16566757701984	0.223236735888145
S10986	0.194392216041442	0.112309903038902	0.116999908455546	0.121943665262659	0.0707184883313737	0.166032398407217	0.21760342046286
S10989	0.195550305819474	0.110255017489906	0.112646719537502	0.122278383300455	0.0698409346506622	0.166922237264664	0.222506401937337
S10995	0.195485624306535	0.110894104049614	0.113329025714927	0.122758894941149	0.069918697112716	0.164327801747971	0.223285852127087
S11005	0.196810829922793	0.110732780914479	0.113637989319749	0.123750507129493	0.0680131189310332	0.164611600886445	0.222443172896009
S11008	0.196664049168228	0.110111883771613	0.11507138864016	0.122875174636641	0.0707161872707277	0.1661008056109	0.218460510901731
S11010	0.196733857408746	0.110697189727776	0.11340796813358	0.124133089655016	0.0678191817039778	0.165835577392666	0.221373135978238
S11013	0.195612152345497	0.111238544435838	0.114923286392046	0.123314512509339	0.0692652953469681	0.166575331151552	0.219070877818759
S11016	0.197751478637873	0.111894328019696	0.112298206997765	0.122390549936734	0.0685132553388373	0.162643761755928	0.224508419313166
S11017	0.196721658028305	0.11443298212627	0.117885478487021	0.12221530018715	0.0688667935479059	0.162919553619048	0.2169582340043
S11020	0.196231768078442	0.11270665065757	0.115182326941743	0.123146203211297	0.0700218971845462	0.164047246105045	0.218663907821357
S11027	0.195523052215477	0.112845246558884	0.114879344075807	0.122906141017794	0.0712122256175496	0.162538310670078	0.220095679844412
S11035	0.197241702962707	0.110090313744118	0.113390320039747	0.122609876186719	0.0710775697038619	0.163050150035822	0.222540067327026
S11041	0.195201613921798	0.110794031623269	0.113589226778963	0.123746941032658	0.0703253342067762	0.16757470467703	0.218768147759505
S1106	0.195847274205478	0.109836908194355	0.113811646213547	0.122856224268214	0.0702173530103259	0.165572417267935	0.221858176840145
S11071	0.199739952267142	0.108646147515026	0.109940315539559	0.123500255985383	0.0640997907197155	0.166619067386912	0.227454470586263
S11076	0.19425639996195	0.110371879463462	0.114702450118209	0.123773807481901	0.0692785792380632	0.167277486915437	0.220339396820978
S11078	0.196658898762383	0.111100236781332	0.114316731332802	0.122080584258518	0.0708644328628954	0.165205777710688	0.219773338291381
S11081	0.194423947138463	0.11078617487385	0.115638251396838	0.122915639202438	0.068358327975296	0.166636477045149	0.221241182367965
S11086	0.195202400316611	0.110348101094053	0.114819329429057	0.122925502562785	0.0705572352233383	0.166084795817659	0.220062635556497
S1109	0.195284480551753	0.11318715475336	0.117238786513418	0.121776815266529	0.0698803425806933	0.159380373422615	0.223252046911632
S11096	0.193344649211413	0.114387301103947	0.115426092428074	0.121090267123086	0.0720598870327518	0.162777430530152	0.220914372570576
S11100	0.19672297592617	0.109890205527826	0.11494568956348	0.12122525875902	0.0690951830639501	0.170154252571804	0.21796643458775
S11107	0.195836095329516	0.109944181485326	0.114751344151082	0.121696041800854	0.0713827725944624	0.167053801916102	0.219335762722657
S11109	0.195990103945807	0.111885468803261	0.116705463785907	0.122635064766046	0.0715805103059149	0.163528920186117	0.217674468206947
S1111	0.196167382062399	0.108841627666211	0.111188169678155	0.122896850016177	0.0663516524129188	0.166647905666006	0.227906412498133
S11119	0.194403865014466	0.110146495592937	0.115044063620683	0.122730668681018	0.070358513248725	0.166961416364828	0.220354977477342
S11127	0.197249684296067	0.110493365540086	0.110632181522966	0.123943210336763	0.0681003849791972	0.160496041090575	0.229085132234346
S11136	0.196132971061254	0.110001586319979	0.114673808294732	0.122034209441314	0.0680380257501477	0.168683102325941	0.220436296806631
S11147	0.194621364698494	0.110919103721409	0.114123720567109	0.122742944200132	0.0716069132011395	0.165142715755203	0.220843237856513
S11150	0.195072535898208	0.110284931162162	0.114524108912286	0.122352351834711	0.0728127977688346	0.166057775458936	0.218895498964864
S11152	0.196146753279791	0.111982593747197	0.117213600974251	0.122644275626463	0.0703247134344375	0.162604459232074	0.219083603705787
S1116	0.197201339667787	0.108321787968103	0.110595467961098	0.122024182740441	0.0673463528845697	0.167322035491083	0.227188833286918
S11163	0.195440800286717	0.107860225415948	0.113044217878701	0.122676699884811	0.0689399108742682	0.169081333929549	0.222956811730005
S11164	0.194335388744458	0.113973799644131	0.116641137375611	0.122870864550875	0.0720813797218509	0.163903653654987	0.216193776308086
S11166	0.199237290021033	0.112035890721018	0.118292392132749	0.123169341042117	0.0672302566175704	0.165484157651751	0.214550671813762
S11173	0.200261932625208	0.109928653682727	0.113373505519608	0.121584747909196	0.0700747621556584	0.164368861995963	0.220407536111639
S11174	0.198098462190576	0.110282793976626	0.113178484983328	0.123027061559131	0.0683671262869701	0.164837302836454	0.222208768166915
S11182	0.197832939088114	0.109510894887134	0.110641231907365	0.121768505437001	0.0690021102030755	0.166847674173991	0.22439664430332
S11188	0.195365181279264	0.112509135918561	0.114799319234988	0.122523093188911	0.0707920951372291	0.162388896644417	0.22162227859663
S11189	0.193956547444257	0.109985977661947	0.11427252571296	0.12266988281055	0.0699138739264765	0.167251575854894	0.221949616588916
S1119	0.197643749109266	0.109946304197603	0.112211690686469	0.122483507139346	0.0657833720019853	0.168107354703193	0.223824022162138
S11195	0.197575096945575	0.109824659819297	0.113828692101898	0.120126324977388	0.067879279994832	0.16808968017692	0.222676265984089
S11197	0.196948659601067	0.10788429397504	0.114278787362744	0.122935030403092	0.0684202205749396	0.170595239598555	0.218937768484562
S11198	0.193618052677231	0.113671457587216	0.119161329192039	0.123285080612108	0.0742623496393927	0.161651943661249	0.214349786630765
S11211	0.195380642955186	0.112642877124619	0.116819689238963	0.122812197512059	0.0684975547290173	0.166298975292999	0.217548063147157
S11214	0.197953802940385	0.111105392251896	0.111677694381329	0.123066340617645	0.068045891945839	0.162066441766116	0.22608443609679
S11216	0.193266621060671	0.111714084571486	0.11554567314121	0.122021474512023	0.0701314674160654	0.168043329488518	0.219277349810027
S11224	0.195358554618243	0.111321295390559	0.114057087497749	0.123493573731758	0.0705174278121562	0.165726906396181	0.219525154553354
S11236	0.195746987801955	0.112103765002936	0.113582218686656	0.121602538368954	0.0698073285486744	0.165304591574002	0.221852570016822
S11241	0.197230390056732	0.110942224558491	0.113992494087348	0.122727195286837	0.0691356826071324	0.164479744268509	0.22149226913495
S11243	0.194087065464423	0.110436540799331	0.116534699992103	0.122297579362061	0.0695678172953561	0.168660253768881	0.218416043317845
S11245	0.196752627924597	0.110960822692355	0.117801661361369	0.12227978051663	0.069517593722116	0.166147934312967	0.216539579469966
S11249	0.196148910227059	0.110599714369529	0.116853694543356	0.122465962872201	0.0682057252760072	0.166699832600472	0.219026160111376
S11274	0.195332710379811	0.111861594858473	0.118601174498405	0.122766389019131	0.0673908194353031	0.168511999178488	0.215535312630389
S11280	0.19652145239165	0.11051090350553	0.115211564325981	0.122205221311854	0.0678348433062632	0.166856263804544	0.220859751354178
S11281	0.194574362926392	0.112796124758301	0.115264996526678	0.123222572956464	0.0684937083044171	0.166811186713369	0.218837047814379
S11285	0.195270850515573	0.112230647408857	0.117277391264977	0.123005552006545	0.0685251594012784	0.166655114548582	0.217035284854187
S11298	0.196974364809443	0.11120388743391	0.114488815127351	0.122620419795985	0.067960112726529	0.167791816794083	0.218960583312699
S11311	0.194102329512891	0.110290836470269	0.112761067979113	0.123660539406278	0.0691747172934239	0.165920352421863	0.224090156916162
S11312	0.193969154729828	0.111263685906058	0.115446679219331	0.121989865741474	0.0701198157871243	0.167403653149938	0.219807145466246
S11316	0.1953711741193	0.111825526281005	0.113684231369444	0.122145268155119	0.0686329039055	0.166524912640239	0.221815983529393
S1133	0.196896297136307	0.110100819737294	0.114299050278225	0.121778863356941	0.0696900763562247	0.16537313558808	0.221861757546928
S11330	0.194994988568553	0.109133608771007	0.112859806660636	0.12578216242504	0.0706937840718392	0.164185383202962	0.222350266299962
S11332	0.198011874185625	0.106811822455047	0.112231895311915	0.12386459501532	0.0668165964045459	0.168723560976665	0.223539655650882
S11334	0.196391872753507	0.110945612623716	0.114600539831767	0.122379873883686	0.0678965221339152	0.163801684289093	0.223983894484316
S11335	0.195297890090331	0.110282029645516	0.115585746957466	0.121955274556382	0.0714296466558933	0.165999016900971	0.219450395193441
S11345	0.197773419275831	0.109690817272772	0.117646653856555	0.122303952884916	0.0674796561028998	0.1682200591769	0.216885441430125
S11349	0.1944610349174	0.111959991523344	0.114601757917161	0.123964973853974	0.0683657298000905	0.165094825862934	0.221551686125097
S1135	0.194518651487121	0.113660247323193	0.119038466293695	0.122054483215682	0.0693868380068448	0.163792767290765	0.2175485463827
S11352	0.194513280092472	0.112249469556963	0.116585822009915	0.122354644306046	0.071802816186395	0.163568018829358	0.21892594901885
S11353	0.193509967278385	0.112358283462476	0.11669322523836	0.122231140570125	0.0712229755780166	0.166230475979687	0.21775393189295
S11368	0.19622879779968	0.113420629831194	0.114886175831856	0.123301154541088	0.070602616964191	0.160806458676301	0.220754166355689
S11369	0.193330764979499	0.112238883981118	0.116943846311435	0.122713042728237	0.0678040228134298	0.167215865357817	0.219753573828464
S11371	0.196925730944052	0.110376332772426	0.113395967030028	0.124922272348996	0.0670325993081888	0.164175112674506	0.223171984921802
S11377	0.194385704681814	0.116117649653277	0.117325043178056	0.122283754925583	0.0710570545608988	0.163115785983704	0.215715007016667
S11378	0.199468058125512	0.11144796150203	0.112538260559554	0.123819769712942	0.0666694020708114	0.161639929440835	0.224416618588316
S11383	0.198736700356947	0.108882294140046	0.110826262608351	0.123010058094984	0.0677386727024606	0.165618124086006	0.225187888011206
S11384	0.199336524464701	0.108511387176448	0.110449144728558	0.124840950151105	0.0667847849433511	0.16508520019696	0.224992008338877
S11392	0.19436674113843	0.110624701221201	0.115179495106273	0.123078073899328	0.0682330837719775	0.16857511508433	0.219942789778461
S1140	0.196901725260594	0.111686715798276	0.115365992059046	0.123726727725138	0.0700751211678454	0.164501898872045	0.217741819117057
S11410	0.193562657190055	0.111346585361366	0.117638983189084	0.121717477141819	0.0695408628930326	0.168625672514983	0.21756776170966
