CD38.negative.naive.B.cell	memory.B.cell	CD14.positive..CD16.negative.classical.monocyte	cytotoxic.CD56.dim.natural.killer.cell	mature.neutrophil	memory.CD4.positive.alpha.beta.T.cell	CD4.positive..alpha.beta.T.cell	memory.CD8.positive.alpha.beta.T.cell
S10001	0.105322177269521	0.152505156733667	0.0820052099415358	0.10197835797825	0.0622511941932281	0.243293540283792	0.0833310959342962	0.169313267665709
S10006	0.105881830760617	0.153366679745034	0.0806552769924374	0.104016838502538	0.0617138240432904	0.24238198695173	0.0821256495496708	0.169857913454683
S1001	0.104053837267486	0.150424860815927	0.0818779460976791	0.104973646309296	0.0610644234040096	0.243044271525125	0.0831554096727699	0.171405604907707
S10010	0.10171735569228	0.150636784146688	0.0836188581637157	0.105135888489697	0.0648685004898726	0.241122482004643	0.0824183440487252	0.170481786964377
S10011	0.103469381969728	0.15183460035018	0.082493622170469	0.102251434943379	0.0616892329724884	0.244198980784957	0.0835094251819388	0.17055332162686
S10014	0.104371400436305	0.150788076325463	0.0815133273316863	0.10537499647922	0.0615696587701734	0.242844909766118	0.0819028999907416	0.171634730900293
S10026	0.104881950874183	0.151472853948795	0.0820482705189994	0.102388095639685	0.0625106995188863	0.241591999299658	0.0852489822506174	0.169857147949177
S10032	0.107118647758948	0.152730945332016	0.0842636682796907	0.103489928691442	0.0616991350536768	0.240899566228801	0.0822048242589456	0.167593284396479
S10036	0.104024713511396	0.151794251684078	0.0801880518288047	0.103833044247461	0.0622458675238415	0.243748027750825	0.0836879369233668	0.170478106530227
S10042	0.104327761062281	0.151113742133969	0.082150331048204	0.104590503365238	0.0623766307045869	0.240574585696922	0.0827215732168429	0.172144872771957
S10044	0.104840736598708	0.150699411787413	0.0812562500674316	0.102656741250623	0.0629603092091243	0.241319730881149	0.0851187646472837	0.171148055558267
S10049	0.106455505652916	0.151514954067792	0.0810273870859383	0.101987709051908	0.0613393392361264	0.241405566122622	0.0843021665469873	0.17196737223571
S10057	0.104065182793168	0.152461261130248	0.0794726496102119	0.105552898152488	0.0587779670824878	0.24450166967522	0.0809451620178356	0.174223209538341
S10062	0.104187122106118	0.150988907091746	0.0832088875332092	0.102676445511946	0.0618747610454527	0.242747195458584	0.0836880531247795	0.170628628128164
S10066	0.102272448093176	0.150589826869104	0.0838236242372088	0.102582272418415	0.0656024403704418	0.245314533018497	0.0828998076789191	0.166915047314238
S10067	0.104436741066196	0.15016199788935	0.0805646210780497	0.104712038171698	0.0603138456203439	0.242081911498103	0.0853061203897317	0.172422724286526
S1007	0.105917659370613	0.152601046869527	0.0810473703298688	0.103251318761145	0.0610556042183471	0.243610274844507	0.0822579633164244	0.170258762289568
S10073	0.103402907099869	0.148928601920407	0.0800377312689109	0.103233503739406	0.0612251756645795	0.24435746795634	0.0850606541146389	0.173753958235849
S10077	0.104835991187167	0.153781962487838	0.0830080690120874	0.104376890337056	0.0613162395145377	0.242132638056853	0.081406002783554	0.169142206620907
S10080	0.104151126915884	0.152702633210478	0.0823940170518577	0.105364999845057	0.0617647616571529	0.241553520188303	0.0803562497339185	0.171712691397348
S10082	0.105068524628345	0.151531707352449	0.0804762350954374	0.100392972175663	0.0615882415240943	0.246764871077641	0.0843279228327751	0.169849525313595
S10087	0.107638497166479	0.151297427125496	0.0820699206199636	0.10171961835296	0.0602578076032868	0.243398070578618	0.0830065867003277	0.170612071852868
S10089	0.105307240341966	0.152675368425609	0.0815298516221725	0.103732297280853	0.0623204898601885	0.242389648749181	0.0825955868666974	0.169449516853332
S1009	0.106092272020699	0.153513087637696	0.0793367249464576	0.10187326846553	0.0586601381440459	0.243924500895798	0.0834546143332608	0.173145393556512
S10090	0.104379399376094	0.152174210660589	0.0806803478423554	0.103408662409681	0.0617329755382862	0.242621033280059	0.0822635963836559	0.172739774509279
S10093	0.103572610784507	0.153302026933119	0.0809797762026608	0.104871254931099	0.0612893105726097	0.244226038320553	0.0804767310181219	0.171282251237329
S10094	0.104474169300179	0.150379433075782	0.0828439553327939	0.105085569103873	0.0628010161444105	0.243666413726373	0.0829617866220507	0.167787656694538
S1010	0.104250849291644	0.152039794017412	0.0820293391649002	0.103097994329632	0.0608142296452419	0.241034296652978	0.0818521122596387	0.174881384638552
S10111	0.10406224243879	0.150391218787977	0.0805835948599279	0.10420354314402	0.0607490477574139	0.244329004845774	0.0847923971261322	0.170888951039965
S10116	0.102420969245584	0.150744506313604	0.0799447168963374	0.105618285638799	0.0573178496659882	0.244768804879173	0.0820427711089909	0.177142096251524
S10119	0.104675119113719	0.152387266809029	0.0803075221837053	0.102328718301244	0.0603925718299326	0.241418771313243	0.084915294058056	0.173574736391073
S10121	0.105074802528365	0.151313660191522	0.0817881374072623	0.105560120799536	0.0618977049953474	0.23904775001354	0.083802659052982	0.171515165011445
S10130	0.103465039452566	0.152373571350375	0.0818828114679957	0.105250476718649	0.0628680151633404	0.242750924717582	0.0824754189844897	0.168933742145001
S10140	0.107919452602474	0.153701324764064	0.0827701238971072	0.103199988519766	0.0640920493533061	0.239378072363607	0.0809306860622954	0.16800830243738
S10142	0.108707704252228	0.151206994970297	0.0807606181602735	0.107383376975231	0.058649954679735	0.239806683602568	0.0814160030343876	0.172068664325281
S10150	0.103141589919291	0.152485456344035	0.0827312116410037	0.106682770441864	0.064872267464193	0.241923298936517	0.0787433852443544	0.169420020008742
S10155	0.105559361314995	0.151979152322586	0.0816078152285009	0.103394950325584	0.0612277408180009	0.241448714043046	0.0844513237096086	0.170330942237679
S1016	0.104057078550277	0.151100053962767	0.0814831016790669	0.104558296148072	0.0612554045984053	0.243618457745039	0.0815427115400485	0.172384895776325
S10163	0.104095223478835	0.152059500863471	0.081710869945837	0.105365108404599	0.0620203879173266	0.243895079795144	0.0804288354115066	0.17042499418328
S10167	0.102884417280899	0.152036540124389	0.0799239209681646	0.10603316676444	0.0607672483470558	0.240612705268471	0.0807087081541479	0.177033293092433
S10168	0.105349076559959	0.150653550057456	0.0798010914716024	0.107524538745541	0.0597774004858353	0.241765140030669	0.0836751509160946	0.171454051732843
S10173	0.105841748132118	0.154585637070175	0.0791825256608755	0.102139531211616	0.0596931940634287	0.242582531470236	0.0848946403236546	0.171080192067896
S10175	0.105459542990381	0.151049870139785	0.081257864791115	0.104213618450783	0.0621939402687602	0.243378600771922	0.0825774397988188	0.169869122788435
S10179	0.102960818304325	0.148737220821756	0.0806385291918077	0.10661146064527	0.0593419169391895	0.242436953077992	0.0837468167789229	0.175526284240736
S10186	0.108551178107679	0.153131207917995	0.0806225069638049	0.104131037599456	0.0567397361004908	0.240277192051146	0.0845380932917386	0.172009047967689
S1019	0.104883667034218	0.15173996534885	0.0814445083400151	0.104729040161924	0.0598206124042257	0.244346381719689	0.0833717229403048	0.169664102050775
S10190	0.106205207579626	0.149962443261814	0.0810062874047353	0.100986643053588	0.0605922855017138	0.243001706307545	0.0860155302730623	0.172229896617916
S10195	0.104779621413918	0.151424441571674	0.0820973345503486	0.10396245298585	0.0632139757148114	0.243198462441726	0.0821606350037073	0.169163076317965
S10196	0.10288845519377	0.149919386459687	0.0823002851294543	0.104226126424758	0.0621854870569249	0.243733872255596	0.0843292728143821	0.170417114665428
S10200	0.101980345098722	0.150538292635146	0.0827706297577536	0.107529696407544	0.0626081872469985	0.242593460265676	0.081380418035671	0.170598970552489
S10201	0.105704352501272	0.153716027983703	0.08287479277951	0.105315861001722	0.0659844836638417	0.240653611221965	0.0791127673386193	0.166638103509367
S10202	0.104392624433757	0.150295019708328	0.081621683796903	0.10758088952072	0.061436705421335	0.241600910027827	0.0804461943108723	0.172625972780258
S10205	0.107537029468533	0.150397735747662	0.0806865611279103	0.1045545286581	0.0623813820368211	0.243114281083457	0.0833931261694639	0.167935355708053
S10211	0.104025933663172	0.151627406381828	0.0805436424555534	0.103520694394381	0.0602330150794317	0.245065855525632	0.0809438821698473	0.174039570330155
S10221	0.104270984132314	0.15183733972988	0.0810694936710675	0.102601080521136	0.0616050313471936	0.245021652518447	0.0838821398829181	0.169712278197044
S10222	0.105308979898264	0.153155804438351	0.0814877700037595	0.102484429987703	0.0628894402298935	0.243356106290693	0.0813670883620681	0.169950380789268
S10226	0.106911891337978	0.152072182673581	0.0820390106399581	0.102935833738423	0.0623187798011338	0.240645373895966	0.0834204885247736	0.169656439388186
S10227	0.103430292113234	0.151857019416559	0.0824886241480976	0.103929857887487	0.0629507478378799	0.244625090408406	0.0820892601217382	0.168629108066598
S10228	0.10283282393127	0.151215482560231	0.0815545745851217	0.104400749679981	0.0620130546461014	0.244635209940381	0.0834552455670029	0.169892859089911
S10232	0.106575064102906	0.154556575077325	0.0784932695488469	0.103578468313643	0.0577809172547714	0.242765959060753	0.0831471306753287	0.173102615966426
S10248	0.105967897513747	0.149910731051909	0.0793301145004046	0.102127325419191	0.0618629318353269	0.243644508349819	0.0854608122303543	0.171695679099248
S10249	0.103917142705212	0.153288440734521	0.0861494693425804	0.104332554241671	0.0643127383421005	0.240920520400787	0.0805009319484332	0.166578202284695
S1025	0.105591371513761	0.151749329318391	0.0813697374703084	0.105679572280103	0.0599172042147149	0.240008028713705	0.0830936579994501	0.172591098489565
S10266	0.103722819681643	0.152502796375415	0.0826592309505536	0.103486885232396	0.0631158415086724	0.241426176853643	0.0810036536617818	0.172082595735896
S10269	0.106415589888436	0.154220701651606	0.0809321310076839	0.103904767134936	0.061863921825676	0.240813651798787	0.0803992339710968	0.171450002721779
S10272	0.104390804131231	0.151476641920301	0.0807720656820242	0.103576604840337	0.0630396336036592	0.242623715708804	0.0823879688955564	0.171732565218087
S10273	0.109243919105288	0.15278049016961	0.081409524800239	0.10532755276976	0.0622305719517334	0.240384901901015	0.0816601989133895	0.166962840388965
S10274	0.104510011711279	0.151421993450464	0.0819551347124964	0.104209120055898	0.0624333672256055	0.242992882740723	0.0836004651731916	0.168877024930343
S1028	0.10474201356375	0.149707891571672	0.0811225189847367	0.101600916053253	0.062454887972835	0.244472258199326	0.0844784343969212	0.171421079257507
S10280	0.105625157421017	0.148906083257974	0.0829370389690354	0.103812838873388	0.0608726939231862	0.241069764947001	0.0836282493232289	0.17314817328517
S10283	0.10577591695519	0.149614220465025	0.0817791185372754	0.105384750599335	0.059003619491949	0.239737946695216	0.0851012682079268	0.173603159048082
S1029	0.105900916175406	0.153229786916974	0.0813850043783678	0.10462206330544	0.0610679110985237	0.242332086195846	0.0826087297002414	0.168853502229202
S10292	0.105464763603942	0.152632564384276	0.0797326217910213	0.102744213263554	0.0599364453160051	0.242793354193846	0.0846449846274052	0.17205105281995
S10294	0.104890929559164	0.152726402066205	0.0797120874180567	0.104182800970198	0.0601198975993467	0.240138582764118	0.0839078795288576	0.174321420094054
S10302	0.104254936884479	0.1506402857657	0.081060614296444	0.103634042712357	0.0611192560351982	0.242464495789482	0.0834920212704287	0.173334347245911
S10303	0.104806265492147	0.151951766083831	0.0815298364128335	0.105684476653069	0.0611130246777504	0.241088081940417	0.0822690386628407	0.171557510077111
S10323	0.10506876281923	0.15224323439033	0.0817171919152785	0.104137835561194	0.061570294156384	0.241557173372498	0.0816589499898843	0.172046557795201
S10326	0.10499585373871	0.151574821317989	0.0826225060520066	0.105468681468362	0.0620330180344422	0.240146154169041	0.0817383420474052	0.171420623172045
S10328	0.102539466919143	0.148861945901562	0.079663131380436	0.108003319870814	0.0606114430007834	0.240096309790152	0.0826635642802174	0.177560818856892
S10329	0.106511686226577	0.150941022241415	0.0807684296199709	0.10393040093141	0.0603263037529109	0.241738244939437	0.0823773419999528	0.173406570288326
S10336	0.104859578414875	0.151373072172833	0.0818684068112693	0.108011442694905	0.0614626169151125	0.241573294673578	0.0809425833778132	0.169909004939613
S10340	0.107046852120758	0.151464537336634	0.0801274855192724	0.101979997781446	0.0618214134152512	0.243461010660137	0.0832411175764216	0.17085758559008
S10347	0.103945926346348	0.153557191125588	0.0813642708222156	0.105623780966929	0.0607940512303037	0.241214551679794	0.0815314241996446	0.171968803629176
S10353	0.107026697317448	0.153293593465735	0.0818387426823952	0.102683585767734	0.0614425997688413	0.241173629122958	0.0823713393614446	0.170169812513444
S10356	0.106499981171096	0.152216580532092	0.0809853067562429	0.103782386879092	0.0602475211783906	0.244154606516675	0.0824609838193321	0.169652633147079
S10358	0.103339395095606	0.151141834836419	0.0832103430367227	0.103952919602224	0.0627237766161658	0.241782722509203	0.0821471634495705	0.171701844854088
S10365	0.105026829166496	0.151107186966885	0.0824461841082537	0.104453084229799	0.0627382668939514	0.242096405028503	0.0824318659025392	0.169700177703573
S1037	0.10522922198088	0.150774496111457	0.0790673429166668	0.104472088246636	0.0581451077283818	0.242394252172972	0.0853142400808763	0.174603250762131
S10373	0.106248203654381	0.151275310553858	0.0806370999170189	0.102859665025714	0.0604900852602079	0.243394340605484	0.0839191952819106	0.171176099701426
S10374	0.107076977724818	0.152747515874268	0.0803125237036607	0.101686488266996	0.060421516274333	0.242694043421046	0.0827536795912576	0.17230725514362
S10375	0.103320822714406	0.149903773507108	0.082293273664032	0.106359451213583	0.0623448493872228	0.243294003034606	0.0825957870491438	0.169888039429899
S10377	0.105158762800757	0.155531521645944	0.0798631964578933	0.102699304331148	0.0593455794866306	0.24387234783233	0.0816837367347981	0.1718455507105
S10378	0.105130330688006	0.151713247192149	0.0808017738300743	0.104924145485659	0.0614681002214592	0.238802355907475	0.0843750065082219	0.172785040166955
S10390	0.106520932562442	0.154008177030198	0.0801497737480817	0.103234220429925	0.0604397390179198	0.243739606511148	0.0804135785508534	0.171493972149432
S10391	0.105911145228114	0.153095190350535	0.0819283466176177	0.103423114880694	0.0598227121291803	0.243079987093491	0.0808694981105019	0.171870005589866
S10393	0.104019343107707	0.150829896536539	0.0798079884326921	0.10391947010943	0.0604296970592996	0.242780504283148	0.0827399311242372	0.175473169346947
S10400	0.104652317822465	0.152597514491042	0.0836952237224208	0.103920706209387	0.0623578815770314	0.243571180012445	0.0821482173732049	0.167056958792004
S10401	0.104433845738791	0.153525681686714	0.0821971288935421	0.104646823826998	0.0607242717609463	0.241736919937533	0.0801818585457822	0.172553469609692
S10406	0.104463794098398	0.152371770068492	0.0829901799493754	0.102911576124748	0.0635617755947759	0.241877283451051	0.0809813115469201	0.17084230916624
S10408	0.104598073059609	0.151202419485941	0.0822687852071435	0.10565529635005	0.0622962395734869	0.240160597942223	0.0813527605006503	0.172465827880897
S10409	0.104775959071772	0.150683092963006	0.0802085322977795	0.103491459052412	0.0600121082132922	0.242214899638416	0.0840822098776054	0.174531738885717
S10418	0.105691682388958	0.154868213634678	0.0811598578800392	0.104017719572259	0.062865404244364	0.245055506800815	0.0789830114092558	0.16735860406963
S10431	0.103530943333238	0.150696607266363	0.0819857864574395	0.105231473710555	0.0616938354236814	0.242970327248595	0.0833273677811256	0.170563658779002
S10438	0.104607410932449	0.152451860092954	0.0814861110078187	0.104291899080657	0.0609635804964672	0.243145785627654	0.0829041936184584	0.170149159143541
S10439	0.104255091090485	0.151765834985111	0.083935993818885	0.104516636197178	0.0624309084803768	0.241152665019592	0.0825107553705687	0.169432115037804
S10441	0.104466000735998	0.1517364536328	0.0847649983949818	0.106073803002547	0.0633990385094934	0.239615146157874	0.0803958147343069	0.169548744832
S10442	0.105274216143686	0.151963773474033	0.0826730749014506	0.105681108356104	0.0620087920143434	0.243105356161018	0.0823739476608632	0.166919731288501
S1046	0.105568978146361	0.152179593563862	0.0829690101814028	0.103777691358214	0.0643342651268773	0.24256218408248	0.0820495212150373	0.166558756325766
S10478	0.106498392735916	0.155275960037691	0.0856810874797924	0.101756027010381	0.0654258795819323	0.241323594838746	0.0789478304286484	0.165091227886892
S10480	0.107225457048723	0.154610674446274	0.0789524894013108	0.10639662561691	0.0576844308177918	0.240874504406562	0.0817384764778941	0.172517341784534
S10484	0.104265635520986	0.152144021379878	0.0833232782879503	0.104906618051752	0.0622562685241803	0.241312782775813	0.0805770413791085	0.171214354080331
S10492	0.103810021255034	0.150165290765392	0.0809995381813434	0.103076277817149	0.0593676034437738	0.24543404961721	0.0833314177116227	0.173815801208475
S10496	0.107904157081814	0.153440207785193	0.0800227123198528	0.104928918183907	0.0600879706182037	0.241094970282479	0.0833103214164843	0.169210742312068
S10510	0.105455906435952	0.151062362006052	0.0819323496946407	0.102244465000019	0.0611571189432716	0.243704191131424	0.0827863485600861	0.171657258228555
S10513	0.101352774338299	0.149156095022438	0.0839867143075472	0.105909894555435	0.0622564745615192	0.243709736738026	0.0830377114448962	0.170590599031839
S10516	0.106074328062924	0.152287958388538	0.0828805397035538	0.104887729002744	0.0615628137749851	0.241376212082967	0.0820516598719267	0.168878759112362
S10534	0.106254317740554	0.152226859391332	0.0824566800417376	0.101868369438667	0.0613560329262976	0.24194352857908	0.084832541908332	0.169061669974
S10535	0.10570814646805	0.151155096952669	0.0805385698523882	0.101590393754949	0.0596834689289805	0.244695351044211	0.0848903470967708	0.171738625901982
S10537	0.104892733995153	0.153157837781357	0.0837730588841308	0.106254481084676	0.0622156140696913	0.239766723107511	0.0822945170500679	0.167645034027413
S1054	0.104203936476731	0.151547710597486	0.0809809764994235	0.104314511008051	0.0596214611964877	0.243410478132608	0.080422515110645	0.175498410978568
S10543	0.105206081854255	0.153377577779359	0.0797240881756334	0.106470954478993	0.0612996858503805	0.241311942144247	0.0816146071086079	0.170995062608524
S10546	0.107172561150054	0.153049033082056	0.0809946173971844	0.105553278987747	0.0611081654565947	0.242493009881959	0.0823663036906223	0.167263030353782
S1055	0.104056917565032	0.152591805449947	0.0831095324406789	0.104856738524384	0.063837638428993	0.242803641395828	0.0795792987361373	0.169164427459001
S10551	0.105611655277919	0.152928226452947	0.0827189698912021	0.104804263708254	0.0610092927552517	0.241481568580757	0.0811048751086934	0.170341148224975
S10552	0.104714876348653	0.153148563143122	0.0830168194673641	0.106374174630648	0.0630897749351847	0.24117102042903	0.0793459533663305	0.169138817679668
S10555	0.103210514114668	0.148428118949987	0.0793918627000995	0.107273116203748	0.0601481240590458	0.239394395948406	0.0822993026505631	0.179854565373483
S10559	0.104674604681175	0.151367724739076	0.0840204883986104	0.10482302666492	0.0624809296727886	0.241339614376729	0.0836794468774869	0.167614164589213
S1056	0.107185387935061	0.152891634428612	0.0808478482855681	0.101290138026327	0.0612649915185812	0.241512314633665	0.0841846330826618	0.170823052089525
S10563	0.105045904834206	0.150016531374363	0.081580497747573	0.104401621813661	0.0628355608195256	0.243010729467304	0.0805313943258442	0.172577759617523
S10574	0.104494540532768	0.150066409252769	0.0816364686810041	0.104962367285223	0.0603489223043121	0.244247645286709	0.0843913657516428	0.169852280905572
S10576	0.105602424199569	0.152391915483365	0.0809932220380129	0.102694680420536	0.0639794727402046	0.241002381489651	0.0818045493118704	0.171531354316789
S10578	0.103316049522879	0.152308725744026	0.0824220641030245	0.104534985067802	0.0624517744454324	0.242698249376731	0.0807042888447178	0.171563862895387
S10579	0.104029109505768	0.151801139578467	0.0806752758261003	0.10416713026702	0.0633139423114992	0.240442830996872	0.0831727750568796	0.172397796457394
S10582	0.106468196026343	0.151158214347409	0.0813565361717584	0.104725701217849	0.0629334935563376	0.241643172150399	0.0827161313586923	0.168998555171212
S1059	0.105129870324895	0.152067222810545	0.0810050790345184	0.105461429736327	0.0617958452997221	0.240537110556171	0.0816650225647916	0.172338419673031
S10599	0.105378883674396	0.153157616058868	0.0831924431452595	0.102233381837788	0.0636168215200415	0.241412488605093	0.0831184008547299	0.167889964303824
S10611	0.103831577799966	0.151152758265128	0.0826774725941658	0.103234821459094	0.0625217091117352	0.242495698098958	0.0838044674433307	0.170281495227621
S10614	0.103641639638206	0.151639955603068	0.0840597526212734	0.104953982194402	0.0643235784112264	0.241434903491467	0.0823455450780804	0.167600642962277
S10624	0.107266190338633	0.156674056471834	0.0823146061783467	0.102376325379811	0.0606745310643715	0.238209126351135	0.0818580853381684	0.170627078877701
S10632	0.1050261987566	0.153317274727723	0.0807679537260958	0.103595994627929	0.0620328754061288	0.242245681620706	0.0811535037788916	0.171860517355925
S10634	0.107724065955634	0.152741814354323	0.0801653422610247	0.102098134511796	0.0614117329835846	0.241427494069489	0.0842320325142487	0.1701993833499
S10638	0.106111629824111	0.150664675117104	0.0834503213757198	0.102706549239041	0.0620626600194	0.240273566247776	0.0822745941081268	0.17245600406872
S10644	0.10437256834756	0.150644809484786	0.0818814381504105	0.10578020040252	0.0600672098220811	0.241459007731351	0.0849926801485981	0.170802085912694
S10649	0.10535844802834	0.151228906903959	0.0810853558561429	0.105051793548947	0.0654041316418623	0.241304435627321	0.08274104622216	0.167825882171268
S10652	0.106036305662337	0.154131804441299	0.0814184135707817	0.105285115514033	0.0632294899816052	0.239441242992218	0.0804621297089648	0.169995498128761
S10654	0.104648349582903	0.151249424674008	0.081114099836819	0.106004778906946	0.0611364973309453	0.242754375651623	0.0828009634561344	0.170291510560622
S10655	0.103876807778005	0.151577696776699	0.0810154755287073	0.104554817875027	0.0619027840676167	0.241909001760596	0.0837762237181946	0.171387192495155
S10656	0.10336965645911	0.148988051412013	0.0796047974626703	0.107414575008395	0.0612964997496973	0.242544845161121	0.0839377474888158	0.172843827258177
S10657	0.105666215964355	0.154628360079521	0.081247024438999	0.103907569197774	0.0608422011927304	0.241632488044818	0.0800109605539382	0.172065180527865
S10658	0.10561213283546	0.151612625193909	0.0805090604709213	0.104383467599185	0.0626753073875063	0.238932499270772	0.0844758275096513	0.171799079732595
S10660	0.104576727400665	0.152152517499265	0.0803803433927319	0.104884953629915	0.0572719536180768	0.241161447285668	0.0821418993414472	0.177430157832232
S10661	0.106805374926347	0.153195860901235	0.0796875576758051	0.103162039892143	0.0603450696776691	0.242571171307665	0.0842562124276999	0.169976713191435
S10676	0.10780805935237	0.151922873713832	0.0844114455806693	0.105438714472753	0.0630780024008111	0.237510172754962	0.0807733718050331	0.16905735991957
S1068	0.107960720957896	0.151769622824485	0.0816682970551517	0.102692873483489	0.0604988367546411	0.241078896611484	0.0833672739448333	0.17096347836802
S10681	0.106997314597614	0.151953160722889	0.0811119241110612	0.103643654655546	0.0613639675917756	0.241420681914022	0.0812425806329011	0.172266715774191
S10686	0.104696006035119	0.15312275203254	0.0821158040814024	0.104381945843005	0.0612076495433619	0.241962802962533	0.0812448709905599	0.171268168511479
S10688	0.103764532994642	0.148193575560331	0.0817321700295038	0.102967020668218	0.0605569892459751	0.245881696697077	0.0840044411031719	0.172899573701081
S10690	0.104094887356386	0.152384849945758	0.0824581704215459	0.108287092251446	0.0606767784068324	0.242540309076594	0.0802464393689089	0.169311473172529
S10698	0.104539144121924	0.150717609005537	0.0811532152690396	0.103418158784421	0.0598158942243361	0.242944934776841	0.0837381058665306	0.173672937951371
S107	0.103785529105678	0.150517231480882	0.0795072331489629	0.1042564080756	0.0606961196200653	0.242093766172421	0.0838060892675315	0.175337623128858
S10703	0.104762707291215	0.150065982364254	0.0811692322490097	0.105527015141717	0.0599235178073061	0.242328751976615	0.0850717561914603	0.171151036978423
S10726	0.106185444986987	0.151543226247935	0.0811342632916069	0.101955929856299	0.0608695740566351	0.243881952479801	0.0838565220286626	0.170573087052074
S10729	0.103260410895426	0.151922099719775	0.083102311213193	0.103890163955886	0.0616898433999171	0.243689027640706	0.081800622257654	0.170645520917443
S10733	0.10337470940049	0.149339296879389	0.0822717339447937	0.104093544319187	0.0624521131797393	0.243346207973415	0.0837274969669123	0.171394897336073
S10734	0.104141354196589	0.15248126747209	0.0817493162887157	0.102635612579686	0.0599663996294525	0.244035384422191	0.0826375475439275	0.17235311786735
S10735	0.106363876505553	0.156169212481094	0.0810419305028887	0.10235436341587	0.0607954403726408	0.242519248821012	0.0817970106500874	0.168958917250853
S10740	0.102937280415323	0.150727348990707	0.0847823357630723	0.102596683076552	0.0636887647122877	0.24334175729623	0.0817098475446658	0.170215982201162
S10745	0.107196361814487	0.152926770330171	0.0836934589190842	0.104650233193108	0.0640623700909423	0.238858347605711	0.0798939450485156	0.168718512997981
S10748	0.105531952233998	0.152252249242857	0.0814013314846938	0.104737931653794	0.0602246114903028	0.243409140822336	0.0816405951937409	0.170802187878277
S10753	0.104340783762443	0.151116019669414	0.0836593458397948	0.103185367176629	0.0627901286076195	0.244068046833055	0.0832571591870976	0.167583148923947
S10756	0.106891101988729	0.150941285520644	0.0810980008543881	0.102979715450993	0.061444284216577	0.242990666541335	0.082458184303757	0.171196761123577
S10757	0.105788388122766	0.150199389462834	0.0789276582611882	0.102503522930004	0.0580160961572633	0.243882607440981	0.0859627617685267	0.174719575856437
S1076	0.105590089158254	0.153074894054663	0.0824810085814898	0.103311047742819	0.0617046319830274	0.241701105713411	0.0823982993668348	0.169738923399501
S10764	0.105184440003323	0.152332359361881	0.082208845456503	0.104914609755473	0.0611830187477676	0.241894054688674	0.0809956029959719	0.171287068990405
S10767	0.105051555693749	0.151976232558199	0.0792933450200283	0.106000051873837	0.0582130976245889	0.242617381904724	0.0821715293661873	0.174676805958687
S10776	0.105044644878374	0.150380016906525	0.0827892515333326	0.104776166748289	0.0636979960903438	0.2424500665318	0.0825207936764614	0.168341063634874
S10778	0.104512168134153	0.151142074440159	0.0814954640925692	0.10268902024875	0.0639602613714269	0.241037077372758	0.0830196936534192	0.172144240686765
S10784	0.10532886674337	0.151458864573379	0.0840030730911121	0.104782758599963	0.0649505867219574	0.240250667182052	0.0813609820964466	0.16786420099172
S10787	0.106134261162356	0.153910491520194	0.0808289800277431	0.105690495476104	0.0606018400424805	0.240707267014704	0.0825783136410899	0.169548351115329
S10800	0.112511275496399	0.158412403523589	0.0796923896032637	0.102546292561206	0.060967604994036	0.23915722626032	0.0811723422818683	0.165540465279318
S10805	0.105655844577869	0.152866153266079	0.0827548722359252	0.10340468626043	0.0624064521696401	0.241991487947989	0.0807442824314839	0.170176221110584
S10813	0.104369381635643	0.151120779016268	0.0826470025814447	0.106279058554195	0.0619699171366272	0.239416332794868	0.0822057719003112	0.171991756380643
S10814	0.105559339206717	0.152622300018873	0.0800897706911947	0.103275387871964	0.0615574948036656	0.245602557781094	0.0807863162872792	0.170506833339213
S10815	0.104617551248488	0.151004356816696	0.0806601489467152	0.103873296281521	0.0625555963212418	0.242863426332282	0.0833644457566689	0.171061178296387
S10817	0.1049439881442	0.151643368488631	0.0796040241391629	0.103738036145402	0.0602619514135448	0.242281289104123	0.0836658851908219	0.173861457374113
S1083	0.106103586844906	0.152450416056755	0.082048850357656	0.104904341775271	0.061123899793036	0.238767993390192	0.0843014464880432	0.17029946529414
S10835	0.105072931547377	0.151901084376288	0.085570279030841	0.104184071264246	0.0615810766659247	0.242441845339344	0.0821431734420635	0.167105538333916
S10838	0.103621435917945	0.150385567940248	0.0810370684461493	0.104161353126867	0.0624544529564422	0.242913347104844	0.0834556358486881	0.171971138658817
S10844	0.106934403030092	0.150744650430062	0.0797139073064629	0.103572589000731	0.0609112059637153	0.242482537246213	0.083208789762158	0.172431917260565
S10845	0.105164398953991	0.152319470194057	0.0836859756658339	0.104667562283542	0.063059511042978	0.242314820550226	0.0824453364166813	0.166342924892691
S10846	0.109189348811635	0.152278382300805	0.0790774979413992	0.103124270427243	0.0580846299999597	0.241386972252832	0.0836667949651945	0.173192103300931
S10853	0.103917147003154	0.152300830671595	0.0832079057562925	0.104041958368528	0.0638325117083058	0.241365374691442	0.081565085953171	0.169769185847512
S10854	0.107959525051305	0.150915341759727	0.081126972860686	0.102349657056527	0.0592444613884103	0.242401896757418	0.0849399902937858	0.17106215483214
S10865	0.104804767385398	0.150813984122286	0.0829350372912578	0.106869138527778	0.0613303575805116	0.241114143564057	0.0823295035901982	0.169803067938513
S10866	0.104738243881229	0.151107054056194	0.082460046559193	0.103364957156001	0.0623342441747753	0.240003280822533	0.08293706604066	0.173055107309413
S10869	0.102345832683854	0.150489317637379	0.0857133859045143	0.106673010524136	0.0651523975927626	0.236970662729526	0.0801006880019944	0.172554704925833
S10873	0.104212778104569	0.152086140702006	0.0820019862394047	0.105680847643139	0.0622699630559708	0.239532501082841	0.0807962000320638	0.173419583140006
S10876	0.105421062734324	0.151195910174784	0.082181883471881	0.10223371962387	0.0603696941715458	0.240830937439335	0.0841123184188942	0.173654473965365
S10883	0.106251800936507	0.153749776373276	0.0819083573565118	0.103410637302242	0.0622040927073684	0.24099239582505	0.0810042349014674	0.170478704597577
S10885	0.105519795190548	0.152213554827583	0.0825680005468074	0.10247835245637	0.062239985781736	0.244323628317954	0.0818990716941707	0.168757611184831
S10893	0.1046626306854	0.151148349572672	0.0827348406370047	0.103680153817168	0.0636860322892956	0.241091112204477	0.0826165751208168	0.170380305673165
S10895	0.103090305143135	0.150683731410854	0.0833655388431919	0.108220863796621	0.0632361878311117	0.239978741471489	0.0815331737764951	0.169891457727103
S10902	0.105721044037282	0.153929416522158	0.0800059082044407	0.10288367816511	0.0604440894958543	0.240081656052536	0.0834269652680147	0.173507242254604
S10903	0.102004029130007	0.152466100727736	0.0816014990768161	0.107259028731052	0.0621908878589427	0.240339877050204	0.0808780431952641	0.17326053422998
S1092	0.105057968567865	0.151665346021992	0.08398969920578	0.102637634637508	0.065055469737609	0.24298056462618	0.0838714592177342	0.164741857985333
S10925	0.10727414869369	0.153244420170194	0.082941338989829	0.103534432132487	0.06100923110768	0.241132278590579	0.0824049029231974	0.168459247392343
S10927	0.101488895914502	0.149574174315224	0.0831979126979836	0.105042838122405	0.0636032937469251	0.245043678648971	0.0834404044603558	0.168608802093634
S10936	0.103140689710593	0.150281608177164	0.0813894317838731	0.10606854487264	0.0601231759952281	0.242496821714202	0.0839193229114483	0.172580404834851
S10945	0.10540731792302	0.153097096835193	0.0834121494724083	0.105308801838356	0.063686937459339	0.239958471038842	0.080866508990243	0.168262716442599
S10947	0.1045571723002	0.151863928164899	0.0810422116904807	0.103703598261453	0.0611693600707897	0.244764363004019	0.0813011764201014	0.171598190088058
S10949	0.104993304248934	0.150854503920297	0.0795193885292243	0.100991643439477	0.0612020086179779	0.243702853717852	0.0850900426480885	0.17364625487815
S1095	0.104564744337434	0.152975834469077	0.0819274826691294	0.104811926200204	0.061549323754391	0.242896329051937	0.080248396608745	0.171025962909082
S10961	0.103487879489064	0.150690758044514	0.0825206287771157	0.105057928160111	0.0630299253965208	0.241877226666197	0.0810129077190396	0.172322745747438
S10969	0.104731933338845	0.150513668446616	0.081322158261967	0.10481828965717	0.0611306251481554	0.242562703912762	0.0841080034907566	0.170812617743728
S10972	0.108438138790278	0.155160229583929	0.0814394825564017	0.106828659697102	0.0610568379320839	0.237440304113613	0.0799060568727437	0.16973029045385
S10973	0.105847529077662	0.154208245754382	0.0824286852644624	0.103432275415767	0.0641511291374728	0.237325209966719	0.0807448835802459	0.171862041803288
S10978	0.102826925540552	0.149078055361186	0.0813415841859386	0.106755306991373	0.063312450758751	0.242329967434502	0.0823077490636104	0.172047960664087
S10979	0.106102770033086	0.152669763755645	0.0815096751461089	0.1048371008071	0.0610976126828306	0.241244235696111	0.0827885357894738	0.169750306089646
S10986	0.103871579180102	0.151721924766599	0.0833261349762355	0.104908175822795	0.0631592049017481	0.243727627810921	0.0824488548308664	0.166836497710732
S10989	0.104466784011692	0.150968047243459	0.0809781079166727	0.102208269209492	0.0621184863075163	0.242037042850297	0.084583615562169	0.172639646898702
S10995	0.103544402330336	0.150514368414289	0.0824184041397073	0.104478908721563	0.0629668059003278	0.242964640707958	0.0846627162210275	0.168449753564791
S11005	0.105018062349303	0.15079770909143	0.0809074973915665	0.104647077210848	0.0602456996799701	0.241604711522057	0.0824620901815182	0.174317152573307
S11008	0.107298119233999	0.152194589400941	0.0808692946848239	0.103917868939972	0.0626305702466208	0.242167092754398	0.0822650949185798	0.168657369820665
S11010	0.105162410163628	0.151922722556825	0.0803885456334594	0.1033838271302	0.059836886775304	0.245543742950649	0.0825987375961396	0.171163127193795
S11013	0.103975825793929	0.150984273589751	0.0816356470270391	0.105345164184696	0.0614659972372087	0.243848913880557	0.0821362843071871	0.170607893979632
S11016	0.105174533095179	0.150480086925641	0.082121821127729	0.103518164275814	0.0607998295710314	0.244214562221024	0.0821081890710099	0.171582813712572
S11017	0.104921208774064	0.153417363929996	0.0846404288865093	0.105774674008528	0.0620960499383503	0.239451117981084	0.0816383335165046	0.168060822964964
S11020	0.10427675596695	0.151646118959347	0.0834849114827684	0.10786577367713	0.0622969657822915	0.241500211669337	0.0819408332410846	0.166988429221091
S11027	0.103437898112999	0.15245437883496	0.0837020799483239	0.104734972584714	0.0636467975398411	0.240023017257195	0.0818956447552699	0.170105210966696
S11035	0.105966174981322	0.152093436584663	0.0809917929129528	0.102165672423582	0.0629458451557429	0.242452561628332	0.0828997308574502	0.170484785455956
S11041	0.104360211806658	0.150035908901516	0.0811795986690043	0.10533837757934	0.0620447484883688	0.244151796300491	0.0840446435547187	0.168844714699903
S1106	0.104811864280477	0.150529268720433	0.0805278904830662	0.103254927754339	0.0617644413208549	0.242524058536608	0.0814563015306889	0.175131247373533
S11071	0.105991835408192	0.151132205122	0.0794546701664927	0.10541004473555	0.0570613944003705	0.242538042709435	0.0840740546922197	0.174337752765741
S11076	0.103655965112279	0.149937461064182	0.0805721419677605	0.105113446035623	0.0612210354932562	0.244573068462574	0.0829980923629681	0.171928789501357
S11078	0.104279493449588	0.153841321599323	0.081406504734934	0.103271846884029	0.0627252573369189	0.242142914093661	0.0813724731943811	0.170960188707166
S11081	0.103598669703752	0.151564523551709	0.0819944859877453	0.105707752375316	0.0609219088055978	0.241407844127445	0.0824308886703027	0.172373926778132
S11086	0.10378465075032	0.150936656583079	0.0802610281618562	0.104302270225405	0.0624922758659747	0.243611373839068	0.081635179417689	0.172976565156608
S1109	0.103253242984819	0.152980484713241	0.0844754844643563	0.106028953239717	0.0627624985081431	0.237322484331573	0.081044221752606	0.172132630005545
S11096	0.10294465093948	0.151174903490426	0.0841077678312081	0.103770241069838	0.0645908781053012	0.241081536268454	0.0810598661126126	0.17127015618268
S11100	0.106040604348423	0.152189659212209	0.080665151047161	0.101820137388072	0.0613050434780848	0.243603881089898	0.0830635861565907	0.171311937279561
S11107	0.10522373356245	0.151771300022006	0.0810970526301788	0.101948454634661	0.0635121578502327	0.243378976458302	0.0829777824592907	0.170090542382879
S11109	0.10485940394455	0.153966408088416	0.0822593107974981	0.103376683163865	0.0634306355869576	0.241757243829279	0.080930393443007	0.169419921146427
S1111	0.103523504019955	0.149425510004464	0.0801569035582236	0.102677869960191	0.0589500773539339	0.246030377800039	0.0853837489493607	0.173852008353832
S11119	0.103655737543842	0.150386146591096	0.0808439420952391	0.103308356057521	0.0621816719876939	0.244648663730981	0.082468600513777	0.17250688147985
S11127	0.102942773125417	0.149958182113561	0.0804451916852552	0.106054776432662	0.0602221056980116	0.241235690089423	0.0822103624946341	0.176930918361036
S11136	0.104655753891019	0.152572234292931	0.0799272396428406	0.102946953246882	0.060613191152284	0.245247755870483	0.0827031458785859	0.171333726024975
S11147	0.104050774882175	0.150319591487456	0.0815677258206285	0.103980654742335	0.0636279911851166	0.241221744217471	0.0833558332878887	0.171875684376929
S11150	0.104533032554814	0.149705194540641	0.0810466201773139	0.103077592516031	0.0645061233568415	0.244368243146461	0.0830612888937474	0.16970190481415
S11152	0.107452109516798	0.151248582861138	0.0828182868065542	0.104452855734889	0.0623327792727987	0.24112938133468	0.0809717010394203	0.169594303433722
S1116	0.104015679513527	0.151204671311475	0.0800443542979973	0.102922068075118	0.060274024531462	0.24253663136478	0.0851317110689242	0.173870859836716
S11163	0.105345439346623	0.149255454509923	0.0798348204061972	0.103058365617145	0.061275842232452	0.244321711498617	0.0854574026799801	0.171450963709062
S11164	0.102949696313601	0.152120774936694	0.0836008305257553	0.104252107919202	0.0640865565770511	0.242839980327357	0.0814478172791794	0.16870223612116
S11166	0.107559603169281	0.156134160471646	0.0812322030182852	0.104426270229622	0.0591022215603586	0.242451371991683	0.0796864377119582	0.169407731847166
S11173	0.10857543039677	0.154792968031098	0.0809214625471885	0.102239220555272	0.0624276021337367	0.240534181062042	0.0830087770301967	0.167500358243696
S11174	0.105345886803772	0.152630971415255	0.0812654848274444	0.105066594524903	0.0603653662765097	0.243002234762592	0.0838987088053043	0.16842475258422
S11182	0.107803394538067	0.150541737739799	0.0800177813681694	0.10197583890164	0.0615088546585299	0.243852683192575	0.0844430009212174	0.169856708680002
S11188	0.105618775756486	0.151386111881379	0.0833532977456214	0.104737558461253	0.0632276594393832	0.239403955135076	0.0828230545088302	0.169449587071972
S11189	0.103309438534273	0.150301253730542	0.0815998995662709	0.103037313789924	0.0621106871082065	0.243086356506093	0.0846309798192842	0.171924070945408
S1119	0.105737540767212	0.151498673835171	0.0807622985048717	0.10346971124952	0.0581896958868408	0.24404579814312	0.0840894523118595	0.172206829301405
