B.cells.naive	B.cells.memory	Monocytes	NK.cells.resting	NK.cells.activated	Neutrophils	T.cells.CD4.naive	T.cells.CD4.memory.resting	T.cells.CD4.memory.activated	T.cells.CD8	Macrophages.M0	Macrophages.M1	Macrophages.M2	Mast.cells.resting	Mast.cells.activated	Plasma.cells	T.cells.follicular.helper	T.cells.regulatory..Tregs.	T.cells.gamma.delta	Dendritic.cells.resting	Dendritic.cells.activated	Eosinophils	otherCells
mix_1	0.0299883052014227	0.0626354135612157	0.245144186981068	0.109193598235155	0.109709935113984	2.67082355801449e-06	0.000242958856856513	0.0202409870538882	4.57551976622626e-07	0.326355258554091	4.89147910026223e-07	6.72807016588724e-07	0.0201425176166525	0.0045364004794547	4.51932634562844e-07	0.00950574699428103	0.00952668305718264	0.0527273445722463	2.88497301049057e-06	3.14723220723686e-05	5.5206516416009e-06	2.66244099707095e-07	5.77726858130059e-06
mix_2	0.0057641459633747	0.0576344120936563	0.387535561644068	0.0541607342067534	0.0403271019975383	3.35616794223484e-06	0.0426117722821028	0.052159705466864	5.40110858209453e-07	0.185282770085804	2.58686752880266e-07	3.29853894300155e-06	0.0361831655677053	0.00628976021691248	1.33938955587309e-06	0.00567131727955337	0.00972349508815434	0.116615505760867	1.7513890054111e-05	5.46314719781974e-06	7.35547293078669e-07	2.26165796502851e-07	7.82070225219674e-06
mix_3	0.126904096326212	0.147203002418665	0.0323958452591214	4.31283977689242e-05	0.0511802208764266	0.0599789005715716	0.112707931687243	0.0597582509720236	0.00105240007664167	0.166047612680633	5.72729195073816e-06	8.91539464972945e-06	2.33465905683938e-06	7.49336467580352e-06	3.09935147181663e-06	0.0501775252692341	0.066284502979448	0.123590801817927	0.000485558743391909	0.000208198093415806	7.63902757590765e-06	0.00194575442595728	1.06031493689991e-06
mix_4	0.0533190052220833	0.275547854915033	0.0719962737058161	0.0019162407942586	0.0478550726088679	0.0872154687538916	0.0844910901715899	0.00491411774100895	0.00128089251914579	0.187226153626635	0.000170470062385622	0.000208307882338257	0.00361382406862516	0.00067578835051615	0.000150796555507963	0.0856455377134927	0.0111602496049076	0.0487953354082747	0.0316043118134599	0.00166182784163572	0.000357019811114805	0.000148099509529999	4.62613198816307e-05
mix_5	0.124016723573954	0.161159857966362	0.0728981197160528	0.0391906770573376	0.134294353153952	2.07360754438398e-06	0.0242401112585234	0.102074397758343	2.97783551222657e-07	0.186907283153716	3.43329511902215e-07	5.60923655147886e-07	2.26350169412541e-06	1.43093344440445e-06	1.65653665164529e-06	0.039840350204318	0.0299656471158132	0.0597626560056907	0.0256349653632327	4.67578443630546e-07	2.03204962465208e-06	7.50411882623835e-07	2.98101669999953e-06
mix_6	0.0882447232228515	0.167412031579526	0.156776400441878	0.00514891440777721	0.071967850136901	7.35247376643776e-05	0.0291860711466599	0.0786998523383782	8.73532621909023e-09	0.213555234151425	3.43172665044518e-06	1.50216961202712e-06	0.000188700282515977	8.49677154868153e-06	2.2167136925421e-06	0.0610486901113417	0.00118908740781118	0.126361027475905	0.000112572657717405	6.63304275143464e-06	2.05374020542132e-06	2.67624593281241e-06	8.30075592766219e-06
mix_7	0.157469890367244	0.24193622901116	0.0358282020039733	0.0252605927184982	0.0887230949449323	0.0020663084042457	0.00341304095986027	0.0801756046010646	1.67928021119401e-06	0.139616647003562	1.65268369683728e-06	8.35150374706047e-07	0.0179615013037148	1.94794957656099e-06	1.02259261990342e-06	0.0978234614548531	0.00325247037074958	0.105307246893901	0.00115233373927331	2.04054342709378e-06	1.35213864667288e-06	1.81719870195124e-07	2.6641645452249e-06
mix_8	0.13255908083475	0.231480252504696	0.086414493376056	5.37592129454973e-06	1.28193890977358e-05	0.249312421274546	0.0453582281503038	0.0583767956286124	4.37828314500532e-05	0.00322980252310148	5.24940035729899e-06	1.52216739935529e-05	0.0150584747067525	0.0305604383627056	4.49844770122332e-06	0.0642777392129957	0.0456779423398643	0.0353132749636211	0.00197991229178949	0.000305519559701404	4.16542359354027e-06	4.18324903057148e-06	3.27933985052304e-07
mix_9	0.0722805361222181	0.0672892311882729	0.159759153329307	0.1074352690203	0.125658386021026	1.92610906292822e-05	0.0355664249468584	0.0611531317081932	1.21819125770889e-06	0.278887222290688	2.33927849961322e-06	8.41338473423581e-07	0.00138375900234477	1.26149944890667e-05	1.5770624990165e-07	0.00689734467916649	0.00251539531677276	0.0811222344336591	2.15409381212396e-06	8.72883927160726e-07	1.43828143009688e-06	9.05513056884086e-07	1.01085693680631e-05
mix_10	0.210815054063395	0.261905413555453	0.0581053197901218	4.35498569664328e-07	1.22463032577843e-06	0.0185894391169834	0.0677359994893201	0.0958207103811737	0.00577758443587257	0.0722152051867312	4.46068329882115e-07	7.78494193592879e-06	0.000112286274668025	1.10207602370226e-06	1.12780538584462e-06	0.138007532209813	0.0107219166544725	0.0601629082836195	7.05424352495552e-07	1.16712100926641e-05	7.29125262162807e-07	4.29739917309872e-06	1.10637892447761e-06
mix_11	0.0265636197581039	0.108993017635517	0.324132595605018	0.0785186416853305	0.0324557503649065	5.27562406182083e-06	0.0626178471238607	0.141383799775499	7.80860258028713e-08	0.140111001199562	1.51631571288293e-06	1.41097104145311e-06	0.0183761330312469	0.00299507280648513	2.22857197142729e-06	0.0166131893320651	0.00291548587525313	0.0442867729034379	1.02165482184966e-05	1.83545237774376e-06	1.82284569154693e-06	5.92249556168468e-07	1.20962390577424e-05
mix_12	0.00821312109329023	0.0539288875769035	0.272360156719443	0.0310467352587756	0.0249339802301999	3.61217593937453e-06	0.107086523213957	0.0906270362609098	4.60473799844739e-06	0.201600792028399	7.15450950971291e-07	1.47591039418774e-06	0.00628130751393653	0.00817309992572289	4.06277616673019e-06	4.59951635761497e-06	0.00877438443386445	0.185725725503666	4.06683481976492e-06	0.00119748976192744	1.72271098770414e-06	9.50855547554395e-07	2.49495098434068e-05
mix_13	0.191691073171932	0.259194193389743	0.0348271282250266	0.0371501398002973	0.07932529221132	0.00568230181517145	0.0169829856815567	0.0628266099891711	0.00137777647668022	0.120850220548914	7.34194305781883e-07	3.55690944530181e-08	0.00370149744315378	0.000283893798603432	6.67822809094324e-07	0.128478047788452	0.000980464449716921	0.0442879773162957	0.011236398321052	0.00103104336374587	8.81808727670438e-05	1.84266975788291e-06	1.49508043361097e-06
mix_14	0.209272831261561	0.309494288995835	0.0493470747640987	2.87280505799293e-05	0.000718190488396674	0.0179091307180542	0.097782830873703	0.0600026162606881	6.20541837824581e-05	0.0453317456755917	7.44820774565789e-06	9.37301826931049e-06	0.00636054468282712	2.19202060745858e-05	2.06838315058953e-05	0.129516628923097	0.00473937093553745	0.0692501806675096	3.60255036813407e-05	4.45850667644594e-06	1.08932771344204e-05	7.1642822753146e-05	1.33814489706665e-06
mix_15	0.141393875259587	0.213708984551614	0.0113703077845268	0.177013080852989	0.124396146351946	0.000871885237844991	0.00616161941405933	0.0516416990486916	5.37529754058969e-07	0.155388815352193	2.69719694334631e-06	1.43694444487182e-06	0.00248070234498107	3.76119999941639e-06	6.25054892043611e-08	0.0984768159506131	0.00286364190195757	0.00602265942016148	0.00544256073026785	0.000208336189119333	2.39662393245415e-06	0.002539633810468	8.34379841758419e-06
mix_16	0.138775162880119	0.183054744738273	0.0514458240768553	0.00577910721782378	0.012262493749299	0.037191232271463	0.079872582138252	0.0744323832674863	0.00164216999295567	0.17638071323766	7.97634629957623e-05	2.09900276488019e-05	0.0168947109855154	0.00122907949318023	0.000945354305781076	0.0452106752033486	0.0604277128426489	0.103633600816918	0.00122022065602806	0.00443879912132393	6.79542422827099e-05	0.00498771659380288	7.00867833856852e-06
mix_17	0.219524800148085	0.323529149113172	1.52693134637893e-05	0.000520950349208057	0.00112361187272695	0.00227507882570864	0.0392299970771515	0.156952990747688	0.000320681645213544	0.014472145462418	9.1723178928314e-06	7.71929481980008e-05	3.58020007957462e-05	2.5574260360097e-05	4.23640154443877e-05	0.164581507189114	0.00280381074481592	0.0740649752329392	0.000246481561734783	4.06251328959439e-05	1.05848716115514e-05	9.44981935699678e-05	2.73697579222623e-06
mix_18	0.0468934874576199	0.0807441912382543	0.40393902732485	0.000201483455086157	0.01507354699524	2.66492755214477e-05	0.0196837711105864	0.15924355553407	1.53871872132755e-05	0.0916851944420487	1.17064601619703e-07	4.30715904667973e-06	0.0691536644034991	0.00933639342537246	7.64433473526722e-06	0.0265819388595089	0.022355078603166	0.0546039990534175	0.000401483985326936	2.62215166739896e-05	1.37599596302278e-05	4.06710878916422e-06	5.03050574201811e-06
mix_19	0.120692274869168	0.249025404517496	0.137551941956317	0.0080247958602913	0.0348844400385767	1.71138977958433e-05	0.0621386552968398	0.0112555833087149	0.00288734280132745	0.202140260061278	1.68066248912323e-07	1.00676997298091e-06	0.00118101470950836	5.96291963845961e-06	1.68022727425325e-06	0.0935266517837789	0.0145262992430286	0.061097422020099	0.000683925683690973	0.000351382908657293	4.95403274177417e-08	1.06950545702781e-06	5.55401451255995e-06
mix_20	0.0277787184995455	0.173824650130809	0.00504671616424032	0.0304796523059461	0.0970466116784593	0.000603686890765966	0.12798166046808	0.120076761583008	6.29225102281605e-07	0.219783780800539	5.83216760389497e-07	4.26148523197485e-07	4.4873472711236e-06	7.82797410379378e-07	1.69739617906068e-08	0.010333055925027	0.000355427930389097	0.185713864062707	9.49402017492613e-07	9.97062545905553e-07	5.01987638353028e-07	0.000964443279370554	1.59611988210577e-06
mix_21	0.176139071434752	0.227376497990003	0.059281827710746	8.55912562684511e-05	0.00408698960744778	0.000328960158636964	0.0688899300755321	0.0573894937543611	4.17394222076045e-05	0.200919687143249	9.58644237695058e-07	8.87970792159369e-07	1.37477441508569e-05	5.50720760881817e-06	4.75664961759433e-06	0.0880305490308045	0.00282051895683027	0.114388088025409	3.18240999626611e-06	0.000187911429781512	1.40690658483871e-06	2.81451678171982e-07	2.41501930493874e-06
mix_22	0.12153076054895	0.258731643995884	0.0921238576937229	0.118296129121289	0.0954867577664996	0.000520807831400993	0.044727539949826	0.0522503064881953	4.27774303248599e-06	0.0951528982299953	1.51942190704386e-05	1.84849963993615e-05	1.47996980046944e-05	1.45633488352246e-05	2.39684137134978e-06	0.0964720408541793	0.0193987337356765	0.00442446209544233	0.000717864839014083	7.66246482963635e-05	2.66563596747057e-06	1.40698853635892e-05	3.11983358393499e-06
mix_23	0.152467770122751	0.318867976570249	0.104895434116788	5.28197640435627e-06	0.00146778022699623	0.000864253216987094	0.0993517064804782	0.0107092805604834	0.000596546849817195	0.154625947013335	1.36885623302847e-05	8.85720280866494e-06	0.00196956832001838	4.05788451081292e-05	3.60844239171513e-05	0.0961103099891251	0.000103614724408656	0.057668403035719	6.99388445002457e-06	3.04838093290538e-05	5.2367105775013e-06	0.000153537650859626	6.65707059826457e-07
mix_24	0.00143851868438166	0.00924817357188121	0.465661231525241	0.180086274871529	0.0368014131102658	1.79305395812192e-06	0.0557472105189486	0.0511432447316142	2.5829365732056e-06	0.122203634404636	2.32040182337893e-06	3.93352152587308e-06	0.025089947518136	0.0140325433680316	3.38015722282904e-06	0.0136094091686152	0.00152748381119531	0.0223029024433751	0.000132467271364327	0.00092798186754221	1.46144240081206e-05	2.97836022717668e-07	1.86408021087988e-05
mix_25	0.0189952884713006	0.133751559589338	0.188661893178169	6.01209400239848e-06	0.000327108483535601	0.000258934857648458	0.215945256923387	0.120447074744887	1.33078995033535e-06	0.0747892834797435	5.10142952946857e-07	1.46923655605192e-06	0.000295711767975767	2.68161297174339e-06	2.23988223124799e-06	0.000599557937008537	0.0011946471665437	0.244709639292278	7.20996432882565e-07	3.07320726129893e-06	7.88602265419965e-07	1.25108466034376e-06	3.96645889924981e-06
mix_26	0.0494332198205984	0.0358266601080613	0.00717167159342833	0.117338658766142	0.218922944665237	0.000740609584416497	0.0225967181433411	0.133662476371749	3.85226079829434e-07	0.29956848812134	1.49838679565767e-06	1.14832641055539e-06	3.22732421517164e-06	1.49729216165919e-06	2.30956595537427e-07	0.000355752846824576	0.000818784301139862	0.113544238850643	7.71090796536344e-07	5.33392322766453e-06	6.32082783796764e-07	8.99858921754713e-07	4.15235909039816e-06
mix_27	0.0965750140064478	0.259077821574389	0.159552613535681	0.164217437633699	0.0149570746077899	0.000195934991313543	0.00746552537258203	0.000860311233308182	9.82086964884818e-07	0.0589901762078318	7.67883599615821e-07	9.56706387345644e-07	0.000119288368459447	3.95465212718867e-06	1.11771759082297e-05	0.202737411004345	1.82906366054026e-06	9.68097917061546e-06	0.0177376790249551	0.0174366326581552	4.46385122705234e-05	9.93375300522917e-07	2.09934565383271e-06
mix_28	0.0918712298640875	0.204910148011922	0.00201394493371609	7.81592992588341e-05	0.104489971375476	0.00223764563790157	0.0747694465372586	0.106517407960427	6.99759031813345e-07	0.187446548115695	6.41348279986534e-07	3.5565571024443e-07	1.0596132577208e-06	6.43786973513499e-07	4.56271404150607e-07	0.036082131151134	0.0575767587785899	0.131916308732163	5.01290789515746e-06	8.22232010484777e-07	5.23544909642746e-07	7.81146517443161e-05	1.96983115426079e-06
mix_29	0.0432563797386391	0.202181344782012	0.125476728610144	0.0960961094195681	0.0735202965351085	0.00288690076509078	0.131714354836344	0.0536970850249951	1.48580249784243e-06	0.154857714153622	2.95782638062232e-07	5.27449150335436e-07	0.0107352842860047	4.99808332027107e-06	5.83892002179078e-07	0.0291630968564514	0.000570966431812524	0.0690254764863095	0.00680067755623369	4.45739322170302e-06	1.2729002112794e-06	6.52423050539198e-07	3.31079157141386e-06
mix_30	0.145885692101455	0.171958481110758	0.131351023628989	0.0211309623527893	0.0580002243935725	0.00268579151448934	0.0740447049612279	0.0540437192509268	1.70327003115421e-06	0.180118865419322	1.66340002087806e-07	1.49894571089664e-06	0.00113606732648905	7.40213093565737e-08	5.41877915185803e-06	0.0573971509686191	0.00151098814792881	0.100686395680289	3.28049321461469e-05	2.94274499976934e-06	1.81401425576991e-06	7.23782789458586e-07	2.7863127479694e-06
mix_31	0.0765904686148862	0.166356008025808	0.163229797017441	4.21654790086627e-06	0.0377530291808238	3.651423961753e-06	0.088938756774626	0.141825288147669	2.68784315524246e-06	0.133122500024948	4.83220483128872e-07	3.16066192127576e-06	5.30498083140224e-05	6.06242524173881e-06	1.68693762264039e-06	0.0272448972987998	0.000301938923203721	0.164549596427067	3.86167759610836e-06	2.37921893044847e-06	1.2680086820134e-06	1.20743186181551e-06	4.00435905656266e-06
mix_32	0.155708374348148	0.140386943106815	0.0934947280910286	1.74920372251434e-05	0.0931743614733531	2.17272208429819e-05	0.0604357259498973	0.0663558816398019	2.98711409392262e-06	0.19109042808092	6.08875440992097e-07	1.50087894713209e-06	4.52223792080156e-06	6.83421410911434e-06	1.43408738833778e-06	0.0481968759816344	0.00534003655210398	0.139934041914627	0.00579939142093948	1.21121056906922e-05	6.30160591195199e-06	5.71378523360595e-08	7.63392530762214e-06
mix_33	0.151780849246946	0.162107360400486	0.154901862351697	0.00033673322939902	0.0596725526969291	8.95316885214106e-05	0.0596312642758917	0.0668555066583315	3.66275032111699e-06	0.126022030550606	1.44146639636277e-06	1.74839317367203e-06	0.00056933760533076	8.8676417207325e-05	1.58745657016404e-06	0.0869734201716162	0.000273413473766044	0.121175535240824	0.00943455436271934	7.05951916933911e-05	1.03514594995953e-06	1.49128804458656e-06	5.80993758036257e-06
mix_34	0.00383366513929508	0.0670981008587401	0.28571892150961	0.0375776040177365	0.116326556738659	0.0283369810670795	0.00322983889480611	0.133900080515861	1.7439429305974e-06	0.171205032621083	7.86391782862857e-07	1.85404842230136e-06	0.0330990592639165	0.00451228963435924	1.3578371816329e-06	6.36704449212895e-06	0.0495652935363508	0.055720364426413	0.0080233908873094	0.00182803951463048	3.6525450793887e-06	2.61440712693137e-07	8.75812354812737e-06
mix_35	0.0759707980483967	0.107208056449859	0.189719728603175	0.00826883188316451	0.116885061357326	2.92961118499971e-05	0.0238222802529507	0.101093379531306	2.21632856586174e-06	0.167497467868897	1.24882787782215e-06	3.53865374354601e-07	0.000696686639031115	1.5652448401812e-05	4.70832611047953e-06	0.0623235931160845	0.0633817542405019	0.0830224979232625	3.85976631625042e-05	3.74848269911822e-06	1.99131305754671e-06	1.16461206916343e-06	1.08861068757744e-05
mix_36	0.187220350965204	0.271157741031562	0.0423968225420007	0.00101208289918743	0.028477892739711	0.000714540572840579	0.0176953380675188	0.152067457292145	0.00122638424358831	0.0894877599616298	1.144525112689e-06	5.0472081724548e-07	0.0030082732924083	0.000207563035555604	5.30058954842867e-07	0.0898108992730243	0.00363927593163623	0.111685465647471	9.31920660177374e-05	2.12035545767036e-05	7.10842020297382e-07	7.30176915610441e-05	1.84904545538774e-06
mix_37	0.193567212087916	0.279959184638626	0.054140898674439	2.41202902062533e-06	0.0135247276791585	0.00222134791559274	0.0851536931274213	0.0699136519631303	0.000983471747438499	0.0662742276730292	3.83404446805933e-06	5.68370678808574e-07	0.00210312550736188	4.05017720698887e-06	6.05413292498829e-07	0.0692670769063624	0.0238327449918387	0.125837687748645	0.00110544878245844	4.43252511802146e-05	0.00622330858307316	0.00583630189839684	9.47892650405024e-08
mix_38	0.0930742564618504	0.107934509194876	0.0136223388162788	0.0729184875036941	0.117102696553912	0.0342574952111594	0.0696231597073033	0.131738103178662	8.78136657473539e-08	0.229905715577481	7.52835799151729e-07	5.87797990247975e-07	6.49710858583378e-06	1.73159445012636e-06	5.70127148130332e-07	0.00117732124560701	0.0141160757027318	0.114510212571951	6.48575327563387e-07	8.75472330785774e-07	6.73027443398518e-07	3.34663742332411e-06	3.85728432885236e-06
mix_39	0.164552562817681	0.172484391556496	0.0095763979297408	0.0834605630648433	0.108392331984961	0.110718120693078	0.0121254551024037	0.110983590001664	8.22994453896507e-07	0.111897365278564	5.92911182462873e-07	5.79246493629569e-07	1.56951984385423e-06	1.76777487238297e-06	6.67492507124304e-07	0.0956667687487878	0.000456629165992395	0.0191410868122366	0.000359377166430813	9.49830986865954e-06	3.08296109614965e-07	0.000166157854780703	3.39527700885306e-06
mix_40	0.130385552468004	0.205317074344153	0.127442105037266	7.63409003841731e-05	0.0317462439559132	0.109805936952717	0.0578818171429623	0.0864453986647123	0.000365940509877213	0.0485451983691104	1.65769761653147e-07	5.76778701572269e-06	0.00413621979523318	3.99077217448929e-06	7.93551102784978e-07	0.066804614057759	0.0408620945658772	0.086446201732185	0.00372448864435715	1.34403037488419e-06	8.52194213894154e-07	1.27433767903284e-06	5.84417166555961e-07
mix_41	0.0368609946953585	0.0912946615007838	0.229635457073661	0.108373012332398	0.0978579466681634	1.14448326158251e-05	0.0835307025609413	0.0406232899452385	1.19793444787999e-06	0.208832388996359	4.31070225522853e-07	1.26671662957905e-06	0.0266714942487046	7.47326054316744e-05	3.68776591943428e-07	0.0263058302754292	0.000844383300192281	0.0490590132129201	6.84681253504722e-06	3.97894983324076e-06	2.14694854652706e-06	4.06988091628255e-07	8.00355490047441e-06
mix_42	0.152774174406771	0.252582129900442	0.000304134208596356	0.00779495611910254	0.0391237718165239	0.0226803972784374	0.0845368591507547	0.0292228286813193	0.00522746737513363	0.179151657704549	2.28493429132007e-06	1.33982468165977e-06	0.000276545422157016	0.00017146885580667	1.73168417509649e-06	0.0990984819143248	0.00711182573476802	0.110686780984698	0.00141494360824407	0.000582347128674401	0.000175488153321449	0.00707828892770763	9.61855193190339e-08
mix_43	0.00313143284128089	0.0632851739224286	0.0886661808689869	0.103197518056003	0.168654377287419	9.23415940763873e-05	0.00607360570553719	0.150313378304215	1.70893315977203e-06	0.287513672744563	3.54254331620411e-07	6.00191089536064e-07	3.36079564823099e-06	6.54881089635981e-05	2.95087788356727e-07	3.40441872434978e-06	0.039288172903531	0.0896929361255113	4.38632468083319e-06	3.60399806992226e-06	9.7203486886776e-07	1.34586627316209e-06	5.68963284850748e-06
mix_44	0.049191921341037	0.0987062173863093	0.0654132508110657	0.00465475916380888	0.154442003016102	0.000755995658346316	0.0906027516475038	0.149328413722008	4.29883843171952e-07	0.163480882415621	7.04913981490516e-07	1.1778170421625e-07	1.45723179687745e-05	2.59337703430038e-06	9.39577062055595e-08	0.0032183875699356	0.0338935062004959	0.115874890702056	0.0704099230316364	3.78260093671015e-06	3.34565065664459e-07	6.18309748206404e-07	3.84962608621895e-06
mix_45	0.0342616646745073	0.0397151210071079	0.170754566462029	1.56432736690245e-06	8.0983352738856e-05	2.39316310124979e-06	0.223103389952212	0.216684530266323	0.00106929596332445	0.0623220402416263	5.26561114717231e-07	1.43107722688886e-06	8.13030995956769e-05	2.89156130874281e-06	2.1812862307609e-06	1.07628878215817e-06	0.00605919006113425	0.245840194761039	1.91049442642299e-06	2.74153827932687e-06	8.81382017784392e-07	9.36483173847566e-07	9.18599533268861e-06
mix_46	0.0696825317218645	0.192828369642328	0.0311327393837396	0.0347638219204325	0.104817908010521	2.7986433464829e-05	0.0973710030221554	0.0637786419465199	9.63177841752934e-07	0.234720958095374	1.20421250404413e-06	7.458703068613e-07	4.15611600582707e-06	1.63440065607041e-06	2.89429984889769e-07	0.053068192571232	0.00920761708610512	0.107822857387155	1.25861193160489e-06	1.95627501670934e-06	1.15885186707316e-09	0.000761051726564544	4.11179944349645e-06
mix_47	0.129173781904716	0.228882138718908	0.14614313542621	0.000189856686359421	0.00787423357586166	0.000784127255024195	0.172198807554308	0.00529120310437508	9.04308703575765e-08	0.084447227846964	5.83424556860631e-07	4.4017117161853e-07	0.00826914531013855	0.00139884030219251	1.28356296417323e-05	0.0915705798610837	0.00980086728506666	0.109642487718345	0.00430465345726465	9.64254552959167e-06	1.43614033064571e-06	9.71260604404818e-07	2.91439047793532e-06
mix_48	0.148252881193131	0.271996208252641	0.182387463420156	0.154083263306941	0.0633320444737171	3.28257949032846e-05	6.77945825191714e-06	0.00111827320248268	1.40047137524288e-06	0.015257260361615	3.22395786704698e-07	1.52942401321883e-06	0.00291117657379556	6.91224609163884e-05	8.24331022563401e-07	0.145237127768575	0.0010846103275599	4.50504299639035e-06	0.014203095120488	9.82730568069227e-06	3.2125721857064e-06	6.06058165090567e-07	5.6406836007531e-06
mix_49	0.11443182962454	0.220860055346269	0.144615051637351	0.0454299837979485	0.0737232319624775	0.0028993693064886	0.00378714581022414	0.0107779569448886	1.32511679727654e-06	0.150590931684781	1.74113429053737e-06	1.1756561724849e-06	0.0105485214234565	0.000509201873450121	8.34081456219827e-07	0.114442922990341	1.26405804878532e-05	0.0499410924876087	0.0560176162652486	0.000157484550813661	0.001245467955463	9.97718077192964e-07	3.42205136713704e-06
mix_50	0.192292691937455	0.220411205246307	0.0268166013076583	6.77363481443303e-07	0.00142205045401001	0.00556764241250204	0.185615110942128	0.095380904954772	2.28411200585755e-05	0.0465915403912635	5.23259140483028e-06	2.938669426845e-07	4.13760499325887e-06	1.1993024987025e-06	7.96467076036805e-07	0.0755366084454678	0.00580064511480206	0.144227691967006	0.000102050458598767	2.10733054820625e-07	4.43857836794409e-07	0.000198427014135731	9.96446547345815e-07
mix_51	0.0579741050893766	0.337170992986589	0.155070812544067	0.0546075153411405	0.0837108607570553	0.0234369470802813	0.00681354776352597	0.0198835711752694	2.04148560391575e-06	0.0302433898428012	1.01943727813051e-07	1.42766295761586e-06	0.00454684010863676	0.00119721289127515	2.86767834396048e-06	0.102148294936745	0.0184228042620099	0.0107292094686228	0.0863726779922221	0.00765946547531046	2.77486398195897e-06	5.86131673081962e-07	1.95251878290941e-06
mix_52	0.180049911336755	0.276911589081802	0.00633069280472798	0.00093426472681858	0.0772384121465461	0.0116852916797991	0.0705700257897832	0.080790696304231	1.10528731586335e-06	0.0992149941876934	3.94635416900435e-06	2.8390722507236e-06	6.94556658432727e-07	1.25218473270455e-06	3.99075002681676e-07	0.0986971764253156	0.00163132358100066	0.0166679347653755	0.0791525316379522	0.00011174254179603	3.86079543106002e-07	1.48518248698998e-06	1.30519824397045e-06
mix_53	0.153616071985065	0.241260408615552	0.160687659007718	0.0621172791935303	0.0629349437494723	0.000134444780688315	0.0130395478293382	0.00735480194525336	0.00072616734138677	0.121414299500001	4.8605674209184e-07	8.602743576578e-06	0.00113064666094552	1.73064209515438e-05	3.40137603154905e-05	0.110362184873851	0.00104941416331788	0.051991764078292	0.0118157993285991	0.000277340683943132	2.57197435991504e-05	3.93642411084839e-07	7.03895450131487e-07
mix_54	0.181183919636099	0.274823767706822	0.00701583016979708	5.27441690389916e-06	0.0223324054300925	0.00269849561016731	0.0929533465241933	0.0482642379075685	0.000931499744237506	0.161375985453899	4.81194439024131e-06	5.02980739867662e-07	2.87840960521553e-06	7.11747677505285e-07	1.44585859313093e-07	0.0932079529868312	8.70116948558554e-05	0.114802599407364	7.68600747979324e-06	4.68081024141104e-07	9.3430163073323e-07	0.000297045262101807	2.4899906603831e-06
mix_55	0.165284160955502	0.123518990217465	0.0962775493999824	0.0576866652492921	0.0184359707749963	0.141189104583838	0.0376141130687681	0.0586969010206984	5.0839975023069e-06	0.0179180222509588	5.65544614925211e-07	6.99660999011798e-07	0.0512611277273514	0.0195475945599952	7.64626936545506e-07	0.0937411241827582	0.0217342544737421	0.0134278925439063	0.0657336138050186	0.017922701913587	7.17514473731915e-07	4.58205622808344e-07	1.92372199071928e-06
mix_56	0.0768866116119634	0.194657713500515	0.0931303516974825	6.14779884327235e-07	3.50680920296895e-06	0.0320124382540169	0.135221912936407	0.128728211816623	0.00271835704175779	0.0693589265769166	2.86582943353099e-07	9.04619759044085e-07	0.000122267185986253	2.14099475635166e-06	6.50820738789265e-07	0.0315210190830455	0.0181812570361959	0.216806591406068	7.56224127281248e-07	9.2696776912786e-06	4.33109755664286e-07	0.000633558131020334	2.22010314262792e-06
mix_57	0.0066607185699475	0.0436710725268439	0.20062786017427	0.0467882789701134	0.120379258822633	0.00114283068037261	0.0264655896228664	0.15988544626542	2.66189520060288e-06	0.243229103375421	5.64960494165214e-07	3.87078857817178e-06	0.00275984777452093	9.88804538513398e-06	2.05649664247647e-06	1.2104462590261e-05	0.0259516531858224	0.122213599162353	0.000167890378099844	1.25326231882361e-05	3.67413962728839e-06	9.78301574059628e-07	8.51877803620055e-06
mix_58	0.117833419058227	0.174257530257388	0.0615783122481364	0.0656749884017693	0.120105572970328	0.00293106693642159	0.0709508398750676	0.0661843510194531	3.64835455816291e-07	0.150994093158529	3.99106423997285e-07	2.12426194458226e-07	2.8084757659421e-06	1.25343507461056e-06	1.46412899159385e-07	0.045546218065901	0.00366599792459557	0.119064775203855	0.0012007537514336	3.36866852915758e-06	3.56181919480866e-07	1.53251166785053e-06	1.63907496390774e-06
mix_59	0.00689663071156157	0.0517406407259383	0.239171456735786	0.0723208403604241	0.0930281091867178	6.82508428418173e-06	1.55758038991273e-05	0.105712124437505	2.28921908621427e-06	0.331343386057679	3.52464895343096e-07	1.80158336773699e-06	0.00977710616029323	0.000134232359714509	3.17144242468993e-07	0.000514376781031111	0.00497735564549547	0.0843243050404743	9.13654500059963e-07	9.17086549621495e-06	2.39303409427954e-06	6.18402559392974e-07	1.91785409541787e-05
mix_60	0.267142884029073	0.217532484562313	0.0916460122113376	1.02443746245848e-06	0.0090485143647495	0.00110868602646225	0.0462739681716067	0.138264468659884	5.72018656561617e-06	0.023818930096543	7.16846677084214e-07	5.96839864734198e-07	4.03534270549517e-07	1.69508017768724e-05	1.78706435460908e-06	0.115263570367552	0.0298768185697172	0.0599342603186674	1.34086285368411e-06	5.69984881987454e-05	1.01279716015507e-07	1.5301888510742e-06	2.232091502891e-06
mix_61	0.107424674567286	0.284955339149848	0.000830475148645014	1.04844138056926e-06	0.000660985829921733	0.0011503463399663	0.180323296893679	0.0634555277547693	6.4366707486418e-05	0.110583020790403	2.66593348804485e-05	4.50329410142819e-06	2.29383501652581e-05	3.42720787030639e-05	0.000155499205895479	0.0563564826518109	0.00537831940859568	0.1883260663715	4.14390944672245e-05	3.70918816386964e-05	2.3440241474548e-05	0.000144160069209183	4.6394173454505e-08
mix_62	0.108749651199127	0.204306453382516	0.0110757404397535	0.000989708205339377	0.12342376305363	0.00470899815109582	0.0775629054209346	0.0921408950573715	8.30974157188729e-07	0.136096438175301	4.20021991248793e-07	5.74092296849703e-07	7.93456334366963e-07	1.30700707815399e-06	1.83054582012608e-07	0.0549719847680695	0.0508692347190088	0.118623645207303	7.07395438313146e-05	1.35807576118296e-06	1.37126667350351e-06	0.0164018952024508	1.10952539253804e-06
mix_63	0.000918968113916381	0.122385073629724	0.193781803803297	0.0768485592446027	0.0253686734977482	0.076367394446806	0.0858301570370975	0.0861556801717102	4.69404665994865e-06	0.144428185218576	9.7571703707187e-07	7.10219910450691e-05	0.0275761189702613	0.000378969228788084	0.000147293086648958	1.31139447841118e-05	0.0395125657478364	0.120131302560638	5.20384165876447e-05	1.74153024906564e-05	1.19500160951498e-06	1.96180735085138e-07	8.6046413996501e-06
mix_64	0.222632047239058	0.103787992165523	0.118613851817366	0.000133752710526214	0.00023298380438215	0.118734940143169	0.0910876629085854	0.0345408923818122	0.000112899005901235	0.0643566813558433	4.22314443400609e-05	7.20898186244861e-05	0.0157924535704306	0.000661701028012964	0.00175979111682656	0.0996520272448963	0.0416599359158249	0.0704530119326541	0.000637696231236465	0.00927382328140929	3.84280458222745e-05	0.00571897886911267	4.12796864263474e-06
mix_65	0.115777860797078	0.112311140666146	0.0728146819330117	0.152034635961213	0.152590354815957	0.00155825047320171	0.0465407874991697	0.0349711683894604	1.98478214588371e-06	0.207185615185954	1.58145404511281e-06	1.25652003990406e-06	0.000650770511212395	5.84480953361893e-06	6.33193045936998e-07	0.043555652955515	0.00203584110394626	0.0275631894073276	0.030364545147224	7.95297313815944e-06	2.70395781600295e-06	1.01382561090967e-05	1.34092077086657e-05
mix_66	0.138379935683842	0.218677329625566	0.158637566938086	0.0783255141194379	0.0944231193479565	0.0430851350575259	0.00668545489165666	0.00943686108383968	2.23320440945482e-06	0.0715648936884214	9.43013960386637e-07	1.14569998858662e-06	0.00667298231709428	0.00021474697077155	1.32541559480493e-06	0.121840755883937	3.38290882007332e-06	0.00646765949910068	0.045542222386919	3.10706325432423e-05	2.3083911266228e-06	6.82265062930281e-07	2.73097433931215e-06
mix_67	0.182731035169139	0.179625022086672	0.00418172914170261	0.0728415559914865	0.0974455165471888	0.0382614700165579	0.04104663641754	0.0931649270687625	0.000244603970934243	0.112653206071182	0.00026041808570687	0.000213812612919502	0.00102982254722599	0.000748017306795101	0.000336825599585324	0.102396205758598	0.022848638160999	0.0416050774276397	0.00781717130511923	0.00021240490690717	0.000226066406743526	8.0740426482691e-05	2.90969741119383e-05
mix_68	0.0560129251626386	0.0942203944038912	0.0372993078823818	0.124942751215112	0.154252302399476	0.000656471429866946	0.0680266251952718	0.02558478349131	1.30266898860651e-06	0.312346189307407	6.01061099654993e-07	6.35078067957141e-07	0.00011085120128619	5.63738445532199e-06	3.06000602416108e-07	0.00769087028912513	0.00422586103410552	0.113105806974134	1.00640877739219e-06	9.31913522553122e-07	6.77522731665912e-07	0.00150308340851317	1.06785672353509e-05
mix_69	0.23541500224655	0.193382513786925	0.166348154207603	3.11753171560558e-06	0.000413431300156149	0.0319758433908754	0.0456565097243548	0.158921795711157	0.0164000997152438	0.0295917973152416	1.25295370640569e-06	1.64665127004298e-06	0.00889028963414547	0.00477490780400429	8.75200642441576e-07	0.0464016193763563	0.0285913713259094	0.0306660842588607	0.00255339206586394	2.80042116931996e-06	1.43032616587992e-06	1.66657815889806e-06	4.39847392465757e-06
mix_70	0.0859402242869232	0.307564426277564	0.0564420938687748	0.177628887362885	0.136326370809308	0.00289449194583119	0.0178488483236345	2.75507591922738e-06	4.53696485208912e-07	0.00338525115168725	9.74062098336826e-07	1.27083049210682e-06	1.05631105392679e-05	3.7498849773977e-06	4.33379855368825e-07	0.163891947758453	1.12415293041739e-06	0.000133154445808276	0.0479154230821235	3.25429669540441e-06	7.36219161582887e-07	1.10472774386061e-06	2.46125010945491e-06
mix_71	0.211587258267767	0.325458774129726	0.213507581777164	3.30139144832648e-05	3.64243272402431e-05	1.35476511052406e-05	0.0170398479713113	0.0196135392890976	0.000169285252559199	0.0205071134599714	8.94785346699953e-07	2.57527637053453e-07	0.00277388448732494	0.000481706180057801	9.76735033466934e-05	0.15648990233432	0.00625773192873985	0.0257800432758485	0.000139727454497693	4.25965693317033e-06	4.04205643595231e-06	8.92728143119638e-07	2.598040943629e-06
mix_72	0.218559767093803	0.306311069514874	0.0126246204647153	0.000198321457421141	0.0205804198528927	0.0557436804709384	0.0513298418017957	0.0508490716949976	0.00502086567119051	0.0132717356423611	2.15690714210536e-05	1.10651847513301e-05	0.0143886191919911	1.53577526539222e-05	1.84020933873687e-05	0.151685947469257	0.0503454842177824	0.0388866840667919	0.00202885019009667	1.90709575479651e-05	0.00695008183713558	0.00113600307601609	3.47122617781275e-06
mix_73	0.133629822958452	0.200777334235159	0.030661833634582	0.0316534598907279	0.123188312788432	0.138431964543086	4.22518255693555e-06	1.30503976603524e-05	1.93188540486344e-06	0.1485456518807	8.06552533101994e-07	1.90976145763127e-07	0.000717453374630022	2.12806829031316e-06	1.75130499974202e-07	0.130305608488189	4.03648259043854e-05	0.00690513831076236	0.055086034327771	3.05807958936891e-05	2.33562560241806e-06	7.54118986411598e-08	1.52071511790898e-06
mix_74	0.0811462832641286	0.326438185583117	0.0942630845710625	0.0170961384979949	0.0284612948661314	0.00430816772572268	0.0753705190148332	0.0520434240700268	0.000457709383660415	0.116429652392145	2.88024617589165e-05	5.71209328328498e-05	0.000554938846697346	0.00243073022913452	0.000839422030971701	0.0884598645167388	0.00302331718208388	0.0892040070244164	0.0183940887669529	0.000509002782459097	0.000183275053052234	0.000299144993583894	1.82581049418971e-06
mix_75	0.210780227254268	0.163624255247173	0.198431921332773	0.0777677895883147	0.044897987928803	0.031989352588342	0.00554289784180848	0.017586403112446	1.2344665919878e-05	0.0742709167302344	7.0864290965261e-07	3.85265802900878e-06	0.00742316080666928	4.55997787508337e-05	2.40333929623261e-05	0.112376783164009	0.0001509490363847	0.0501845277049404	0.00423086733225788	0.000638722698200962	1.02980624298825e-05	4.38977495597113e-06	2.01065741667967e-06
mix_76	0.0502756252652308	0.12123711514688	0.0630508216803479	0.155506199302571	0.0763552460450518	0.00771792821224227	0.0405319130865567	0.115017639011815	3.6236926552482e-07	0.220418961216808	1.04855396647643e-06	7.86926084558195e-07	4.47257233719568e-06	4.16362206828115e-06	6.48186752833682e-07	0.00343502732630234	0.051426192278672	0.0950007210626951	1.58386103159938e-06	3.21083275972597e-06	1.05012991579242e-06	5.44015581615017e-06	3.843154829667e-06
mix_77	0.104256032530286	0.0879280032440577	0.00947049267437541	6.26415725019382e-06	0.121901705008712	0.0157589473920566	0.149583780524793	0.100623234280506	1.42758115998831e-06	0.163536082527792	1.9027267351118e-06	6.04083289671104e-07	1.25263135741902e-07	1.59443182434167e-06	4.15853388462054e-07	0.0101485789075254	0.0608103411388273	0.174261290605534	0.00169581302983386	1.36815149145909e-06	1.39793194967966e-06	5.9554890638543e-06	4.6424664126094e-06
mix_78	0.11564729437458	0.19857100361813	0.164595318993811	0.0555649099916223	0.0722861403496428	0.0344523497031656	0.00586054944031033	0.0793478240347197	4.64105461745564e-06	0.154420293209235	2.21446342793102e-07	7.53056356416154e-07	0.00159858368114164	5.53042692991033e-06	7.35080676077077e-07	0.0774640748461149	0.00624166727741777	0.0310634967747122	0.00285892113790471	7.04311047624537e-06	6.10161332077365e-06	6.09542679407795e-07	1.93723609395833e-06
mix_79	0.0185356805892168	0.124492292104134	0.273364621168323	0.00843063181439924	0.0132759239304859	2.56058192290953e-05	0.114467326211846	0.0635050633741936	8.46895346273702e-05	0.239979217649796	6.29703106268272e-07	8.68465134991446e-06	0.00623932445896936	0.00148154937885391	4.18029054400912e-06	0.0100511135043386	0.00511260963745686	0.120872814615938	3.82804866808514e-06	4.02587608945427e-05	3.6842208821242e-08	1.19921757442234e-06	2.27186938463345e-05
mix_80	0.199144623071984	0.258972867173318	0.0666462072933631	6.17982762161423e-08	4.21478738053276e-05	0.000683265151628028	0.143018904731351	0.0614352036671313	0.000403430081038793	0.078037975411944	7.10252716051324e-07	6.66951976314248e-07	0.000875504392212954	3.98167582311645e-06	1.12390361045752e-06	0.0926303186860722	0.0161383654924035	0.0814614296472534	0.000499667131811417	8.82068428480315e-07	7.00122714899702e-07	1.06611148526748e-06	8.97309651723129e-07
mix_81	0.115643214264266	0.171005864624355	0.0723764723767136	7.64037909014032e-07	1.44402297799348e-06	0.013652375585874	0.136155987229759	0.146568263017562	2.75844528359745e-06	0.0804216214954967	3.18181290131476e-07	1.08566122656101e-06	0.000164077189842042	2.34874309366213e-05	4.67099970916976e-05	0.02148728213402	0.00979059465908685	0.232601307498238	1.2665237967959e-06	3.31979227108082e-06	1.26753350393957e-06	4.73792364015543e-05	3.13906209739017e-06
mix_82	0.117660504354386	0.224362872947563	0.144459266398524	5.25352173194297e-06	0.0242250034167631	0.00530835662473574	0.0737321516214661	0.0221775080439739	0.0113195592069849	0.199048936086891	1.69528765681187e-06	1.10086034867042e-06	0.000680736850206953	3.53466995810258e-05	7.16131713211936e-07	0.124748935210407	0.000867118826642683	0.0474727030261496	0.00183294698785231	1.65968250901618e-06	0.00205415858471374	4.98233660540548e-07	2.97139553884198e-06
mix_83	0.122690967583651	0.226528010275415	0.195570717711742	0.0496700321503297	0.0446636101924342	0.0157937344118689	0.0270897644715268	0.083324680856055	2.70329264061778e-06	0.110632805174154	2.55279266394769e-07	0.00385472403170371	0.0108257693036016	0.00136409683903757	7.58944377615389e-06	0.066274672873866	0.0075852818204733	0.0209785525058121	0.0129046336084509	0.000218912296788148	1.39419989770686e-05	1.75948584954184e-06	2.7843925814345e-06
mix_84	0.0959515412309703	0.0963801984787275	0.0312650154199513	0.000762902992174685	0.00490610399939898	0.153125737250874	0.0732597187445619	0.0693874719130111	0.0142057943892544	0.0741085082595798	0.00251157963091325	0.00110530028345659	0.0723218684439627	0.00793862751642025	0.00132156118936727	0.0763373680298568	0.0666884110672613	0.0700186818164972	0.00213394103601553	0.00769422443953896	0.00167377190137492	0.076693154993823	0.00020851697300787
mix_85	0.102056075889533	0.179746293318641	0.090176886795972	2.85846285604335e-06	0.00707113702614556	0.0117739990651947	0.125759678914705	0.130808834807761	4.49304680874949e-06	0.102530144080285	8.31732644365882e-07	8.7501897355396e-07	0.00763009234608327	2.113734004155e-05	1.69884946885881e-06	0.0360438408243633	0.0550658035414585	0.151296667913816	3.08273034293426e-06	2.83152191441393e-06	7.03708280807947e-07	1.72348114170443e-06	3.09583568968774e-07
