B.cells.naive	B.cells.memory	Monocytes	NK.cells.resting	NK.cells.activated	Neutrophils	T.cells.CD4.naive	T.cells.CD4.memory.resting	T.cells.CD4.memory.activated	T.cells.CD8	Macrophages.M0	Macrophages.M1	Macrophages.M2	Mast.cells.resting	Mast.cells.activated	Plasma.cells	T.cells.follicular.helper	T.cells.regulatory..Tregs.	T.cells.gamma.delta	Dendritic.cells.resting	Dendritic.cells.activated	Eosinophils	otherCells
S10001	0.0307105824227545	0.0121479350026501	0.00465727889787827	0.0292540951293893	3.40480451274989e-08	0.195836110960043	2.04303414067078e-05	2.25110128720563e-05	0.0113603413379631	0.0353499318753192	9.64550388588811e-06	0.00971816910557502	0.0339692626660588	0.0233440954516392	4.8231263040038e-06	0.0328722839242825	0.0305589514350829	0.0148714439947434	1.75579211404085e-06	0.0174464528643083	0.028728455040612	0.0178646128243695	0.471250797242703
S10006	0.0291719887074696	0.0156885539807174	0.00456275928133424	0.0298180070021787	4.63984164795541e-07	0.194287176772409	5.02512425931473e-06	3.17652711149525e-05	0.0160606294441226	0.0400126211535299	1.71304525052236e-05	0.00976142568174111	0.0334273419105831	0.0250735853396616	2.41323066833753e-06	0.0337973660624779	0.0279533635607467	0.00711164307712152	1.24698407169435e-06	0.0183148320554621	0.0289475136751331	0.0160543928281956	0.469898754420332
S1001	0.0264445480925184	0.015599982407976	0.00502052264187586	0.0326622066897146	1.59819174222914e-06	0.185050728467085	7.25980833924958e-06	0.000258206968977224	0.0147269249684992	0.0434901575172442	1.37246868345613e-06	0.00964339680399556	0.0347195900770027	0.0252969456283899	5.25114823484709e-08	0.0339999733576198	0.0266981185070222	0.00853895082282275	2.22579849975988e-05	0.0193506785477286	0.0289059414846215	0.0188307140407683	0.470729872010894
S10010	0.0338532014059781	0.00410757651534197	0.00541231235260667	0.0316813211258696	8.69413524892028e-09	0.205409254342092	1.84829334024408e-05	0.00026571226360523	0.0144540826046514	0.0410965608822866	0.000291488074703434	0.00986685025295279	0.0355928824054613	0.0232828347068616	2.81419432013562e-06	0.0331752271927219	0.0268490525395868	0.00984533922608731	5.63179988441329e-06	0.018556661945555	0.026283748423724	0.0171654276220443	0.462783528496128
S10011	0.0376028090662619	0.00391553834212555	0.00558359409301968	0.0286663719288999	1.44952598358338e-06	0.1903616746848	2.2009986195071e-07	5.47644252694305e-05	0.0144408631462956	0.0414856625279309	0.000359305051417452	0.00949022672354322	0.0337868141608535	0.0234817132095807	5.44903676057461e-06	0.0343706376301432	0.0294567823202036	0.0138078340418743	1.20430781570031e-05	0.0182087175010122	0.0287908614773382	0.0153226277398173	0.47079404018885
S10014	0.0299149630449143	0.0111775053503126	0.00508584876758942	0.0342334203729548	1.51774533261716e-06	0.183327904086484	1.99055674297433e-06	8.9266511048873e-06	0.0147017793204685	0.039616995423342	8.12726291475417e-06	0.0119264687150234	0.0336450259603757	0.0264362253370367	2.22448751928914e-06	0.0330314928990459	0.0297741859635836	0.00690510558803416	1.90185729230883e-06	0.0209694923623979	0.0269261460936124	0.0205456649695339	0.471757087184384
S10026	0.0278910309438423	0.0142685750876322	0.0050271656118106	0.0337955004296209	1.31732137934347e-06	0.198832009367963	1.22413904706435e-06	0.0133966611846534	0.0140327547211832	0.0281367704221943	1.08336278705419e-05	0.00818211964015071	0.0350725325545106	0.0241376191431246	1.78469951015441e-06	0.0334057699446828	0.0262021212879207	0.00802129131508593	5.30256949685015e-07	0.0187831633838769	0.0294922301116878	0.0172047230911755	0.464102271714128
S10032	0.041522799849957	0.00206492280557417	0.006081574036264	0.0331107057776363	5.61949327903581e-07	0.186704284508568	1.4056620804131e-05	0.00632043270380701	0.0146952539157221	0.0331994827325928	2.66894811714117e-05	0.0124268296336642	0.0355425677267195	0.0247100486363669	8.78272085815978e-08	0.0349462121099734	0.025157025577196	0.0109089531456158	6.72012022317198e-06	0.0186352871105656	0.0278585422849435	0.0153937118449087	0.470673249601189
S10036	0.0347881420269372	0.00453012859732669	0.0041010749720011	0.0303775499002365	3.69455449695094e-08	0.196301730205412	1.72664987361362e-06	0.00585118398672143	0.0135815628307932	0.0350267800886051	1.72481343683422e-06	0.0109651293721139	0.0353999781427002	0.0256767926089704	1.15059654369019e-06	0.0332055624001279	0.0270889726770484	0.00925627144017298	7.79718810498853e-07	0.0187970125046569	0.0274045713744805	0.0201088013859726	0.467533336761514
S10042	0.0391864177622669	0.00254510583138293	0.00526086915143161	0.0353137165189227	5.72468610757904e-07	0.191892519740016	1.03230655067977e-05	0.00749764619329288	0.0120955324261277	0.0344249908395979	9.51537701590582e-06	0.0115810833462125	0.0330542239459347	0.0283980392625529	4.25506342482637e-06	0.034335062632174	0.0282440128460333	0.00824511260716119	1.14672957598097e-05	0.0186710539465424	0.0274929109218794	0.0181623334300673	0.463563235328086
S10044	0.0295945346811143	0.0120319459371112	0.00494148114870583	0.0306086035684488	2.76354113543168e-08	0.195706554551807	9.70318811253692e-07	0.00358689372059037	0.0147076760396534	0.0396448292729485	1.30678609074775e-06	0.00971223562021114	0.0340072912531742	0.0254566531533468	1.55962793390918e-06	0.034995590215846	0.02693912552483	0.00868236598417063	6.40035386305545e-06	0.017799645640414	0.0268629369885209	0.0192824979592172	0.46542887401778
S10049	0.0330401502687316	0.0105283655731192	0.00431949574276227	0.0300744237683113	2.53121050432442e-06	0.1956690021509	9.64318303804581e-07	0.00618480102275394	0.0146038230519924	0.0391870152852002	3.3881262627399e-06	0.00903992922098656	0.034579139197335	0.0248346973693113	2.31557530389345e-06	0.0339296358403114	0.0272419206318095	0.00654267129306198	4.53522733782255e-07	0.0174251606462868	0.0282609374713322	0.0189753699420038	0.465553808770682
S10057	0.0278101379508045	0.0133803730956389	0.00419446354980575	0.0334388657364882	1.57642021516195e-06	0.180450556118403	2.10803981972572e-06	7.01779838706004e-06	0.0157339081976296	0.0436704715465107	2.13500938071748e-05	0.0130724063932611	0.0339263015264422	0.0250652035105618	5.39616772838868e-07	0.0338876795636189	0.0268579499468883	0.00957026324547496	7.99542384130752e-06	0.0197782653749398	0.0266682370292898	0.0160478279842179	0.476406501837182
S10062	0.0306104071860056	0.0109368230922761	0.0055135406979084	0.0269537280076421	4.37851061656835e-07	0.196091156359238	4.27928701592616e-06	0.000327452668713756	0.0148340911571859	0.0449465599082327	2.85056410627339e-05	0.0114917692344014	0.0346626321960992	0.0251616932784261	8.32617102202808e-07	0.0332213066127942	0.0240165167823199	0.0129688137264068	5.79510601153194e-06	0.0192611885998616	0.0257761176146059	0.0156486073410897	0.467537745034538
S10066	0.027908561479894	0.0105212474317832	0.0054726436499868	0.028612554986008	1.22073747151429e-07	0.201905489891136	7.10144125916247e-06	0.00210434096311497	0.0123726915925638	0.0363698359034671	8.22668875067323e-05	0.0109501934186409	0.0340181740374295	0.0254747417110355	6.53287383339894e-07	0.0326921851182991	0.0253045509787127	0.0162105321817549	2.32791474678371e-06	0.0180398142394413	0.0289780660046322	0.0180199307259649	0.464951974081492
S10067	0.0326956646346295	0.00974739443682482	0.00507656106953677	0.0311680864432848	4.57028850399102e-07	0.186950249173178	3.94929604107796e-06	0.000176396114717348	0.0157691976442688	0.0469538030478336	2.61824406204039e-06	0.00925441137465913	0.0339456238016531	0.0233074052696186	3.71357107143965e-08	0.0336752923042453	0.0263019270324024	0.0102238607854455	4.35805923660421e-07	0.0178694827434794	0.0288172670332295	0.0184265165319452	0.46963336304846
S1007	0.0367030390240446	0.00619959864109606	0.0045065991640942	0.0321762802328756	7.85057782198494e-07	0.188740899870744	1.31357095796537e-05	0.000344321485652175	0.0130632669479279	0.0363081780478009	8.72413970398313e-07	0.0112790954991937	0.0349311822239573	0.0250510916106161	6.37484575887478e-06	0.0338983038776416	0.0287792756381193	0.0120098435988526	2.77104135886755e-05	0.0200042920461439	0.0261621191352907	0.0179238636940587	0.47186987082121
S10073	0.0329496291312227	0.00738726147283067	0.00420155515362454	0.0298415489433207	1.1032563601689e-06	0.19529548857062	1.53299626565009e-06	0.000287752352930644	0.014902094631351	0.047181964496569	2.94330929156233e-05	0.0117456367927661	0.0348565463141813	0.0241019552270165	4.3279126363996e-06	0.0341580107211093	0.029752358074288	0.00945581247402858	4.34056713836507e-05	0.0181533652709711	0.025851929929283	0.0179591931767955	0.46183809433753
S10077	0.0405878229421612	0.00346328661114365	0.0050560412813231	0.0311593219704968	1.11967749909603e-06	0.185239671784131	3.04264869673007e-06	5.29603973510185e-05	0.0135580951932461	0.0394781015523719	7.52938470848172e-06	0.0113559734173703	0.0366727153931869	0.0227645081018603	6.01144454433894e-07	0.0340505663065491	0.0276470857986784	0.0134938989273993	2.466208363174e-06	0.0172313332944948	0.02670803421568	0.0194961480896798	0.471969675659154
S10080	0.0416374370494025	0.0010609028814195	0.00492436564507553	0.034129414814108	3.06447519057677e-06	0.193348882266727	1.41739184013454e-05	2.22372050741193e-06	0.0144058497602751	0.0416825825698772	1.39203375571527e-05	0.010284500368594	0.0347721705786958	0.0236042948529156	7.57968778314064e-06	0.0344785861565688	0.0274429491449099	0.0100285165402534	2.52828677669774e-06	0.0185549499205906	0.0261812424180439	0.0185916103682784	0.464828254238049
S10082	0.0318006021489988	0.011377538051324	0.00474848181147541	0.0262879447603646	7.64032907838955e-07	0.197079285985734	2.43979693831389e-05	0.000599383696427332	0.0154449000152828	0.0448412000549992	3.8667929424034e-06	0.0114881423707773	0.0355966549343144	0.0234444171233944	3.94173414224903e-07	0.0344155977463442	0.0296424204432142	0.00842010269840277	5.26322610738006e-06	0.0177284158202127	0.028004553807113	0.0155620865921422	0.463483585744724
S10087	0.0394836868724668	0.00486854448233911	0.00580001029354923	0.0307231358353893	5.10321110462392e-07	0.186355882207473	5.31369373659655e-06	0.00908847527070282	0.0148424108520538	0.0356809860472801	9.17194062092974e-06	0.0108373349254187	0.03422328352887	0.0248388585093128	4.96150569937363e-06	0.0351455424826219	0.0253844997764134	0.0102149477595523	2.12620543924505e-05	0.0196037026848383	0.0266523969339002	0.01608097526443	0.470134106757828
S10089	0.0328989359380827	0.00859007923489286	0.00429728263292815	0.0323164002433312	7.02824316991774e-07	0.199937088712058	1.66176856195115e-05	0.0003451567795136	0.0108878670385666	0.0356768413402151	3.45724533804281e-05	0.011227790619415	0.0344229226828144	0.0236827242803491	2.36416883005835e-07	0.0326889023726665	0.0288659592182713	0.0134182440127689	5.84039987265916e-06	0.0183334941276274	0.0267592257609688	0.0177356284683985	0.467857486757059
S1009	0.0408568174720675	0.00436489623011611	0.00453690497546749	0.0298606590648252	1.4053422409664e-07	0.180649964574662	4.00239867556492e-06	0.000147859716727689	0.0156710292229378	0.0459369799700561	1.77670889418176e-06	0.0103423634805769	0.0357803215152114	0.022759760606264	7.89630900806744e-07	0.0370496276090999	0.0282484922077831	0.0116977669357079	4.86035589816334e-06	0.0191679365984669	0.0261661900194527	0.0157387884828896	0.471012071689095
S10090	0.0307258525251496	0.00855730879165398	0.00425241725256527	0.0310948352586006	7.37405177680893e-07	0.199526834579029	2.88793205122396e-07	0.000199737242957978	0.014284749693506	0.0375867580511539	4.29088033176723e-05	0.013497723798909	0.0339221721598414	0.023626050704454	4.23259101215259e-06	0.0325973146476935	0.0326515175224697	0.00850559915250788	3.27082916892568e-06	0.020595656611051	0.0256135065935113	0.0145718075937245	0.46813871939934
S10093	0.0368015206859561	0.00131225029649754	0.00458911585874529	0.0337008516164636	2.9889642567191e-06	0.194500892134147	9.29289377801061e-06	0.000284610248397239	0.0134725856422326	0.0377982780634785	1.150253146862e-05	0.0116620868965333	0.0353711314907834	0.0248056253508628	2.07538424846789e-06	0.0332188887080138	0.0300090754127512	0.00923067655690174	1.47559945422541e-06	0.0193571111618894	0.0265635692933884	0.0184093676605997	0.468885027549152
S10094	0.0324404005779383	0.00816065934310793	0.0053654480022311	0.034970748140094	2.36451217432507e-06	0.196873517144098	8.53627771809603e-06	0.00424053497587624	0.0125757728113821	0.0330911202101646	8.66407508657079e-06	0.0094770016131584	0.0350586807247684	0.0242576217099496	4.0438918208195e-06	0.0336326168231141	0.027333726835367	0.0127555963342051	5.90028303758902e-07	0.0187692482397475	0.0271545246765383	0.0166228665504715	0.467195716502684
S1010	0.0405729247226229	0.00205476774899627	0.00509384539980416	0.0322427740497681	7.71567823329577e-07	0.187441862040476	8.21512307519896e-06	0.000222985461357071	0.0137482847141891	0.0422731275175069	1.05411266713771e-06	0.0114371987910586	0.034432224127047	0.0254969804992088	8.1024951963602e-06	0.0336389442291298	0.0299538474726354	0.0095914374016793	1.92991898666983e-06	0.018952553970337	0.0281762915046016	0.0161901216298856	0.468459755501948
S10111	0.0247680175568167	0.0172036075609073	0.00488509956955045	0.0342842743460504	3.50372005409066e-06	0.187210584983458	1.31420018645505e-05	0.00963757726857705	0.0148297536959343	0.0345409155800421	5.80982895339465e-06	0.0106650541253539	0.0342144080234342	0.0264898415430427	1.12703236459339e-07	0.0330542977291591	0.0278885015694506	0.0093397648362104	2.32992186190906e-06	0.0181068026395284	0.0296527802007191	0.0182317551739397	0.464972065421855
S10116	0.0298591393396955	0.0126823483315046	0.00513941542003748	0.0351504748435419	4.09875560542527e-08	0.171650250702518	7.23644245748444e-06	4.64437222085071e-06	0.0135835118072677	0.0481037022433281	0.000227415653238812	0.0107276641124572	0.0350177021978077	0.024624538496939	8.84396055365614e-06	0.0340344396657406	0.031114186617695	0.0116456912873338	1.56796722960211e-05	0.0197367679289367	0.026713023760366	0.0130560081210034	0.476897274035505
S10119	0.040681766313308	0.00191903631464049	0.00465951648840709	0.0270937551889444	8.67752219101962e-07	0.189305224099717	3.01140667433473e-06	0.000500274819160929	0.0148139719414457	0.0453284668400775	1.42570918631372e-07	0.0109241249097039	0.0345856214369031	0.0244688889502759	2.84185747993686e-06	0.0345329172216941	0.0264611372209023	0.0117415317043021	1.07298679486454e-05	0.0183438668132327	0.0268420984330809	0.0186868107218237	0.469093397127139
S10121	0.0319180539673462	0.00974921523014115	0.00470095612857774	0.0322021869544022	1.31175742154245e-07	0.196193222377873	1.2054610752242e-05	8.97779274635838e-05	0.0150250811830198	0.0423546765848008	6.10450712931659e-05	0.00993500055506082	0.0346836376271103	0.024355458677391	2.1538389683627e-06	0.0334535135971532	0.0295159638751204	0.00816831796942232	1.6387355116954e-05	0.0179440682450746	0.0287145073763009	0.0156865280576133	0.465218061614256
S10130	0.0296452299011723	0.0116080152937677	0.00501640307697018	0.0340637556741412	5.880684094609e-07	0.20150199989805	5.02872894285607e-08	0.00559436381089353	0.0124760882863061	0.0305955224974105	1.59922101813704e-05	0.0107144965568202	0.0338357768127308	0.0233167998933149	1.23458612921486e-07	0.0327918125817457	0.0239844870641883	0.014761638972588	5.50724937927972e-06	0.0197774712203236	0.0269820940085934	0.0142247185992974	0.469087064577813
S10140	0.0403891082894579	0.00353429521547178	0.00461958999102267	0.0316386684234196	2.23982014509444e-06	0.202897620647372	4.55622762122745e-07	0.00013320697941261	0.0147522993783191	0.0362542218662862	9.25859486856028e-05	0.00928588145467124	0.0373390821181584	0.0242646225000885	5.55665317557003e-06	0.0374172304081646	0.0250445317501742	0.0107898711156527	1.75965940003228e-05	0.0169481899527777	0.0273376032438266	0.0171039782046404	0.460131563822315
S10142	0.0369412903686012	0.00854437974642389	0.00535385905147418	0.0373630638468428	9.94860015534871e-07	0.174051695322752	9.17261759495587e-08	0.00281119225885026	0.0154422758214534	0.0396961530829669	1.4132018693412e-05	0.0101062424531991	0.0337672629444912	0.0247662808459281	2.39651421905222e-06	0.0346286628894968	0.0251667213757549	0.00913880413616014	1.46793542118207e-06	0.0207128907167619	0.0275685042960925	0.0191756587853685	0.474745979002857
S10150	0.0337886847903393	0.00630095846834008	0.00505004983226223	0.0367946113769148	1.36116262091298e-07	0.209082568235121	1.45363084523798e-06	2.26249408250829e-05	0.0132582973987013	0.034764787591912	0.00144192870841038	0.011118221406338	0.0339390524437121	0.0241782092430807	2.98585911220086e-06	0.0337283593256801	0.0262566884474372	0.00965133587047951	2.88610506839564e-06	0.0193291542142634	0.0261154718116895	0.0136330957431577	0.461538438440047
S10155	0.0402664262193248	0.00177747561277937	0.00482405809311162	0.0298854098390231	2.11264894091873e-06	0.189487162973144	8.00291020834342e-07	0.000785135251158668	0.0158432481805862	0.0423801257500844	2.10146619345559e-06	0.0110386349238559	0.0343147500742094	0.0251312145201082	5.21916192282396e-06	0.0341359638755099	0.0288918231769417	0.00869423307997395	1.60071017192879e-05	0.0184811241442917	0.0274377511270677	0.0203677925336993	0.466231429955332
S1016	0.0329244748894334	0.00761195512039969	0.0053996745740988	0.032454450761642	2.45891079818844e-06	0.190919827819188	4.09360388065614e-06	0.000946532221145518	0.0146564043924383	0.039790360700109	4.73070783398438e-06	0.0104899337663774	0.0339139113362896	0.0247633302302595	1.63763349690895e-07	0.0335679484931288	0.0273319651430326	0.00911617469144103	1.74106847588672e-05	0.0197730779211687	0.0277729062127186	0.0175616662686751	0.470976547787833
S10163	0.0372425935173019	0.00493541367010045	0.00507193299306334	0.0349380200092369	5.16713762556024e-07	0.195139413757244	3.73591128205777e-06	1.93153591382464e-07	0.0123165116026022	0.0393808376793833	0.000249887287465956	0.0105839398777343	0.0338133595564588	0.0234599529788918	1.53603668877336e-06	0.0346492633038136	0.0319218544897517	0.0104607455285298	2.0864118162665e-06	0.0181542918746251	0.0256486512815593	0.0147582478936438	0.467267014471453
S10167	0.0314114487822199	0.00816662243471601	0.00438383505407615	0.0328263767564095	1.91311565517786e-06	0.186951272459552	8.32095839500317e-06	1.87713503601026e-05	0.0176605476424764	0.0438755576757782	9.97992424776919e-06	0.0106341008431048	0.0334503812667358	0.0267653783306318	1.17345054554985e-06	0.0343168005031155	0.0256415495137143	0.00778672222583121	4.46900880744718e-06	0.0181067385898479	0.0276693190352485	0.0203976809558455	0.469911040122685
S10168	0.0328564042842078	0.0103163920377036	0.00487548402471749	0.0378970804008149	7.48685446226788e-08	0.181196917794741	6.33434123842293e-06	0.000688927580523873	0.0153358296024864	0.0412860563974882	3.66468703332416e-06	0.0112736445782949	0.0331042630380461	0.0239950690875017	1.479263179564e-06	0.0335704719470617	0.0273078840502549	0.0104133532466804	1.64152443857495e-06	0.0195193871240696	0.0264470396636476	0.0202072278213945	0.46969537263593
S10173	0.0373593082878637	0.00962113330747351	0.00553031514033678	0.0297933769042001	9.27065001658672e-08	0.182926209316761	1.57755825246997e-05	0.00351257831081679	0.0167056964818003	0.0405009966381489	1.52837309986818e-05	0.0110332911542503	0.0320593453840593	0.0232267070117073	3.31536116570454e-06	0.0345413647982332	0.0293195067891594	0.0102247617908598	1.27090963632098e-06	0.0189805617211104	0.0273797045045582	0.0165113909365119	0.470738013231323
S10175	0.0343607606746877	0.00733822821296112	0.00440024127978683	0.0319082241131495	9.30482056955221e-08	0.194410060164749	3.75205496028312e-06	0.00208088735706956	0.014624717828813	0.0366270432012271	4.45818174038864e-06	0.0109059915892629	0.0347569497382514	0.0242307800164139	3.97460598792894e-06	0.035405106702306	0.0270101843194531	0.010484504303306	1.75128746167474e-05	0.0173704713525166	0.0286230348092297	0.0195465111070645	0.465886512464242
S10179	0.0276100998053523	0.0126649613285781	0.0053280272345219	0.0362871617039499	1.36748963832765e-06	0.180870535979179	8.82717708532932e-06	0.000643691505757173	0.0177651056935637	0.0425593176096375	2.28956459673381e-07	0.0117404630541656	0.0332027296138135	0.0233436363288835	2.12917864072963e-06	0.0345844562297836	0.0286862623397518	0.00983553892896311	3.49092851539412e-06	0.0209255496898081	0.0277970398364542	0.0188998721611072	0.467239507226391
S10186	0.0405477939113659	0.0061637512223497	0.00551658869967226	0.0323031314955751	2.26110465650375e-07	0.163623267802092	3.56231207209252e-06	0.00637176080589034	0.0175320290450023	0.0396565416064538	9.42786667357726e-08	0.0100902424560292	0.0346859187189125	0.0235940274138949	5.83930163541876e-08	0.0346142990018551	0.0279957809826223	0.0095667694357524	1.31483270357671e-05	0.018608699394053	0.0289025452939294	0.019406314978475	0.480803448314818
S1019	0.0314528049697976	0.0120295034904919	0.00499543501272655	0.0343166349583263	2.35765448230523e-07	0.181887966629797	3.27115891300277e-06	0.00713834814343229	0.0152118056503959	0.0331536801122849	1.82392124099999e-06	0.0113346032753863	0.0344303831056738	0.0253127417804548	3.46495851890797e-06	0.0336379429043	0.0286576454611872	0.00885544392838455	6.11355649814731e-06	0.0172547496063785	0.0271064801227578	0.0212950513985789	0.471913870089026
S10190	0.0423176403695479	0.00114698225824618	0.00516643859227134	0.0279616648485481	3.08583014109221e-07	0.189360515164561	9.99944419503735e-06	0.0106219540346057	0.0173925918444842	0.0369928714054327	9.11905842369767e-06	0.0111259857572639	0.0341033769290156	0.0247955377399146	6.06270287378901e-07	0.0354169345823231	0.0247995372022169	0.00858193267307033	6.70052254641741e-06	0.0179531074619246	0.0308493810222256	0.0189202571846055	0.462466557051277
S10195	0.0336453281221568	0.00795498332232988	0.00439138304954305	0.0306445259046588	9.26271213192724e-07	0.205522567445723	5.56825982077359e-06	0.000110717460998272	0.0132940208719969	0.0383970383267435	5.65260071750662e-05	0.00910251692259098	0.0354555256017524	0.0245646159140139	4.71449961207353e-06	0.0340489472141777	0.0280926575434997	0.00906797162739291	3.95006400189276e-05	0.0171323021244791	0.0292222466769953	0.0139469394523834	0.465298476740725
S10196	0.0291140894244695	0.0106535618662281	0.00465290798323941	0.0334374479463041	1.88700238739843e-07	0.193105970721929	1.01666016401293e-05	0.0098773421560415	0.0149254133526431	0.0327762980033203	4.0615600013552e-06	0.0110783326045062	0.0339458208637141	0.0268446425781418	1.7263154924247e-06	0.0333971880211092	0.026042606574756	0.00862212155789376	3.53385627928762e-06	0.0185320469980934	0.0268029650602737	0.0208338719404734	0.465337695313211
S10200	0.0204449698807565	0.0193716103284571	0.00506698230123005	0.0364457751505661	1.47602573415186e-06	0.197637875583599	6.29138238690403e-06	0.00103695622615231	0.0153389130549465	0.0373843200435657	3.76632989580011e-07	0.0118081599831719	0.0347825446489148	0.0238035551014763	3.98793217911673e-07	0.0332305073807389	0.0282716280187632	0.00723144171979834	2.76974681278017e-05	0.0187694079221008	0.0271174589887787	0.0166544217449532	0.465567231619575
S10201	0.0335590447940053	0.00832496422136768	0.00381775243406025	0.0335399219314998	3.09275369125699e-07	0.219043475741554	8.81284246123341e-06	1.48698899606385e-05	0.0121620466287829	0.0327660869613519	0.000738672065892719	0.0126270915569439	0.0369336949344857	0.0241051665993668	1.67508194936162e-06	0.032305716167565	0.0234977186448325	0.011544434252425	4.11351525613053e-06	0.0176567225750057	0.0241736932628028	0.0128855235201187	0.460288493102942
S10202	0.0365298835997508	0.00388768835218128	0.00547800350894706	0.0381287353360158	2.10570633161912e-07	0.18961012648669	2.32657488163875e-06	0.00497094620593486	0.015564141445861	0.0381125343387801	2.28096714877181e-05	0.0125250442192007	0.0328526722808239	0.0235388591765517	6.71561761961113e-07	0.033450200074726	0.0244413624428273	0.0114342394891818	5.3937855357193e-07	0.0211927951436426	0.0257521710551601	0.0163090372462958	0.466195001840111
S10205	0.0344140453497411	0.0100885041990684	0.00420790304699243	0.0320509728938147	6.9163872700911e-07	0.196751247515095	1.30265619123665e-05	0.00181359312081426	0.0154432677354885	0.0379862072899389	3.50456421005529e-06	0.00955883171062013	0.0351345367436519	0.0245179025220796	6.0307239731126e-07	0.0344878674357491	0.0272198797913249	0.0101301639611058	1.1837569608469e-05	0.0161466516629864	0.0288817876918736	0.0182552733283963	0.462881700594404
S10211	0.0326095008437731	0.00608474104046631	0.00443244792173146	0.0326446257809831	7.301951098411e-07	0.186294275898139	1.44090087580714e-08	0.00790098179665143	0.0152683313630817	0.0362849109159371	1.35334918320993e-06	0.0119778214138901	0.0346181012465479	0.0248504883454193	4.12380051000908e-06	0.0332372958347745	0.025851078938808	0.00743951739409881	0.000297931091662011	0.0190603232779809	0.0265370470795666	0.0218740113620288	0.472730346700648
S10221	0.0293441579360612	0.0125255801167815	0.00501873605861903	0.0336695853412817	9.12294736242413e-07	0.191514888950213	6.83744069230039e-06	0.00723007128359871	0.013792719823471	0.0333012971177786	1.22340861719517e-05	0.00822285708359485	0.0344767467080117	0.0252670582835064	1.68028390377174e-06	0.0338007279728397	0.0297158126243247	0.0074684915206485	8.89448389660597e-07	0.0168522865958466	0.029756377675306	0.0203574884751668	0.467662562879056
S10222	0.0265095575359391	0.0174145737931908	0.00435430167371104	0.0286648201972645	3.29134443156238e-08	0.201531681080168	8.1320908712454e-07	4.6589454893189e-05	0.0157273335027945	0.0367014761421239	2.99046297808924e-05	0.0118227165488229	0.0345872996991862	0.024278305608158	3.70450666552806e-06	0.0333051076933915	0.0302421462101645	0.00739502481072137	8.70998142552744e-06	0.0182236754354478	0.0268107930131192	0.0147909303784694	0.467550501982031
S10226	0.0293184489532269	0.014942342505884	0.0046732821354518	0.0298284799335197	1.51052885860962e-06	0.201240199333996	6.50276452442564e-08	0.00100669549553807	0.0146279829921669	0.0396668080011426	3.28844639883087e-05	0.00890904206482863	0.0353722088926936	0.0258893798417556	8.46626042751919e-06	0.0337220474172671	0.0274004685151453	0.00763438437700156	1.99781856807202e-05	0.0177053513794109	0.0290107602318066	0.0160865199805246	0.46290269348204
S10227	0.0306282717839916	0.00988673459272817	0.00452917867413828	0.0300420055245032	1.40441987154682e-06	0.199049158791993	1.68912552765707e-05	0.00101469302311147	0.0137998067606968	0.0368815232637753	1.21390746298271e-05	0.0101614524652421	0.0349273070898378	0.0254341495165783	5.91817765146257e-07	0.0334025027142376	0.0284035114567833	0.0108006589634619	9.93400950970574e-09	0.0185957300052112	0.027873143316263	0.0199136483169399	0.464625487238954
S10228	0.0239894615281694	0.0163508971877564	0.00494919247235014	0.0315783807415498	3.51539382707148e-08	0.194780167296013	1.04522562323592e-05	0.00035763905082316	0.0147786382762178	0.0393835762164146	2.16374048905262e-05	0.0117596385090743	0.0336204330631827	0.0268734941329518	3.06558054332016e-06	0.0323353562154985	0.0284168108230685	0.0127134518228685	2.73233749222114e-06	0.0177334105975918	0.027599826131467	0.017135985927993	0.465605717273913
S10232	0.0305019128066066	0.0142606227626846	0.00487890006733542	0.0326707049188743	3.15767984915641e-07	0.173663483553855	4.73960431609466e-06	0.00820628015574233	0.016067925313436	0.0402379812339893	7.72754551459287e-06	0.0129200650867582	0.0329297422329188	0.0244733290378242	5.37036967358908e-07	0.0342573659869202	0.0309911487250286	0.00493631349507329	9.99952753188105e-06	0.0207288896301263	0.0273402613514396	0.0156832265802391	0.475228527578833
S10248	0.0360587739102996	0.00518798735840983	0.00408781071044754	0.0282134710107118	4.86870286757155e-08	0.19998175961151	9.16814531850585e-06	0.00780153503111373	0.0151087651625873	0.0371294081443728	1.37211449517066e-06	0.0105675445488453	0.0333078511152127	0.025704345910966	1.40348021587502e-06	0.0335013899238423	0.0269675056975028	0.00716516668680645	0.000244508788083029	0.0169974843953866	0.0286860004080436	0.0202825261817678	0.462994172977033
S10249	0.0270897272758139	0.0117359220948946	0.00557435153140574	0.0328315549501765	6.97698551351936e-07	0.197033187367174	9.98272891828488e-06	0.000415545293975113	0.0137733718418012	0.0326993262986851	0.000907185458411994	0.0132510344601413	0.0357537231910227	0.025550412768024	7.77846725105609e-07	0.0353088987145357	0.026260763100672	0.0128797405915116	5.34188735817902e-06	0.0167282535017994	0.0273038298939345	0.0184102128144289	0.466476158690039
S1025	0.0395685039305439	0.00366950887305601	0.00437430267609343	0.0345855411050657	9.04336772253878e-07	0.186496641625262	4.01271033047366e-06	0.00812139036721947	0.0168200511356247	0.0371258708065958	1.13630341236374e-05	0.0095507937890646	0.0339915097843061	0.024996989081139	1.02277596497656e-06	0.0342702843874831	0.0233614926628028	0.00848380829601821	5.16195890906229e-06	0.0202850560592775	0.0286685962218855	0.0191944718614086	0.466412722521053
S10266	0.0381734844389854	0.00291937180660299	0.00449671481652382	0.029492473845895	3.25571673867006e-06	0.205383291711527	7.12874230387127e-06	8.34872039593506e-06	0.0132793177877488	0.0408770134874023	1.95024868592135e-05	0.0100449348552955	0.0352454710748373	0.0227495827192442	4.0637279793448e-06	0.033090025279484	0.0274307524475746	0.012209103641217	5.73854939343621e-07	0.0187017091508929	0.0279994340797327	0.0142175736238152	0.463646871984005
S10269	0.0363298631840082	0.00822148268615897	0.00469550670741901	0.0307387043221719	2.55334165917084e-07	0.195493968539149	3.67638137830129e-06	6.76030397810207e-05	0.0134792260220592	0.0419186710860517	5.13570056985299e-05	0.0108901379039884	0.0336507777419362	0.0260822997971411	1.04612118132829e-06	0.0339824305222526	0.0263154527890158	0.00961287194333514	1.08499896895239e-05	0.0186651782416548	0.0266805133411066	0.0169279079979667	0.46618021930269
S10272	0.0337699527011234	0.0058941106255956	0.00388174128982592	0.0332402455935597	4.99676745887459e-07	0.207409230737514	9.67373021646412e-06	0.00677488324528434	0.0114731375747852	0.0309357569021818	2.84876112705218e-05	0.00834706733431661	0.0344182158101814	0.0243573265391203	5.48892504992375e-07	0.0324362107965237	0.0281153424688258	0.00792490807291858	1.00554492763605e-05	0.0170602445007215	0.0294038196788707	0.018208701437688	0.466299839330949
S10273	0.0449076886812063	0.000733431995619651	0.00489226440281675	0.0362000084836504	3.85641342417664e-08	0.19773423608927	5.4423660056329e-07	0.0053202770730552	0.0134083132325953	0.0322942413929099	1.28859042321434e-05	0.00939546239879894	0.0332187621969508	0.0244394364849971	3.61334790980274e-07	0.034124854718516	0.0263433983125903	0.0101676188179949	1.05789128306268e-05	0.018809697673826	0.026986411821286	0.0160248148983602	0.464974672372967
S10274	0.0277881540031786	0.0150111595855243	0.00499236227568435	0.0317541513271369	1.29603699565334e-06	0.198299460530672	1.99786502336225e-05	0.0011486844583319	0.0141484566475504	0.0378104461335524	1.93707775263053e-05	0.0095297965699819	0.0344146098916137	0.0235481554306912	1.0298218621872e-06	0.0332764924222615	0.0282579511548746	0.00853446101375656	1.94009619032704e-05	0.0181055975713483	0.0288301862071272	0.0170990105073632	0.467389788020829
S1028	0.0308269053843857	0.0102402932383429	0.00483855556623255	0.0295236893031444	2.43516347404566e-06	0.197615422820988	7.77764624738799e-06	0.00801604538111006	0.0149960004549463	0.0325447611354464	4.97094438312614e-07	0.00966952684952616	0.0340925626813666	0.0244033701616725	4.27596036183988e-06	0.0334710910817326	0.0263767728835839	0.00957603298335359	4.81677497361305e-05	0.0170378201522874	0.0310203248230807	0.0214940166820401	0.464193654802502
S10280	0.0337137480764541	0.00754512043368483	0.00564026999905001	0.0306921917772912	9.57413601098747e-08	0.182615438151985	8.17279570113417e-06	9.23358778582768e-05	0.015842441310763	0.0432671254291526	1.20544859766683e-05	0.0112394936120739	0.0357863662230479	0.0273728609376711	2.59173478126032e-06	0.0334368640660199	0.0213763543294547	0.0175089586809928	1.10222324601926e-05	0.0186169499453875	0.0264788421338636	0.0191899191943642	0.469550782830606
S10283	0.0354274053042366	0.00755723530187036	0.00562074874540895	0.0327522188282124	2.53263329543171e-06	0.177968278575706	4.84193565274536e-06	0.000525504625848273	0.0158420427540226	0.046070496958375	1.19142038214442e-05	0.0106333756602396	0.0342101342680128	0.0223265847689608	2.96723735891337e-06	0.0352750926634037	0.0259242914714641	0.0126435852240267	2.07419545169783e-05	0.019326465227002	0.0281814394253587	0.0187026669627758	0.47096943527043
S1029	0.0379763223270343	0.00547637471569858	0.00473435461147358	0.0319684095612376	9.36415961631363e-07	0.189462926438198	1.39198336463735e-05	0.000104559813035401	0.0152577471317416	0.0401847206519522	2.47933690068202e-06	0.0093939568836151	0.0345787342933001	0.0251737760823831	1.10286925183784e-06	0.0343849835749081	0.0254194561936578	0.0140665050260537	8.52313869506423e-06	0.0178632459788211	0.029045567834078	0.0158808394428345	0.469000557845522
S10292	0.0349049968563084	0.00861370275298319	0.00422520862658493	0.0291096643812163	1.08824828449845e-06	0.184940101772111	1.59355411144205e-05	0.00254207534222282	0.0154380620540265	0.0422805555368022	1.35242718962995e-05	0.00886877183071524	0.033648288072516	0.0237923361385836	1.99400641686222e-07	0.0344759966162195	0.0282583070671042	0.0100293392085154	7.4041192432391e-06	0.0185028892053212	0.0285135941347659	0.019105872504857	0.472712086317967
S10294	0.0283782491612662	0.0148444896942413	0.00494399865475382	0.0328019877462209	1.04523664944609e-06	0.179416338745583	8.78418161495154e-06	0.000970244491519652	0.0166100228758465	0.0418832275689679	7.40962070758451e-06	0.0103252131847579	0.034219607887432	0.0237767358562252	1.17065329677267e-06	0.0352826987747683	0.0252415778131151	0.0117083485883885	2.73816691769843e-06	0.0196848148551113	0.0282928484859366	0.0217890131403547	0.469809434616325
S10302	0.0279221069019582	0.0118923592780449	0.00506248544089329	0.0323067705551716	4.65276542280508e-08	0.188436656123798	3.07906551286424e-06	0.0079274352317106	0.0133384972960888	0.0401146297126657	1.64392289258458e-05	0.0088248842387944	0.0338211626134939	0.0263730604977916	6.2151273590223e-06	0.0336810614417554	0.0240181845894264	0.00928843219128946	2.21140775966599e-05	0.0189763974343972	0.0284311652729036	0.0187791121207952	0.470757705031973
S10303	0.0429656236479079	0.00080913464990345	0.00534270899380916	0.0354358043302757	1.24082129463211e-06	0.188309136350959	1.0298430043739e-05	6.48133977630488e-05	0.0146590117365331	0.0416519014661753	1.14036982606987e-05	0.00944685002167168	0.0345934302270429	0.0236052800451464	3.23146709525689e-06	0.0335996994720728	0.0280782409396585	0.00991636757131238	7.36047019970166e-06	0.0196176020290065	0.0272067425463623	0.0151705182971293	0.469493599390377
S10323	0.0312541343861791	0.0113221053888654	0.0047766037345855	0.0329196478918861	2.59302927616726e-06	0.195672404232991	1.06577920591268e-05	2.45711387309553e-05	0.0128413881998535	0.0402311007861481	6.41187902398804e-06	0.00900943520153508	0.0350038521328296	0.0233735418050919	4.37586572899699e-06	0.0339679771599884	0.0284866674345598	0.0104332634085153	1.19930194625385e-06	0.0184877437995751	0.027506906912116	0.0156033771941566	0.469060041324358
S10326	0.0262339973350469	0.0164063489380638	0.00450950736285778	0.0327525774716065	1.50510641721779e-06	0.196323757237392	7.07237703948913e-06	6.70743758563641e-05	0.0145474979733899	0.0412591344506864	2.15050919788002e-05	0.00998588463318147	0.0348932352548706	0.0259467574982187	4.62095567569484e-06	0.0331709053167585	0.026930543568791	0.00699447800616246	3.77082794804425e-07	0.01785258544175	0.0277317365869562	0.018617140433638	0.465741757500867
S10328	0.0336518621406564	0.0069746796825951	0.00466235696089992	0.037606459718554	2.94973424212828e-06	0.187583415114451	1.79921702483013e-05	5.90809327811903e-05	0.0152659905398266	0.0452003401865725	1.55651477721846e-05	0.011459261304508	0.0354708155635447	0.0235368891733489	4.3726482666221e-06	0.0329487830247342	0.0274813846373943	0.0100042013528588	8.51834626651512e-06	0.0170286805213951	0.0255094929712784	0.0180634053967638	0.467443502731041
S10329	0.0338824697281038	0.0114718651015657	0.00488842454900873	0.0343219755180654	1.38945037850136e-07	0.187166841274939	2.66317931167873e-06	0.00626663497664696	0.0161731844682769	0.0362601371339567	5.89002662345053e-06	0.0107392814914054	0.0346042985835521	0.0238209113672076	2.5319140626311e-06	0.0336160366651588	0.0294725128593302	0.00549153873553721	1.69540113004348e-05	0.0195488892371608	0.0265594615443458	0.0164558429998172	0.469231515689586
S10336	0.0265513459899857	0.0168846908086369	0.00492678716915908	0.0360162799941478	3.8923266411383e-06	0.18840159314035	1.25837049512222e-05	5.59066543629718e-05	0.0144647184013408	0.0412256081338668	1.5724186076588e-05	0.00922720179385201	0.0350412341371134	0.0246491391734053	3.12341176568541e-06	0.0336856119209483	0.0256077879573844	0.0100261260948791	4.20959657610529e-07	0.0200827016592541	0.0268053523891453	0.0161420054646521	0.470170164528424
S10340	0.0364078018831983	0.00780194648779876	0.00407298024282575	0.0292992257315469	5.01722116636873e-06	0.200888927499103	2.96248037479562e-06	0.00891726025888844	0.0160156354288138	0.0366983475971134	9.58919548486254e-06	0.0120726425215282	0.0337439699748302	0.0252276548851057	2.94251521232238e-06	0.0342973551957527	0.0241610929248778	0.00791055663163901	8.18186980634403e-06	0.0196369405550062	0.0252032610574441	0.0156778155737429	0.46193789226874
S10347	0.0314941184494846	0.00945242513074159	0.00485234252365735	0.032345454044	2.00515773064655e-06	0.186773731135596	1.9042407108176e-05	2.33607551136662e-05	0.0134521220719969	0.0421327853119206	9.94499604115686e-05	0.011987724989742	0.0351227944179657	0.0236696716638091	2.36119042598797e-06	0.0340248936458523	0.027290259617916	0.0132113889596945	1.19661491426493e-05	0.0195108277468516	0.0258209635687554	0.012255429611503	0.476444881490581
S10353	0.036154117755211	0.00920421586264725	0.00469543751478399	0.030528508388095	1.5212791966499e-06	0.194805532200856	1.19688810794503e-05	0.000521257503996097	0.0125303924978249	0.0421843643688321	3.64722084620554e-07	0.0108620661134221	0.0339276592680345	0.0252196166632921	1.66275559135512e-06	0.0334432940537154	0.0256566610159546	0.010342336309772	5.46066082131256e-06	0.0175120291792189	0.0276320139920327	0.0176335453553427	0.467125973658196
S10356	0.0396086884823059	0.00438975787837909	0.00578637295343945	0.0312187290539415	1.21519665240714e-06	0.181420758487829	1.85707415717378e-05	0.00196507441270428	0.0133477160823464	0.0398246126485759	1.11525345881139e-05	0.010042612253487	0.0333097269159936	0.0242993816762222	4.25036422318768e-06	0.0351401841069843	0.0292765468733266	0.0109757762502155	3.7255740365303e-06	0.020623421007765	0.0278172467268723	0.0159217277875429	0.474992751990997
S10358	0.0243855448291822	0.0160507275270756	0.00510224506684277	0.0334089897525149	8.77277751551965e-07	0.198907207551526	1.65314483284611e-06	0.00751711042201245	0.0141587517268468	0.0329102978428682	1.81699423314093e-05	0.0125030871932144	0.0342080261076783	0.0263427944918176	2.93089798768108e-06	0.0326677834698152	0.0283073285775848	0.0082027964507903	5.06058357726172e-07	0.0188058739744542	0.0275090274701935	0.014971876340963	0.464016393883358
S10365	0.0302866673694422	0.0107324216401038	0.00526607953182785	0.0329964866809593	3.4890400791869e-06	0.198328398594321	3.54597018238055e-06	0.000620084896725002	0.0135253791618969	0.0358609776586465	3.93791051632022e-07	0.0104030405974965	0.0346859887027196	0.0243455706702588	1.62040345334495e-06	0.0334929288552919	0.0286563028871198	0.0105156284560795	9.88225847201933e-07	0.018953194371327	0.0276734245914254	0.0171317810548265	0.466515606848919
