naive_B_cell	memory_B_cell	CD14_positive_monocyte	CD16_positive_monocyte	CD56dim_natural_killer_cell	CD56bright_natural_killer_cell	neutrophil	CD4_positive_alpha_beta_T_cell	CD8_positive_alpha_beta_T_cell	macrophage_m0	macrophage_m1	macrophage_m2	MAST_cell	basophil	eosinophil	gamma_delta_T_cell	hematopoietic_progenitor	myeloid_dendritic_cell	plasma_cell	plasmacytoid_dendritic_cell	otherCells
mix_1	0.0598738422229345	3.31689825773433e-05	1.33241504731643e-06	1.05843845032357e-07	0.244148890016809	2.40190859072735e-07	1.28793972031878e-06	0.37536101667807	0.210796011510249	0.0308415938380343	2.41335353536423e-05	1.76427506846296e-05	0.0757486035689113	5.11070921999749e-05	1.43974913499935e-05	6.77666637995119e-07	4.87577498766491e-06	1.40495906964343e-05	6.58584382578516e-07	0.000137715013661582	0.00292864929298897
mix_2	0.088177553160765	1.16521320265477e-06	8.66662349964495e-07	1.23480450390292e-07	0.297981664321781	5.95350868368495e-07	1.09382368446256e-06	0.310767283220225	0.144077694722683	0.00954625325260017	6.49026499836087e-06	6.58622206729461e-07	0.126514368798761	0.00284839852168992	2.87034109363564e-06	1.39640947161357e-07	1.16781916183158e-05	5.39075341672315e-05	0.0154717799492185	0.00449270799028066	4.27069364083987e-05
mix_3	0.0760205623995049	2.7907780907659e-07	2.1874797611637e-07	7.33023842148378e-07	0.29369326824834	3.44623740605862e-08	1.79907463469104e-07	0.294571144513764	0.0336428474790243	0.081908891369193	1.81742702839953e-06	6.25748693160103e-07	0.119534762926573	1.40045166575298e-05	8.43110407139346e-07	2.69945191336549e-07	0.0274474745929178	0.0294351346032912	4.40725151210237e-06	0.0436897469479925	3.27537004450873e-05
mix_4	0.0722109652176769	1.74738543164732e-06	2.25699377127612e-07	6.99377630986582e-07	0.235066980765462	2.36238784448639e-07	6.02014094654715e-07	0.445980639800306	0.1808301599934	3.05985816462009e-05	1.31946750775373e-06	6.33852454842998e-07	0.0619031881130207	1.25076109318968e-06	1.07088034901906e-05	4.06115476641452e-06	1.50428522755748e-06	2.01403069713083e-06	7.76119840844801e-06	0.00392912297375487	1.5580285768535e-05
mix_5	0.072428835722717	1.96276808454792e-06	1.6619249952026e-07	9.01315920587422e-08	0.257857747300093	1.23615261143287e-07	2.42314653825041e-07	0.334176487322771	0.164514669229802	0.0409458673083714	1.39032732784954e-06	2.9173862655714e-07	0.105440357686418	4.72447715837179e-07	1.16811852628793e-06	7.68991047482882e-07	7.69467060011943e-06	0.000156416663667423	0.000388399691173493	0.0240601114025997	1.67363564517187e-05
mix_6	0.073759613046046	1.23755642517565e-06	5.73237882970785e-08	2.77050914819137e-07	0.225141121007517	7.32822500246949e-07	9.55853752711559e-07	0.455000760583855	0.186911966032607	0.00145158854733967	1.23070489232306e-06	1.14510782672071e-06	0.057491876494929	7.2081120349255e-07	6.04866009365047e-06	1.63920605606971e-06	1.2527661822339e-06	1.44900350638051e-06	2.01664757331775e-05	0.000204291922648658	1.86902218235474e-06
mix_7	0.0715154037016116	1.51852642409216e-06	1.79539345915993e-07	1.95271253265781e-06	0.27620919480345	1.06848548073319e-07	2.26319006967043e-06	0.323859739395255	0.107732626264807	0.0566019899408007	6.42920969038163e-07	1.48854456794531e-07	0.124963342756981	2.53027307532634e-06	3.12434585993063e-06	2.40913755661775e-07	0.00833634619388766	9.34691881663796e-07	3.49042151819391e-05	0.0307225004284505	1.03094826567895e-05
mix_8	0.0657877275205811	8.84376846290193e-07	1.81966868920504e-07	2.51648454831042e-07	0.269633563985535	1.56973597614294e-07	2.68592368679326e-07	0.344012652754247	0.133521353840622	0.0370971105997814	1.24554290418647e-06	9.04261757506785e-08	0.120719633117467	2.03083388014345e-05	1.77731612528903e-06	9.94948904161725e-07	2.16505011263644e-05	5.63045885669976e-06	1.83655232244402e-06	0.0291625886092178	1.00919291964319e-05
mix_9	0.0648209675323166	3.77261136776781e-06	5.08097357742375e-07	1.67928246122335e-06	0.234986119480529	3.35444881483788e-06	9.91468333416349e-07	0.415667151430624	0.24661101370523	4.3352933965746e-05	2.88806183825395e-06	1.5602845235384e-06	0.0339254439095874	1.27020158014519e-06	7.39857634917284e-06	0.00353349198070838	7.48795123085788e-07	7.64518544835919e-07	2.89945883220647e-05	0.000307825656542522	5.07024358803454e-05
mix_10	0.077108753354264	3.89223094263529e-07	1.16778066911119e-07	5.63153882847922e-08	0.242741445012605	2.07644764712556e-07	2.01332957876712e-06	0.487619227971828	0.0523282096100355	0.0351597199651003	1.11032305933698e-06	5.02471242272512e-07	0.0957818474820071	2.57462249587875e-07	3.81741153088868e-06	1.61823884707843e-06	1.93938114192475e-06	9.4782355692506e-06	0.00889938076338396	0.000326165718841495	1.37433074012261e-05
mix_11	0.0766932687188981	3.77130631191601e-07	2.03334564403766e-07	3.15808840510784e-07	0.2480107583496	2.59776832178892e-06	9.13827862992204e-06	0.40015342737956	0.194494080546279	4.07693669788175e-05	7.84450239756152e-06	3.69269648453675e-06	0.0755207597766103	3.00045900198527e-06	7.32458185742916e-06	2.23920676163586e-06	3.79644530684409e-06	1.77540596754902e-06	0.00491118965458279	8.97993598444137e-06	0.000124460652741187
mix_12	0.0565542311296641	7.3333785126012e-07	4.09473922036912e-07	5.75992988223347e-07	0.225228557106881	4.31431433532331e-06	1.47027373278921e-07	0.458618339781492	0.142163090697938	0.0310605954224235	1.2286485929361e-06	1.42239001282157e-07	0.0861253960639511	7.19504678266452e-07	6.7094724302762e-07	3.23337074282262e-07	3.55742721604489e-06	3.3995914637457e-06	4.4404480132004e-08	0.000212427870800634	2.10956806299123e-05
mix_13	0.0636640623420209	7.57484792976197e-07	1.90121702885871e-06	2.12367801541376e-07	0.191384307687663	2.77204242650583e-06	4.2033024537263e-07	0.579343952159704	0.113290368052235	1.70113878522986e-05	2.58993544363023e-06	2.35259869196539e-07	0.0521586177466537	2.58521172871142e-07	0.000106866971041211	8.51068800971837e-07	1.20708066344301e-06	1.24087454819415e-06	2.54654372059423e-06	4.18320732303907e-06	1.56377189920454e-05
mix_14	0.0726133539423583	7.87155148895643e-07	6.88026649035145e-07	4.80820631400869e-08	0.206084110842084	6.00437299452651e-08	4.70378607935012e-06	0.521221491910768	0.148941437481639	0.00291348847960134	4.61478964345645e-06	5.63899629654735e-07	0.0466951473466683	1.00852663797478e-07	0.0014937865695475	1.14508003714133e-06	2.89123798958072e-07	8.56198611918155e-07	3.37964723640668e-06	3.56861646379119e-06	1.6378125578087e-05
mix_15	0.0696749165913666	2.34475016108337e-06	4.03376035958429e-07	1.25699473478233e-06	0.260818552657675	5.60752242611761e-07	4.79702187352713e-07	0.382713086745131	0.142981108740488	0.0293012954119616	1.10440683837278e-06	3.78169237649528e-07	0.0903593643956449	2.56918936934437e-07	4.00538516966647e-06	1.65755384019469e-07	1.29151644625137e-05	6.03385384595783e-06	2.87637421603265e-06	0.0240915223880326	2.73714662466507e-05
mix_16	0.0850944233265518	7.63406551519946e-07	1.67402349497895e-06	9.9814661239304e-07	0.290634488972631	1.53678369149171e-06	1.57970983699305e-07	0.255236125996256	0.0363710896836679	0.0780095095934315	1.47518767596832e-06	7.15819160344126e-07	0.0952780753100347	3.07715328587816e-08	1.69161362814216e-06	7.71790185081719e-07	0.0461261263176225	0.0168099860893156	0.0350637079066341	0.0613488135753879	1.78377149504527e-05
mix_17	0.0808066867143701	9.80449527380945e-07	1.18576632065721e-07	8.17071377392063e-08	0.292753388843867	1.23829700698184e-07	7.40331878502423e-07	0.322251840097357	0.0155325368540206	0.0670383843756337	6.03773678410934e-07	1.43102671868794e-07	0.120701163730095	9.51630116770321e-06	7.34472179265473e-07	7.96001984916239e-08	0.0363889522320867	0.00426818316051821	0.0078597197762607	0.0523755890667582	1.04330042605127e-05
mix_18	0.0715119255435052	8.23102920245022e-06	2.19497411719018e-06	3.24889087014127e-07	0.254760838361321	2.77381090169834e-06	3.7532757010934e-06	0.546535635477401	0.0145816195769321	0.0116415776162058	1.25717939749413e-05	3.21758079414247e-06	0.100648034767887	1.27885367637607e-05	8.14185291313064e-05	2.23974059854608e-06	1.65162594808155e-05	7.63783905482661e-05	8.37212279530914e-06	5.60009756517646e-05	3.35867479995811e-05
mix_19	0.0654049563310208	5.61073589386347e-06	3.22557309321193e-07	3.74360066069063e-06	0.282119921017131	6.74463590413741e-06	3.10831725026844e-06	0.331432686018922	0.0464788914128039	0.0794096969163724	1.09257264140069e-05	9.39630513951955e-07	0.122205252663575	8.62732212415496e-06	2.44035636943161e-06	2.28829137952053e-07	0.0219230705962292	0.0136572849197837	1.97301009112862e-06	0.0370860019580286	0.000237573444464401
mix_20	0.0949667637026988	3.0588349690265e-05	1.24313517412391e-06	8.61190996934257e-07	0.231484052975588	9.19629519210398e-07	2.83808009004451e-06	0.46656229081986	0.149365767048216	2.90959988065087e-05	1.60964012298843e-06	1.6894211091793e-08	0.0468864764408019	7.46830673408997e-06	4.38822529672954e-05	3.67090426892993e-06	5.82627544140444e-06	5.59859632953308e-06	0.0103322975983297	6.67943036151311e-05	0.000201937856538659
mix_21	0.0659826814821761	2.41928768876401e-06	3.5580446842207e-07	4.36327397381522e-07	0.244538767958934	1.96379659890291e-06	3.67973892540205e-07	0.478973407189489	0.0358073207945739	0.04846563472962	6.40893291029453e-07	4.10659910402012e-06	0.0979127469603163	5.21616885206916e-07	8.68043776400595e-06	4.00409416948848e-06	0.00857101495170658	1.40248677837874e-06	3.86199083992729e-06	0.0196499961343748	6.96684899306188e-05
mix_22	0.0566059563787266	8.16646943874469e-07	1.73265820444956e-06	3.88711327493194e-10	0.240413484856094	1.5567439773937e-06	4.18527105011565e-07	0.411728613361209	0.184687930220757	0.0270078407712817	1.64371264176125e-07	4.15703814234953e-07	0.0795283482081753	1.70697646410997e-06	2.64905915705681e-06	4.01618181787366e-07	4.23307909135455e-07	1.11137891622818e-06	4.44596374829114e-07	6.16117825420053e-06	9.82304847874094e-06
mix_23	0.0733701182968821	1.42638658346498e-06	5.60305766768146e-08	3.2693338800965e-07	0.219276611475545	2.21314109585291e-06	2.24542903559411e-06	0.480839017158202	0.173257471970493	7.26913263544061e-06	3.7971418383241e-06	5.50760630487722e-06	0.0531614187006873	4.06146607914159e-07	1.80698121083025e-05	3.29580103612062e-06	1.37488240770066e-06	3.17902681685125e-06	6.97037725312915e-06	1.27476439615847e-05	2.64769065410064e-05
mix_24	0.0692391645733757	1.98292161277552e-06	1.11004528372695e-06	5.2339985348014e-08	0.241001903580034	8.28971667514417e-08	2.74873480836837e-07	0.43799100626656	0.119826929046367	0.0317289345796763	2.86300333970029e-06	1.09706779984658e-07	0.0841859975538542	4.77843262847632e-07	2.25821282615879e-06	2.35855888278399e-06	1.93291654859003e-05	3.74103352850837e-06	2.1941434320423e-05	0.0159505581071842	1.89242569934578e-05
mix_25	0.0712064647382768	1.16296617180532e-06	1.66997694250673e-07	6.91976968079225e-08	0.212281688764329	6.10454383955471e-07	1.06691339357349e-06	0.479252904606308	0.209494466405612	7.31550538074344e-07	6.00480261568313e-07	2.37253244600857e-07	0.0263600738393973	1.98775868732043e-06	6.01324611625455e-05	1.35008657071953e-05	5.68351389783277e-07	1.64104260936032e-06	0.00106147991020179	0.000253079878612688	7.36556432234803e-06
mix_26	0.0666586794150746	9.99786372815838e-07	4.6250160043033e-07	2.15316934943971e-06	0.25560942102287	4.88609500899713e-07	1.63110702098199e-07	0.465503166531999	0.00728261472443657	0.0673927920850049	1.56342778904686e-06	7.12586898648548e-06	0.105333670047135	9.12261638713869e-07	1.60078935090476e-05	2.08524735583344e-06	0.0173246184426556	7.56244710286335e-05	1.05041035579209e-07	0.0146389552521231	0.000148391089832445
mix_27	0.068941693644571	1.45808463534985e-06	3.02521530600054e-06	6.75324326311674e-08	0.237495259187134	9.81817748952135e-06	2.30489712507509e-06	0.439692732001712	0.2009579221497	0.00135569475576439	3.98812796787876e-06	1.12804945068351e-06	0.0513815816026147	6.20504502682265e-07	1.12657448116476e-05	1.21644568130531e-06	8.46223694433252e-07	1.92153718200543e-06	9.52978962257886e-06	4.0107140078041e-05	8.78191885241852e-05
mix_28	0.0711398998544519	2.20854672184187e-06	6.93028817740318e-08	2.06523680083778e-07	0.238603919758636	1.33537788252088e-07	1.92246730869725e-07	0.448652532455248	0.158182150427853	0.0106211398451343	2.96466007174584e-07	5.28892787044322e-07	0.0709222363807615	1.55664345264982e-06	4.14515689844724e-06	2.64050523597106e-06	2.02494804722647e-06	1.75315166102641e-06	0.00108222810472209	0.000770183630239464	9.95362106082087e-06
mix_29	0.0753470857678185	2.72136117278677e-07	1.73433536817309e-06	2.01615338509973e-07	0.251528927887383	1.24181239415162e-06	9.14655220263706e-07	0.356794972492317	0.201393489229656	0.023140955249065	3.52326403618584e-06	5.62225369125541e-07	0.0917358201991312	1.1887204538999e-05	7.41798942386037e-06	1.71884073709399e-06	1.2679907442342e-06	1.90607548068616e-06	1.02804544633351e-06	6.75976690449055e-06	1.83132175093359e-05
mix_30	0.0659463000840599	1.50291459213399e-06	1.50329060582661e-07	1.03747360758325e-07	0.212756418481296	1.71029166332606e-07	5.01122855095458e-07	0.463252500436546	0.203330422605503	0.000178070760595894	1.58930798514091e-06	4.36921633646348e-07	0.0544912782878872	4.45862225288164e-07	8.70885874523376e-06	2.34492198325097e-06	6.13766636524737e-07	9.65899944920824e-07	1.81387663298486e-06	6.83781375869796e-06	1.88229715313293e-05
mix_31	0.0609610606584284	3.87968274663621e-06	1.4195696112567e-07	7.33517551151473e-07	0.237245159588999	4.97563951851078e-07	7.54544060846061e-07	0.498170710595345	0.112118028400212	0.013208146679068	8.94351246410243e-07	8.18751000772061e-07	0.0782661366522156	8.82978335505242e-07	3.29898109815006e-06	1.82463553894943e-07	4.48078145820452e-06	1.56129318713474e-06	2.24866545071033e-06	4.16537172789494e-06	6.21652340204726e-06
mix_32	0.0682996864746591	3.54846292039988e-07	9.81481348170099e-08	1.4735781301035e-06	0.201099455258265	1.98496427195083e-07	8.23295230954965e-07	0.487884486847337	0.195151767077922	1.81307691969102e-05	2.4553381642154e-06	1.79823395120548e-05	0.0474914706472474	7.5045752381055e-07	6.7014751093564e-06	1.65265641798861e-06	6.24782430924431e-07	1.48501896277794e-06	1.10059571484158e-06	6.60846194963338e-06	1.26934353718022e-05
mix_33	0.062059694133155	1.69089723224494e-05	1.98690691769166e-06	5.61977070933823e-07	0.214344555999101	1.31767401662885e-05	6.78712397138659e-06	0.535170290679542	0.0893140807095548	0.0320862631277713	4.46490295134004e-06	1.67353314533042e-06	0.066440609604354	2.35532103197273e-06	3.764650099372e-05	1.63253478525696e-06	9.56689447123204e-06	2.61256566949459e-05	3.86195134415702e-06	7.49254498725462e-05	0.000382831280782647
mix_34	0.0775599531634622	5.49713785820794e-07	1.23912758114154e-07	9.37439642134907e-07	0.280690732249346	8.88849817971094e-08	3.81306281263383e-07	0.394500584683272	7.15032268255151e-06	0.0610432772576101	2.24493741466545e-06	2.30529145357511e-07	0.141794657841241	0.0132699494159615	5.86879445022787e-06	2.87076015836972e-07	0.011258249918131	0.0154106358595664	8.86217470138696e-07	0.00432833429251233	0.000124876184269707
mix_35	0.088819272164694	5.26747433864243e-08	6.77092020222026e-06	1.25771850581226e-06	0.228658188780435	4.82374541166739e-08	1.7794838203284e-07	0.411302668254322	0.170150343117442	0.0171235125452348	3.98909659437263e-07	3.41162541626447e-06	0.0839056319451773	1.51179017908275e-06	1.12002971197639e-07	3.71690436586396e-07	3.44838106377968e-06	7.17481246042069e-07	3.20473523437365e-10	4.52602840122656e-06	1.75774635602366e-05
mix_36	0.0645670975200476	1.12745231920279e-05	9.08342537445108e-08	7.52840821230363e-08	0.249795095953346	2.45243235322036e-07	7.77088206391155e-07	0.421295299149306	0.12467065863146	0.0376301131985204	3.0256510069187e-06	9.59083669881361e-07	0.101831332667825	8.34333741954873e-07	4.09333966468958e-06	8.06350129691522e-06	1.24802675691768e-06	7.69208658215433e-06	4.60063662767807e-06	0.00013445616157931	3.29670855975239e-05
mix_37	0.0710674542328048	1.57878783326633e-06	3.9324432348677e-07	3.31174637881365e-07	0.274691491293426	6.48688991268308e-08	9.30368800031604e-07	0.351132940563549	0.0711253550370294	0.0636623150615771	1.4218537922498e-06	9.07542441584683e-07	0.108756773003437	4.26944305914877e-06	1.37792291356328e-06	4.13547822582482e-07	0.0211432818731367	6.60793090020981e-05	3.57108748105295e-06	0.0383271295926478	1.19201913859612e-05
mix_38	0.0718743993825446	8.50119319642468e-06	2.09323700890505e-07	1.75120845532276e-06	0.266442571922509	9.35330599554542e-07	1.25542234799665e-06	0.352600855185704	0.104893773488739	0.0623601553199004	4.04632075800597e-06	1.52145981013275e-06	0.0968638437096207	2.7148634301315e-06	9.37991665414584e-06	1.86073041661162e-06	0.00927858889637953	0.000150974468978638	2.83157876404543e-05	0.0352353006001425	0.000239045468472088
mix_39	0.0812391534673629	3.87035497146245e-07	6.32864640099068e-08	8.91550937005019e-08	0.245600198139155	5.73419945512255e-07	1.81941586616641e-07	0.409076739746448	0.176402144484867	0.000621684363316702	1.76303553497286e-06	3.33049101288804e-07	0.0840980757120057	5.5970097319666e-07	2.53617488484268e-06	4.1708427970666e-07	7.74533853607548e-07	5.55915421089491e-06	8.6955604857316e-06	0.00292769138857462	1.23795663601323e-05
mix_40	0.0574982750675257	4.72663738548064e-07	1.75089202587092e-06	1.18875023138626e-06	0.238640426223591	2.25168284470654e-07	1.54953726753197e-06	0.460676594001272	0.11371350766435	0.0341586078064169	2.37783367882518e-06	2.58171214878639e-06	0.0952269818521067	3.99748045053561e-06	3.1191912587106e-06	4.12565183329359e-06	2.66107810330137e-06	8.17468203939333e-06	2.47008347850782e-07	3.96169239170217e-06	4.91740429368059e-05
mix_41	0.0735877318905964	2.54377829963702e-07	1.07137959957405e-07	1.07376228032968e-06	0.263377560083219	1.74942504383184e-07	4.7944658915668e-07	0.429716111342021	0.0206820682382382	0.067142943846834	2.65387790902696e-06	2.55931586320797e-07	0.112589971774687	4.93335335188542e-07	7.03081060477666e-07	5.56388304982795e-07	0.0124055062306987	0.00891168667289124	1.75653538448939e-07	0.0115526942610582	2.67977248578077e-05
mix_42	0.083682106274481	5.5148560422196e-07	7.86466177163439e-08	7.40923811461644e-08	0.237009517619327	1.26595265179214e-07	1.46943851830193e-06	0.416481194405457	0.16623724601561	1.00864687979393e-06	4.94591088256465e-07	2.75906552476598e-07	0.0687988650104232	0.0013952312863761	0.00174322187301484	0.0172540718987388	4.29029241592497e-07	1.12313777629604e-06	0.00738424095492067	2.98699207978495e-06	5.68609964546329e-06
mix_43	0.0754190160275454	1.66597634197109e-05	3.17996887529835e-06	1.50470254788199e-06	0.256618363541292	1.4393582245384e-06	1.06279574365731e-06	0.480804334781799	0.0104508430838735	0.0490996181081608	7.67813499532744e-05	3.05918101335661e-06	0.113359655315399	3.3935732278016e-06	8.20956765788478e-05	2.87647720305937e-08	0.00449435049284933	0.00502530501229787	0.000616388112654741	0.00361609340363442	0.000306826986138042
mix_44	0.0785096878885598	1.26214526075965e-06	4.14307478799955e-07	9.59756521811203e-07	0.251191776174018	6.8013393126498e-07	2.90803169120816e-06	0.433251638216354	0.161672727615989	0.000142557998336846	1.87976689395193e-06	3.42076260206837e-06	0.060301100468646	1.81639457036052e-06	8.5536329933309e-06	3.26752159176532e-07	1.24987907713094e-06	3.11464735929222e-06	0.014856948198986	1.44432363315943e-05	3.25339922399026e-05
mix_45	0.0704127497473482	1.63566307434471e-06	6.37783744230824e-07	2.99989190692573e-07	0.265991414721177	4.51951254546102e-07	9.59821787837323e-07	0.365192734559131	0.145588220716103	0.0206723776369834	1.98901140350682e-06	1.27833807906022e-06	0.12100494211533	0.00693742394020492	3.72973013141364e-06	1.29455764474368e-06	5.64306055769107e-06	0.000218363642050679	0.00028471388364418	0.00367260446114292	6.53467001621166e-06
mix_46	0.0618289537843696	2.05595998486254e-07	6.90213932744099e-07	2.24399989316901e-07	0.238855168760633	5.02163215296553e-08	3.58712764559115e-07	0.453745635961397	0.072133680144348	0.0721034410178262	2.48156479093147e-06	6.74921881545828e-08	0.0985609163986706	1.76169828112667e-06	1.59615861173643e-06	4.43974887373744e-07	1.56595147704006e-05	7.18258101565185e-05	1.9356508428226e-07	0.00236705347638169	0.000309591538596221
mix_47	0.0920199624446651	7.42507328544831e-06	3.28111650424472e-05	7.65261822850542e-06	0.306683787160391	4.36430081629382e-06	7.40775325333898e-07	0.175346176531453	1.83135624106653e-05	0.0920251023480048	1.52641076018842e-05	8.00095823916955e-07	0.103671899757472	1.735175470467e-06	1.84957212308902e-05	8.84495400836323e-06	0.071717939431357	0.0518411173865135	0.0207294770332175	0.0853142779417051	0.000533812415976498
mix_48	0.0787478179048965	5.5508009290302e-07	1.06284049686959e-07	9.14374249880836e-08	0.234342652363691	1.23410813302682e-07	1.17309526845886e-06	0.519531907989415	0.0699952458754406	0.00744453856406201	3.95980509910628e-06	2.02286685082743e-06	0.0874470345523885	3.11662612533823e-06	0.00183799159078438	4.96950466638319e-07	3.20916813601128e-06	9.22035764096308e-06	0.000588641259024395	3.12173342632834e-05	8.8774840668604e-06
mix_49	0.0614156720510144	1.05125716556113e-06	1.04898511170866e-05	1.19275747572633e-05	0.228254814673022	1.1620691187689e-05	3.29310310374671e-05	0.416007295949459	0.134663349494889	0.0492927246764733	5.75820643556807e-05	1.24043640621149e-05	0.102403284909335	0.00446134054650655	8.47668430934462e-05	8.37665797971942e-07	7.29053751367322e-08	2.54597464528331e-05	4.34304754631937e-06	2.00782384640524e-05	0.00322795241888774
mix_50	0.0638709748039993	2.89124012674317e-06	1.59237657726485e-06	2.80072993731441e-07	0.240408076636933	2.32693539238596e-08	3.94547686447613e-07	0.434231428828273	0.172586014794767	0.00121245907696815	3.99269346786073e-06	3.00316534746824e-07	0.0876460198691549	5.01940495602416e-06	2.92862871993086e-06	3.10370079483051e-06	8.22429361538581e-07	1.44724608887087e-06	1.70530377551934e-07	3.07725466488436e-06	1.89822781998528e-05
mix_51	0.0771737653613509	1.63726553746873e-06	5.67056755143582e-07	1.11304497707834e-07	0.274569759802322	7.57993939331936e-08	2.95599235253175e-06	0.391576711518609	6.24577931050578e-06	0.0733432384650371	5.78604786268156e-06	1.7695172801631e-07	0.114606619543191	6.63101871942322e-07	4.04960538565209e-06	2.3918343068881e-07	0.0282479242189817	0.0132404609997878	6.21616963952109e-06	0.0271929119115264	1.98839214278212e-05
mix_52	0.0729129381128569	4.91913230726438e-07	6.74616279133808e-08	8.75544899312126e-07	0.266989224765177	1.25082807422999e-07	1.29368720945452e-07	0.416940171039153	0.0355886073421022	0.0581820378673685	2.7652313729109e-06	1.75027544546951e-07	0.115628462529854	2.86763929490543e-06	2.52231836200584e-06	9.70991261728672e-08	0.0123053550742455	0.0113808047402484	4.06993107889801e-07	0.0100481025725215	1.37722763783321e-05
mix_53	0.0838729696761074	1.73683814334848e-07	5.44976206279631e-07	4.71369412491688e-08	0.279082367317214	3.65370503883486e-07	1.30646107336766e-06	0.42125981980527	0.0261389857590854	0.0341479523970938	3.18736278663074e-06	1.85865576672409e-06	0.10346325036728	1.17018690816781e-05	6.4384774390868e-07	2.77502612404569e-07	1.92950484379089e-06	0.00269556902537368	0.04913673999535	0.000115636599005952	6.46726868456238e-05
mix_54	0.0713121070394921	1.32466630578081e-06	2.00059481271285e-07	2.95661320032125e-07	0.232176181788504	2.67594889872266e-07	7.65581968342998e-07	0.473008984315596	0.122601566654563	0.0276303773443423	1.94284910921695e-06	1.09514537454706e-06	0.0704473105649807	3.69914532501047e-07	1.10614248395958e-05	9.02502945770926e-06	7.0233277541515e-06	2.82179848770857e-07	0.000311654497865902	0.00246172059924248	1.64437605321144e-05
mix_55	0.0678105061797646	1.17161252964056e-06	3.85939879898657e-07	1.19421049661002e-07	0.240667905316161	2.85738530250597e-07	7.40228620201594e-07	0.481697037274031	0.0556308186491715	0.0301328453945214	2.87557184244703e-06	5.86170655873724e-07	0.123875269082805	4.42201646587411e-07	7.57800053521934e-06	5.53103033057223e-07	4.09678586319258e-05	9.12018782202156e-05	4.21934572652274e-07	2.51596498472945e-05	1.31287939505453e-05
mix_56	0.0523345993053492	1.55074035302792e-05	1.07848193963687e-06	5.80375752091057e-08	0.220932184344114	3.29893696928702e-06	5.89211927316243e-06	0.527810728672149	0.143273973474413	0.0107143499054452	4.63591064843334e-06	1.65769465913018e-05	0.0446095150346431	1.56625742130171e-05	2.19330426853722e-05	9.40011815975647e-06	8.47085261312878e-06	6.78923483113396e-06	2.12887849742039e-07	4.2657820979545e-05	0.000172474896027452
mix_57	0.068601710071963	1.02388142343715e-06	1.09507946048474e-06	3.58261836912329e-09	0.237791913093123	1.2628539563532e-06	2.71582312820965e-07	0.416998748263876	0.215977332832267	6.04158461457653e-05	1.32991423447806e-06	1.02699772949249e-06	0.060482664603994	5.92530416414897e-07	3.50705237924588e-06	2.70262746426898e-06	5.06374598902073e-07	7.99271075648614e-07	1.16011628059493e-05	4.00881632415857e-05	2.14042149141447e-05
mix_58	0.0625085766020949	3.22067935964057e-06	8.70691107420747e-08	1.38963465281895e-06	0.235651180959197	7.99005538360077e-07	1.3515456186416e-06	0.436736928453454	0.146671457392764	0.0297952688625027	4.65273898531889e-06	7.88831794596451e-06	0.0794204489050705	1.84532687741114e-07	6.02646285263883e-06	1.07758789642758e-06	8.11627820407407e-06	2.70986062251483e-06	3.28016589506292e-06	0.00912540801362381	4.99469319227286e-05
mix_59	0.0757907399259636	9.54782667071228e-07	1.13703587720413e-07	1.17870438009187e-07	0.290021506336208	8.56996308427475e-07	1.2871826615309e-06	0.337402166384918	0.0235331994468428	0.0664848430985387	2.93928869486504e-06	3.39062981637597e-07	0.12784850360151	0.00540680066970802	2.78477798164319e-06	3.32319108800432e-07	0.0133130564640449	0.0206085937678477	0.022156844974499	0.0173779754538573	4.60438916323192e-05
mix_60	0.0694886372772793	7.36813359746437e-06	4.57825888471469e-06	1.81664898251896e-06	0.220631966667958	1.07853401474441e-07	5.47568621459878e-07	0.53504211778421	0.0728918017651142	0.0252531955508537	2.19510161827336e-06	4.60359561534483e-07	0.0765112183222887	2.76570022532802e-07	1.54131385604292e-05	4.65898029849781e-07	6.60138679377304e-06	1.10387638952315e-05	6.88659740216693e-06	8.7578497648917e-05	3.57278552751694e-05
mix_61	0.0694570879075641	6.37859855337036e-06	1.41189878528576e-06	5.93979067489583e-07	0.249859382667109	1.22088369101791e-06	3.07039422555566e-06	0.41149486266915	0.12419958049863	0.0388883411306909	6.93244886114743e-07	1.30585903463022e-06	0.0964995250396049	9.26620375579199e-07	3.92872229261364e-06	1.09230207828596e-06	2.31400463939689e-05	8.65045024342124e-06	2.00529267111977e-05	0.00945022328978032	7.85308711322985e-05
mix_62	0.0709931029235045	2.23223020072856e-06	5.60247723348247e-07	1.12907923139457e-06	0.259906219683258	3.13950779538626e-07	3.90041588706649e-06	0.384796688345355	0.0703882397984012	0.0733206352012877	8.51288380431078e-06	7.43616906316953e-06	0.0956717967415369	4.03763266480674e-07	3.57227880601142e-06	1.83967023468317e-06	0.0124929641004483	0.00564364257022062	6.84509031088051e-06	0.0266448529402492	0.000105111916431033
mix_63	0.0606911657603196	6.9684198331926e-07	1.05760179437014e-07	1.92747458482618e-06	0.225805152495922	3.31402256745098e-06	3.48214324223199e-08	0.469817232389187	0.143055224471115	0.0302899310005807	4.20258602592645e-07	5.30872317848032e-08	0.0686001082187853	1.51031992734969e-06	1.32684644656766e-05	5.3541809967538e-07	1.01664105522477e-05	8.20364647810937e-07	1.78465009437068e-06	0.00164268864670329	6.38591230186503e-05
mix_64	0.0930098290425385	1.63833686412939e-06	3.16444108215529e-07	5.08521942548192e-07	0.316061124520418	6.2378453730794e-07	6.68865365648806e-06	0.175976720142745	3.26691113625299e-06	0.0700702950430359	1.41775855758052e-06	6.27743273230216e-07	0.108082981307148	0.0136909395108891	6.60028697144682e-07	2.82783484393646e-07	0.0585076894865596	0.0468865098952087	0.0469580904841023	0.0707126127803095	2.71768207875667e-05
mix_65	0.0728591953837195	1.13242898921355e-06	3.17936764370323e-06	3.57119024309051e-07	0.274774514523838	7.09676440648884e-07	5.00646056974312e-07	0.37528107073373	0.0353086148746533	0.0678135899719528	5.87023343549331e-06	1.88492887631248e-06	0.113538364590581	3.96495958969375e-06	7.45773109340202e-06	7.53826627465468e-07	0.0151715957768544	0.0195668635896672	1.40469239749472e-06	0.0255426875623252	0.00011628738250391
mix_66	0.0808007013256704	1.18675735713613e-06	5.7471978594302e-06	3.20030630100777e-07	0.285638848876108	1.50650832901169e-06	1.57503098042285e-06	0.352473023037781	0.0693254899637377	0.0431223790386343	7.35193331975945e-06	9.1537229139845e-07	0.130605540102925	0.0130006283124697	2.43872723252807e-06	1.05168834175304e-06	2.60087898534465e-05	0.00503336062567478	0.0177919837722662	0.00192527351450645	0.000234669394030385
mix_67	0.0733221254111555	1.11569115415013e-06	8.27705581176162e-07	3.60845461028325e-07	0.25192277578055	1.60189638780253e-07	1.3706538273173e-06	0.371013673922982	0.168158784726505	0.0420945330312198	9.58812561189176e-06	2.16005805420213e-06	0.0622284106381491	2.27013146618595e-06	1.26422175746401e-05	1.5487527958938e-06	1.07625989748931e-05	4.93210353513194e-06	0.0145173627452289	0.0163654637232825	0.000329130947252509
mix_68	0.0726354006758856	3.45275211308944e-06	3.36072596038558e-07	2.46200262794477e-07	0.269441751743561	9.99736106661988e-08	3.42986796053914e-07	0.390215560102896	0.0835261506441604	0.0429743324723247	1.2350474176116e-06	7.09704679159461e-07	0.111294726867097	4.08550762603421e-06	7.1040602407755e-06	1.73829994811965e-06	0.0131229708032722	3.35362895065915e-07	8.37994351977409e-06	0.0167356921387811	2.53486403168912e-05
mix_69	0.0787849485673399	2.94845778957399e-06	6.34144003707327e-07	1.51451412280727e-06	0.247790191913518	1.16088132564961e-06	2.93298270485464e-06	0.461767224757356	0.123241853790568	2.32194670875562e-05	3.04709213770899e-06	1.6459814063015e-06	0.0678485459906212	1.48944504222377e-06	3.2415942598206e-06	2.59086109726376e-06	3.13682173378527e-06	3.213165044567e-06	0.0205043034394847	2.52009317873667e-06	9.63604017822917e-06
mix_70	0.0691200383450389	1.6651418099076e-06	3.05311648064717e-07	8.14248248747482e-08	0.264638883894542	7.592586983849e-07	2.46813847328819e-07	0.410762752385997	0.0293276082900637	0.0702115192676746	9.12036467723757e-07	2.29705385440161e-06	0.0982843019472344	1.82708794704813e-06	2.09231254899941e-06	3.07636046499627e-07	0.0247419097823731	2.3436383604573e-05	4.28847962162894e-07	0.0328028720642473	7.57547135687986e-05
mix_71	0.0719181944674154	5.49249643718603e-06	2.27094637909113e-06	2.80054682194106e-08	0.269027976036129	8.17694619826277e-08	5.93020320916891e-07	0.378980277609341	0.0945882452363304	0.0504048713335224	1.31726479961582e-06	1.19884469289232e-07	0.0996811569175814	1.63337498224307e-07	5.35989026898767e-07	1.45072441583151e-06	0.0074192007526073	2.14354707183597e-05	4.93395962580492e-06	0.0278676072103808	7.40475680713892e-05
mix_72	0.0689368103568499	1.04999763203995e-06	2.27711389238568e-06	1.42641623554922e-07	0.269149296749538	9.47027149706776e-07	7.67928269750537e-08	0.335058431488702	0.0806327735348502	0.0776992639384769	6.23810689055453e-06	2.17744507415295e-06	0.0913183386688538	9.68902169607644e-07	2.96181436411853e-06	1.70267264244453e-08	0.026403126905232	0.00280401917000569	1.38509557586652e-05	0.0478873443755617	7.98869878212427e-05
mix_73	0.0727507657921179	1.5335472114049e-06	2.20264925822273e-07	1.51646907644164e-07	0.257440005257754	3.52328685532489e-07	5.05144762535481e-07	0.388714619227191	0.0466417327393544	0.0656646130184036	1.55903928116433e-06	5.74789101877269e-07	0.0916764595212228	5.3576620233546e-07	8.8713687362533e-06	7.03486518551433e-07	0.0292450957641857	0.0024851791757226	1.00488894448992e-05	0.0452989545575392	5.75186747306944e-05
mix_74	0.0662344111843247	8.58692616887698e-07	8.05683549020274e-07	4.56222838355617e-08	0.226164000147301	1.26743817078652e-06	2.42147257921372e-06	0.448114024307292	0.224294223507526	1.131260008756e-06	4.69553690601623e-07	4.60918866981746e-07	0.0298177743143476	9.60040867549782e-07	0.000742341103234371	0.00455558594241715	2.96845121469871e-06	8.20102854762514e-07	2.24058581655564e-06	1.96840590045052e-05	4.35056120322574e-05
mix_75	0.07588319974371	9.86361876654304e-07	1.55237706217126e-06	2.6500972718108e-07	0.240355157118974	3.46198494378648e-07	6.30370058675779e-07	0.48887287830488	0.0859053705195837	0.0227850623160631	8.84321362296477e-07	6.01149423905616e-06	0.0830680441353824	7.26385510554637e-07	9.55146337395969e-06	1.51213619488059e-06	4.95042412470647e-06	8.35578300193698e-06	0.00304762529801312	3.2097083674161e-05	1.47931546929936e-05
mix_76	0.06543970490432	1.52785701077323e-06	2.51950109976462e-06	1.27954466594424e-06	0.264462481918756	4.45661112109955e-07	2.95909439873114e-07	0.323881916332237	0.145736288712584	0.0667102590649676	1.28268981859596e-05	3.03861082463412e-06	0.10156158860029	2.76492664063874e-06	1.62795427476455e-06	1.44414687482924e-06	5.94162067102438e-06	1.04614536224786e-05	3.26196905387752e-06	0.0320649627648907	9.53616484777875e-05
mix_77	0.0706816410839442	2.72521219310536e-06	1.41378954895758e-07	2.22488155976724e-07	0.232892545955475	9.46658988765193e-08	4.05669848730836e-07	0.465314001439939	0.135926950135632	0.0136438661497769	3.61099097397403e-07	2.91401099449106e-07	0.0728792140725274	2.32293736756566e-06	3.78739479493236e-06	6.99735385991432e-07	8.96149203340191e-07	7.0616159256791e-07	0.00852957744702795	0.00010114078391841	1.84086381660453e-05
mix_78	0.0709426202876493	3.71614768335508e-06	3.88055690760467e-06	8.26729008492928e-08	0.246089582401077	7.62365295647496e-08	4.70099435877043e-06	0.450569779921631	0.0786922135538426	0.042479385472957	2.1802344055801e-06	8.45686952484423e-07	0.0882799577144214	4.34535329853334e-07	3.2992658760059e-06	7.47731498504256e-08	0.00049355301716336	6.55237250718765e-06	6.21828028137054e-06	0.0223830088058502	3.78370685254481e-05
mix_79	0.0835101738517285	4.11431135747752e-06	3.93797517499504e-06	2.57530825361685e-07	0.270651619959901	1.56095425510767e-06	2.13303699712717e-06	0.321309307093845	0.00725747474911661	0.0856658048227877	1.1921117455137e-05	9.6028064314154e-07	0.0744645953854558	7.23503692129029e-07	6.18451025369496e-06	2.2214817791948e-07	0.0318734984037959	0.0325046574059081	0.0527735548293018	0.039886535291548	7.07628377798475e-05
mix_80	0.0811363051691437	1.3175649385722e-06	2.46300715790343e-07	4.79709832993984e-07	0.261807606387645	7.38883583600347e-08	4.71456815058607e-07	0.450210165031285	0.0373671463293147	0.0398655663395307	1.9676670555299e-06	5.99692138695939e-07	0.0838682239737187	5.61247875601779e-07	2.94213748629394e-06	1.10349762352023e-06	3.38299781846617e-05	0.00800867074689361	0.0376540683375482	1.77816808572099e-05	2.08728630382016e-05
mix_81	0.0860643638915151	2.99293707253999e-06	3.33543271628614e-05	6.07905301914502e-05	0.28309615295769	3.31674545399456e-07	1.20399715108237e-05	0.343425207853478	0.000228522826745198	0.0663506289065661	3.16063936047744e-05	4.64233837476872e-06	0.106444067096303	1.70696767647495e-05	0.000125822005823851	1.94795255245898e-05	0.0161738364020172	0.0609275992894031	0.014324190393725	0.0135682301908461	0.00908907081113552
mix_82	0.0778213225595997	1.57424792748373e-06	4.22840183154358e-07	1.96801100308719e-07	0.313908734937705	3.3640043623436e-07	6.34017757862317e-07	0.163107604629683	2.72711539324013e-06	0.108242861172334	1.16526852444067e-06	1.28891550931918e-06	0.135325109157791	0.0248764955878994	2.12758946446839e-06	2.25897875575988e-07	0.06760592786367	0.0292603618993493	6.98980559857081e-07	0.079801442808966	3.87413082697519e-05
mix_83	0.0588099865196958	1.34003173673877e-06	2.4565925386229e-07	3.84012819371314e-08	0.249815909787736	2.4227765864267e-06	6.04998960564107e-07	0.46644319117841	0.0403283324696564	0.0444809434449308	2.82772398589068e-06	9.3393882588281e-08	0.126908352882687	3.31133758292243e-06	1.32714458506921e-06	7.46723823810979e-07	0.00204850833374297	5.03976156066824e-06	4.49259930896634e-06	0.011128865084771	1.34197458201424e-05
mix_84	0.0677932642960003	8.75520994845844e-06	1.01208706465516e-06	6.32986719966748e-07	0.260615706654634	1.04935666002058e-06	2.45749426307901e-06	0.355213278364868	0.132026120884854	0.047995840374825	7.02080478829145e-06	5.37295347149762e-06	0.116811226129347	5.68215537461996e-06	7.38006366486878e-06	2.63916797583426e-06	0.000280480228963706	4.09885651983246e-05	1.03482250492038e-05	0.0191526053959062	1.81386004225459e-05
mix_85	0.0741187318099086	3.85091233785542e-07	4.48665670877844e-07	1.67829848254965e-06	0.281998175948178	3.96159009227637e-07	8.3225200254827e-07	0.326316296762115	0.0461178140216515	0.0775181777585748	2.88539036995511e-06	1.41419954983601e-06	0.12924761369296	0.00474624809923218	2.37103804872967e-06	1.71589561127809e-07	0.0202842214121998	0.0149545208642994	2.67172433893667e-06	0.0246515174894939	3.34277331188737e-05
mix_86	0.0731202235157846	1.13978920036802e-06	2.40311347358284e-07	5.27682982826216e-07	0.24431975090959	1.0239312052938e-06	9.73965644205354e-07	0.432854521358635	0.137430001792208	0.0295826851580509	7.42621140974919e-07	7.42844023044944e-08	0.0770928872090354	4.45030663139437e-07	3.28489100647601e-06	4.33812466799749e-07	6.4735223145228e-05	6.53074514497807e-06	0.00250443639724699	0.00300369044509281	1.16509260065234e-05
mix_87	0.0556449161921764	2.45950052793802e-06	1.00625962130242e-06	7.91927189238922e-08	0.185673659252649	2.283592033475e-08	1.73652244859437e-06	0.499904463232599	0.251853327136762	5.33426969160363e-06	7.85551284789475e-07	4.33279454698119e-07	0.00197699478452115	1.2091014319516e-06	1.03213395678679e-05	0.00490615843143175	2.06329206781621e-08	1.09360197962247e-06	5.40621433177109e-07	2.27586331286402e-06	1.3162397545452e-05
mix_88	0.0628045906942787	4.55107767320506e-07	3.27540032528917e-06	6.89448130514969e-08	0.223575137784592	1.86202239444307e-07	8.55880148943739e-07	0.477906822022558	0.160373131297117	0.0131088052149796	4.12301583052308e-06	5.44774960081639e-06	0.0621568334960605	1.48756737265697e-06	9.29211189968648e-06	5.66921859654505e-07	4.38422236217538e-07	4.65841171838115e-06	1.5149996111281e-06	5.63428975377518e-06	3.66744652369189e-05
mix_89	0.0931557608749447	1.99685411567205e-05	4.63276867999171e-07	1.92663898542339e-05	0.272795159142816	8.16418619599957e-09	1.84979911142207e-05	0.27595308672198	1.0097856245717e-05	0.0729005826249403	1.76516033009629e-05	5.0191022216714e-06	0.0716065977229442	9.1176209577144e-06	1.19333715100957e-05	4.66862463356905e-07	0.0313337201175043	0.0632600742909981	0.0792708152380512	0.0383821058675829	0.00122960661835991
mix_90	0.0704447216044231	3.47676471689327e-07	7.70154818259243e-07	1.33591505267364e-07	0.221434708004154	4.17640990020918e-06	3.55603547983112e-07	0.395002098871595	0.269147046606668	3.13472415757306e-06	2.17030648967231e-07	4.25748606791669e-07	0.0439352344927697	7.86407019160391e-07	2.06862862624161e-06	1.23501995593768e-05	1.96359324974868e-06	2.82258036361484e-06	2.27209494476364e-07	3.46830906554933e-06	2.94255335520077e-06
mix_91	0.0547024073488218	2.23664996996322e-06	3.64794795660151e-06	2.16491188700067e-06	0.229216424489354	1.12087746965941e-06	9.71592390579756e-07	0.436699824782116	0.161930045038362	0.0220403133705895	2.65949573863191e-06	5.59470760758428e-07	0.0953058913408917	3.83728739395142e-06	7.3389735015076e-06	1.73390724471241e-06	2.90455029301845e-06	2.89755260886628e-06	2.37907534342048e-07	3.50287017691959e-05	3.77538033451419e-05
mix_92	0.0752804318144684	7.63250321172968e-07	2.5914439486653e-07	2.86586062852223e-07	0.24314706621616	7.76744461987804e-07	2.29378881521547e-07	0.431281428743342	0.161871424329253	0.00458633820269683	1.10169802628084e-06	4.88190754737241e-07	0.0837776530864031	9.33259509882811e-07	1.46749295510105e-05	8.42746949086198e-07	6.94305487251051e-06	3.49386630235773e-06	2.53233584233488e-06	1.28633937335762e-05	9.46902801246541e-06
