Bcells	CAFs	CD4_Tcells	CD8_Tcells	Endothelial	Macrophages	NKcells	otherCells
Mix_1	0.165898449555915	0.0154224563776037	1.55072329524753e-09	0.0304607706888163	0.508690814847976	0.0138685464701471	0.265658036351139	9.24157680303531e-07
Mix_2	0.365802212305468	1.86210209398912e-07	0.0295766829844786	8.36865982410589e-09	0.210852523086655	0.00618490108754227	0.201670166316862	0.185913319640125
Mix_3	0.118021059127371	0.02947801496029	1.49761821877961e-10	0.188979526146456	0.284414271250164	0.00435955914543477	0.306402227862828	0.0683453413576942
Mix_4	0.182964401968443	0.0142544966119384	1.00743982103224e-09	0.12360081348274	0.344966691996719	0.00222390839291092	0.282010456676842	0.0499792298629663
Mix_5	0.519738427203801	1.57521105093707e-06	1.33461938553572e-08	0.00751048749631611	0.20139661149022	0.000280782324114504	0.27107208812534	1.48029626647449e-08
Mix_6	0.284656343618525	1.64341686213837e-06	3.78389363765483e-09	0.0834624912966707	0.191578294163787	0.0169327661061871	0.216335238267922	0.207033219346152
Mix_7	0.229499209865023	5.74427726938803e-08	0.0252074471607479	0.19118219406243	1.51674070260885e-05	0.00200711796747877	0.180801689232064	0.371287116862458
Mix_8	0.329175220590868	1.52793583121288e-08	0.0922489509095523	0.0885821605457345	2.47374799724565e-08	0.00956808671323302	0.042611760169245	0.437813781054529
Mix_9	0.316432131829974	3.91146519810889e-09	8.16170700342467e-08	0.0819786966421477	0.203383132898934	0.00489006217640757	0.22758202999964	0.165733860924362
Mix_10	0.389131584516016	1.49944863513593e-05	6.45363955777144e-09	0.124585808607262	2.00015567425083e-07	0.00953768428894607	0.180695810505976	0.296033911126242
Mix_11	0.293117476283068	3.4027378029068e-08	0.0985795082744371	0.00187460032279397	0.158535261589991	0.00349591389932584	0.199408355075296	0.24498885052771
Mix_12	0.0731534011214318	0.027238913539644	2.16805291890133e-09	0.121991859360412	0.42881878380645	0.0104223960152808	0.272914209752418	0.0654604342363098
Mix_13	0.431112467275331	1.0148673500789e-06	3.7385611500311e-08	0.123115452037578	1.16047764284423e-08	0.00358792681397112	0.167631409614993	0.274551680400388
Mix_14	0.123197475678349	0.0189743681189781	3.42013266978693e-08	0.201894751046503	0.259861082526711	5.49113319830119e-09	0.29330356633036	0.102768716606639
Mix_15	0.183898291546522	8.44133197446447e-08	0.110555057371298	0.11986826813027	5.27977974725323e-07	0.00451468100766834	0.142064650749727	0.43909843880322
Mix_16	0.299968561306761	2.67851552704689e-08	0.0332676722182572	0.15596770744092	1.22161605030881e-08	0.00672673153142392	0.103240715787377	0.400828572713946
Mix_17	0.213835060102908	1.36137430341013e-07	0.059648409294991	0.181423715456765	3.21859254776588e-08	0.00357244007387382	0.146674165694432	0.394846041053675
Mix_18	0.192072608928075	5.82075573514103e-08	0.205925578394324	0.0467772433339228	1.21124235698992e-08	0.00568390890760754	0.0781754035148158	0.471365186601274
Mix_19	0.131865015376425	0.0258326202954193	2.93324099577623e-08	0.170424505525991	0.304697728765057	0.0111535426624853	0.26371312446483	0.0923134335773833
Mix_20	0.351271103319918	5.55486279544484e-09	1.06399705385675e-05	0.121730079477185	3.88500940543056e-07	0.00934253644556569	0.1343358871991	0.38330935953189
Mix_21	0.317337395204375	6.99542808090729e-07	7.39235567600103e-08	0.142052431021434	3.95541449174584e-08	0.0128114235471647	0.104305818222003	0.423492118984513
Mix_22	0.132180850387054	0.0199344876923904	1.8177125885499e-08	0.15777490329123	0.339316398312338	0.0141148501962093	0.217286623114846	0.119391868828806
Mix_23	0.471665288351227	5.82026297595119e-08	0.04052327635221	0.0144925671271614	5.00930904604988e-06	0.00545200037585209	0.12911096068758	0.338750839594294
Mix_24	0.0143132639196592	3.46823687354336e-09	0.161031730450641	0.222802381930212	7.99516492269552e-08	0.00775182346800064	0.0539388076211825	0.540161909190418
Mix_25	0.416131697428241	3.2354756106354e-06	0.000236077816836407	0.138881297307691	1.22963659599988e-05	0.0012276036021118	0.156426182726283	0.287081609277266
Mix_26	0.288581689653062	3.12388649109645e-08	0.0530762267916252	0.175257786078386	3.86726793550622e-09	0.00376491965978797	0.100366783577925	0.378952559133081
Mix_27	0.347099712820366	2.16448337273365e-09	1.02261550502827e-06	0.252279740675741	4.92768554931634e-08	0.0100017865269396	0.0263235853303411	0.364294100589768
Mix_28	0.262194706262085	5.51361679742475e-05	1.42109480367492e-08	0.10807453967877	0.178719985591721	0.0107168582882069	0.171919623425116	0.268319136375178
Mix_29	0.339922819635512	6.15538467995928e-07	0.0374657560190939	0.172214135516272	5.01291108045456e-06	0.0031476408320249	0.091164172241601	0.356079847305948
Mix_30	0.230753988383514	0.0102033100639242	7.10417003180151e-10	0.181831223120794	0.209358002308615	8.91024033396401e-07	0.301509325375572	0.0663432590131307
Mix_31	0.32037364650955	1.9225717085434e-06	0.0252402157518091	0.130392548332201	5.10689248902477e-07	0.00617720711521317	0.130346411873166	0.387467537157103
Mix_32	0.184769389069166	2.28188639230464e-06	0.173117322978538	0.0852729362066618	1.21992706465833e-07	0.00780386739479165	0.0559983341104366	0.493035746361308
Mix_33	0.115343964568449	4.25319057794554e-09	0.0804329068249245	0.180434843041705	1.17572625680691e-07	0.00814131564708853	0.138885434253648	0.476761413838369
Mix_34	0.318029787033588	4.56502516961592e-07	1.63122692627022e-08	0.0995863056782334	0.155002729239591	0.0140356256167272	0.190511676156172	0.222833403460902
Mix_35	0.253373106912766	0.00470911533152581	1.0759421033823e-08	0.0564198105452139	0.389027744540932	0.00250089042251888	0.260562766381991	0.0334065551056302
Mix_36	0.305529796330545	2.66470623638683e-08	2.55019575962506e-07	0.140078260187882	0.0699486128408827	0.00493417068363738	0.190830353205429	0.288678525084985
Mix_37	0.133205082034681	0.0209273628115755	8.90562522228323e-08	0.162608255321903	0.353199078978786	0.00526243528617245	0.317543041865986	0.00725465464464428
Mix_38	0.0864685552367533	0.0218813918251973	0.015810976393315	0.115223142473951	0.392236900309098	0.00967754549666816	0.234895350865036	0.12380613739998
Mix_39	0.417508219371131	2.17030539610419e-08	0.0122862166673975	0.0763489131471109	1.83288945664713e-08	0.0146754938488685	0.0479796924605297	0.431201424473014
Mix_40	0.281869615458295	0.0156500769131994	7.39493710828616e-09	0.134232964093395	0.257224078411282	0.00270865111007824	0.308257389769893	5.72168489195869e-05
Mix_41	0.234996686576677	0.0261907200153239	4.30193585926515e-09	0.0333556353567885	0.354223501498738	0.00566963605812812	0.345563809834083	6.35832618909065e-09
Mix_42	0.301598234547845	1.16348963805446e-07	0.0576716661241644	0.190963292763713	2.61776700344089e-08	0.0035184264226824	0.0613957186706593	0.384852518944302
Mix_43	0.361580762909818	1.19873164214295e-07	6.50654840895593e-08	0.113604460318429	0.0776702478305976	0.00939220527996543	0.216610439068777	0.221141699653765
Mix_44	0.136821850273638	0.0211778419286858	1.67302357183443e-07	0.0415369558442486	0.481852512008056	0.00957073262556163	0.309039908487335	3.15301178724581e-08
Mix_45	0.1584936098894	2.19106591959907e-07	1.34416492732467e-05	0.272786712241401	3.00373970172745e-08	0.00759104920624008	0.154770876071381	0.406344061798316
Mix_46	0.314957761289898	2.51458466837072e-08	1.58525010455816e-05	0.258561961257341	2.55763266261565e-07	0.00635566005729157	0.0313150801948943	0.388793403790417
Mix_47	0.254624904681721	1.61963742588199e-08	8.60706354318256e-07	0.106445307293308	0.207475828468476	0.0108604710930279	0.207936865765303	0.212655745795435
Mix_48	0.314833126392763	2.13333761532228e-08	0.0175217706184564	0.0897738454857782	0.0824818881295857	0.00435375270993504	0.18987940536146	0.301156189968646
Mix_49	0.154856165581352	0.0252215585227632	1.5026723455235e-08	0.0796608597779207	0.377411840972377	2.50432982101497e-09	0.362848772609709	7.85004824639693e-07
Mix_50	0.123829430921483	1.51596662101039e-07	0.0439887399235825	0.291201914310099	2.75064830991305e-07	0.00718020092523998	0.0656429419880914	0.468156345270011
Mix_51	0.305053270027892	7.18443363921705e-08	0.0651165316535804	0.0849059437540226	1.38928187234134e-07	0.00611936324004704	0.140858868037689	0.397945812514244
Mix_52	0.0650967641689914	0.0294065180649135	8.8971279944274e-07	0.274930986155247	0.171817658411678	0.004285481665936	0.233580967467393	0.220880734353041
Mix_53	0.27295112525036	3.88431249306627e-07	4.31132197838746e-05	0.178979875733435	1.41416353491541e-07	0.0109268759805738	0.114311297054484	0.42278718291376
Mix_54	0.131895535738995	0.0602330173710566	9.00865675242553e-10	5.01227832478825e-08	0.34888480183247	0.0119337224011915	0.447052511581584	3.60051054286871e-07
Mix_55	0.080473875172104	0.0455587489124921	1.10081754746239e-07	0.138422439280722	0.359147686015327	0.00385340361705231	0.372543736841688	7.88604642281449e-11
Mix_56	0.140596596619026	1.32043358075619e-08	0.000628044582744375	0.286815607796722	1.78044936210376e-07	0.00905542455754719	0.106566960085814	0.456337175108875
Mix_57	0.0159435939757923	0.0989867627699375	1.72520681320826e-08	1.33342402909612e-07	0.415043763584167	0.00430322029221969	0.46572187496217	6.33821242673363e-07
Mix_58	0.183442558616892	1.79419965956063e-07	0.0964084502086493	0.132712202621937	6.51062133707842e-08	0.00461486919556282	0.150810485235921	0.432011189594859
Mix_59	0.134690546549584	0.189585237624065	2.33564986339972e-08	0.0771601002089162	0.150762151517887	0.00411006433720215	0.443691866301458	1.01043890214592e-08
Mix_60	0.431436081221627	2.95349529234848e-07	3.83104304880513e-08	0.258552825223708	1.22889843986838e-07	0.000198406677019817	0.0675867068387197	0.242225523489121
Mix_61	0.422930314709595	6.39409528645809e-07	1.14565872043299e-08	0.0610121434999357	0.0918006705238229	0.00681351113439826	0.23664505243334	0.180797656832793
Mix_62	0.489239223786462	1.09980801925244e-08	3.20301095277344e-08	0.0275699987182874	0.131737837129621	6.8149010764218e-06	0.302772966931325	0.0486731155050388
Mix_63	0.0848292931533742	0.10143443299507	6.10787761681007e-10	0.0433423575855988	0.348351893541928	0.0112905209750525	0.410749376330842	2.12480734651081e-06
Mix_64	0.280004820096859	3.76834941974714e-08	8.24934446193999e-09	0.149811352565503	1.45790133013068e-05	0.0143465279946333	0.150627697009444	0.405194977387421
Mix_65	0.284411964552727	9.46904759038188e-09	1.86097169263005e-07	0.169138999832807	1.49680374188164e-08	0.0111851966405226	0.128880387629358	0.406383240810331
Mix_66	0.330866980714521	1.26739662819668e-07	0.00216331989822647	0.120463651209443	0.0860476405560284	0.00156128737264155	0.205359313134877	0.2535376803746
Mix_67	0.529049459201098	2.81658097019274e-07	3.82855325144329e-05	4.92210663342718e-08	0.00184000135906229	0.0115831526259603	0.164452741847156	0.293036028555046
Mix_68	0.193868908105396	1.78433701141563e-08	0.0262455911661646	0.259203492262704	9.11886515943098e-08	0.00791700521597356	0.0699825926475249	0.442782301570214
Mix_69	0.449326929871355	7.33867658029913e-07	1.08244422118522e-07	0.117530787630642	2.73261800657578e-07	0.00416336505320402	0.191099706079524	0.237878095991394
Mix_70	0.175121693441091	3.67549150274711e-08	0.0606984170602466	0.224988821250025	2.46785278794497e-08	0.00590322907909549	0.0889973462694942	0.444290431466605
Mix_71	0.223780793614059	0.00846966012021156	9.90890032404027e-09	0.183212994815148	0.136904852649336	0.00443368296597089	0.280294028450087	0.162903977476287
Mix_72	0.155299619838893	5.43152811349953e-09	0.13147952221403	0.124643648384571	1.34414629458569e-08	0.012519466357751	0.0379474966784361	0.538110227653327
Mix_73	0.0630730231520199	0.00460180919166962	4.95843512434992e-09	0.13173852689616	0.425327522749632	0.00208699543406685	0.373172066824778	5.07932384692643e-08
Mix_74	0.404340495694969	1.15302035554747e-07	2.30247216884288e-08	0.0546455716145924	0.184020823474375	0.00784791992032377	0.254203442227377	0.0949416087416053
Mix_75	0.231219639454302	0.0104061916717369	1.66077763068574e-07	0.024536982786447	0.362975472984193	0.00147836009951813	0.369383174211716	1.27143236710094e-08
Mix_76	0.224820481006353	0.0109074522484342	1.04826943460083e-07	0.0884955855302645	0.317707582616647	0.000822704426650547	0.357246088557184	7.87524032678724e-10
Mix_77	0.215067843564439	0.00187614748975466	1.7937355930396e-07	0.0382696680117834	0.430813069819663	0.0114382210867383	0.237820056336548	0.0647148143175137
Mix_78	0.0978750272465344	0.0291456378632504	0.0148136259807886	0.196782728499038	0.235291621878765	2.57451355563766e-09	0.263307485529536	0.162783870427574
Mix_79	0.106857794925805	0.0350507258074022	1.25045156647603e-08	4.93564633189497e-06	0.343324722012711	0.00859343466555389	0.50616826348494	1.10952740902233e-07
Mix_80	0.256369252860037	1.67910154421748e-07	0.0983214365477883	0.0433861874189435	0.103520656010669	0.00613939338836799	0.164199621063577	0.328063284800463
Mix_81	0.242769331349965	0.00185358215748858	2.60436834125185e-09	0.128239664295986	0.241768303826731	0.00788620437972196	0.266512804486162	0.110970106899577
Mix_82	0.309404989167313	1.06901752575921e-07	3.51924938183738e-09	0.163836035231832	0.0656667126457612	2.00237003032298e-07	0.253189997923605	0.207901954373484
Mix_83	0.364968318899958	2.34372294817823e-07	1.10385077749258e-08	0.0982462201739406	0.0453822558739719	0.00721066532919189	0.210028365134719	0.274163929177415
Mix_84	0.230894828453626	3.94804623002162e-07	0.0178986688401186	0.1959820234188	1.9081554530582e-08	0.00859347222781743	0.11570706417753	0.430923528995929
Mix_85	0.256631544233393	0.0320850357324713	1.45122012476411e-05	0.075201517229587	0.340927389923976	0.00105683814425566	0.294076836688278	6.32584679082835e-06
Mix_86	0.171368098145299	0.0196687117515177	9.93213883624393e-09	0.138918184641964	0.357026107008639	0.00812793376742191	0.304798176167591	9.27785854284296e-05
Mix_87	0.613584515369401	8.76291155482467e-08	6.4819347445276e-05	3.03231640333397e-07	2.4674857517289e-07	0.00864734909563408	0.187664500721842	0.190038177856347
Mix_88	0.344946569356943	5.60316985306478e-10	0.0576833345234071	0.180848575138469	1.50434737819785e-08	0.00473958659136994	0.0214653316953714	0.390316587090649
Mix_89	0.0383242513819331	0.0565655025800741	4.46062377876111e-06	0.0927548119213576	0.484687162467672	0.012466877894935	0.315196394639149	5.38491100848737e-07
Mix_90	0.260118379275165	0.0417337973667131	3.80874463666609e-05	5.25510114795757e-05	0.238150081610913	0.000610944402176864	0.459281227027328	1.49318598576824e-05
Mix_91	0.595682279387224	6.92658021315054e-06	0.000737174004726334	2.71150265191034e-07	1.79609685899312e-05	0.00198861195052095	0.169110755655776	0.232456020302684
Mix_92	0.296578126774709	6.43566283696312e-05	5.70459837138037e-09	9.40339694545407e-06	0.360666631148718	0.00660528438460879	0.336076175969979	1.59920722014457e-08
Mix_93	0.173104475234838	4.99025486006684e-09	0.139372284592753	0.139807086438082	2.650969303347e-09	0.0115432930196351	0.00468992879551429	0.531482924277953
Mix_94	0.401051500443771	9.81275855222673e-09	0.0434537440669564	0.134992605549192	5.22742015790036e-08	0.00540148019867782	0.0566901862228925	0.35841042143155
Mix_95	0.223273842871648	0.00480491431103764	0.0480769455755671	0.00903953975735657	0.403334707914198	0.00358343261980098	0.254675330690796	0.0532112862595954
Mix_96	0.117392900873575	2.93147540266457e-07	0.102873265426327	0.156508931269811	2.68837155057222e-07	0.00593155008782744	0.157628088854044	0.459664701503719
Mix_97	0.312257633889953	8.3289521536257e-08	5.81446080052989e-09	0.0673287888381708	0.287772309709941	0.00954428158430321	0.264289216471271	0.0588076804023794
Mix_98	0.449801124355645	3.0882589122901e-08	6.94599356601399e-07	0.0515441718235853	3.5584750284176e-05	0.0214335648952191	0.00281064612223736	0.474374182571083
Mix_99	0.0181488568734637	5.83572922288339e-07	0.198116980014355	0.131326618553892	3.20854612743721e-08	0.0025926297860507	0.14666821137768	0.503146087736175
Mix_100	0.278744869095759	1.88314213259461e-06	9.35733956179196e-08	5.35476149934839e-08	0.434892603760727	0.0121530761504014	0.231245846436673	0.0429615742932959
