B.cells.naive	B.cells.memory	Monocytes	NK.cells.resting	NK.cells.activated	Neutrophils	T.cells.CD4.naive	T.cells.CD4.memory.resting	T.cells.CD4.memory.activated	T.cells.CD8
S10001	0.0571262480972433	0.0522034258145235	0.0625901635920795	0.152584203142451	0.0396908425427715	0.0350843088802487	0.0757618778665086	0.449035096521429	0.0541855314245205	0.0217383021182242
S10006	0.0576417603010954	0.0581070659861305	0.0651686275492835	0.153763869062412	0.0429827903421841	0.0360076017084276	0.071338151686587	0.437739358777623	0.0557882537922258	0.0214625207940308
S1001	0.0541426171521802	0.0562509094445197	0.0672418420801807	0.148378627562879	0.0403342231069479	0.034123314893426	0.0739101887917065	0.449366641540713	0.0533590577772352	0.022892577650211
S10010	0.0513747406802329	0.0497273685103496	0.0674286425170285	0.154039508911607	0.0430648363252626	0.0363598177212078	0.0733549940106464	0.450981512068627	0.050379653348541	0.0232889259064977
S10011	0.0552045898206432	0.0502434223389275	0.0665449556090041	0.14680886212049	0.0414484904022582	0.0340943683333051	0.0732369735127884	0.456580392606221	0.0529567015054247	0.0228812437509373
S10014	0.0562064214080168	0.0540491102777542	0.0650621309234454	0.155470297392902	0.0419386575327433	0.0341028577126054	0.0726878097274134	0.4407248861625	0.0563644769290304	0.0233933519335891
S10026	0.0531767410401684	0.0570011256400703	0.0669598914496068	0.154626154937381	0.0414087917454889	0.0359769237208598	0.0730994331742552	0.442838243686985	0.0524916054672575	0.0224210891379269
S10032	0.0596443539755053	0.0570862262068625	0.0674987711262854	0.149737038156493	0.041315052976702	0.0344287562531018	0.0721589033515293	0.444661428074994	0.0524707749104989	0.0209986949680275
S10036	0.0532199203582886	0.0544584220682894	0.0667697603710077	0.159995171053192	0.0386713274556309	0.0347994013551911	0.0758882839083871	0.438519110541047	0.0546968961647634	0.0229817067242029
S10042	0.0563747945714514	0.0571894591746145	0.0653480075556462	0.15084746486502	0.0416317464415115	0.034429545149677	0.0737576492642251	0.443627393787021	0.0541185653349318	0.0226753738559012
S10044	0.0540122271669674	0.0614214796264548	0.0645355019659899	0.148761341572585	0.0425528181910055	0.0358160795866931	0.0729916753847689	0.443115623361028	0.0542325080556569	0.02256074508885
S10049	0.05670507040525	0.0604046594809278	0.0653331262164083	0.147158556108036	0.0401684968586478	0.0349523049786451	0.0723548140429852	0.444589195332436	0.0527367534290614	0.0255970231476024
S10057	0.055165639518772	0.051691397260892	0.0612894468116539	0.1528541141291	0.0424516030013118	0.0321508298022161	0.0713315826943736	0.454708861690996	0.0581364926055842	0.0202200324850999
S10062	0.0552661979452485	0.0531487055710021	0.0667476760047861	0.146681978919826	0.0409092618047274	0.0348587326956887	0.0713473095925889	0.453810756030129	0.0511553127702835	0.02607406866572
S10066	0.0520201478630263	0.0485005882831709	0.0676865728830765	0.155526796498647	0.0416961924088801	0.0363815184694728	0.0748158527097772	0.450517160221632	0.0541549210238546	0.0187002496384627
S10067	0.0564748764071869	0.0558558627889169	0.0642269698833126	0.14990690276844	0.0428599696385744	0.0340883539908927	0.074663250985338	0.445622042194833	0.0519933759831786	0.0243083953593273
S1007	0.0583524283841991	0.053787419069602	0.0637249714954927	0.148873773506704	0.0428195798318836	0.0347611630744641	0.0744862409015096	0.448512666739514	0.0531599161845856	0.0215218408120453
S10073	0.0545627307963052	0.0533055386872765	0.0628244247407714	0.145191347194937	0.0440604741412658	0.0349374296310407	0.074056605167664	0.452885145088915	0.0513828939627204	0.0267934105891043
S10077	0.0577662387115733	0.0535397851507713	0.0657404961940794	0.149990584373429	0.0420495496065666	0.0345485618416407	0.0767854446104432	0.44538469252463	0.0519536315776418	0.0222410154092249
S10080	0.0569970703799317	0.0561391181236302	0.0651001401161733	0.148010954087857	0.0415449403166351	0.0341434793066155	0.0723701511840165	0.449362882011653	0.0523935080196225	0.0239377564538652
S10082	0.0565755103505914	0.0605265447614517	0.065795489872851	0.144078674736279	0.042152718645493	0.0348719210469803	0.0749635249058303	0.446919259638518	0.0528110225071586	0.0213053335348465
S10087	0.0580939996353242	0.0561037631233301	0.064325629546649	0.146576552254027	0.0407210807589599	0.0338704905060588	0.0717810555466413	0.452166446122308	0.0545340111566237	0.0218269713500786
S10089	0.0565008429353807	0.0526321531446797	0.0643759300636427	0.152751201196248	0.0402980368822585	0.0354076250060709	0.0751372749669755	0.448474492044454	0.0528552612994502	0.0215671824608395
S1009	0.0592306496266505	0.0633276273975401	0.0635406304363371	0.144544569589543	0.0397026770342366	0.0336006068306061	0.0732880413674491	0.447856719942505	0.0517670319308528	0.0231414458442795
S10090	0.0542773605222853	0.0504759995261154	0.0630309086061975	0.145305062084761	0.041823574163382	0.0349383668249316	0.072351891010779	0.458550877448136	0.0572619337729376	0.0219840260404743
S10093	0.0550125374319913	0.0498709032097925	0.0638775127949281	0.158203819344712	0.0431325695773478	0.0346391985741193	0.0725830566007492	0.444894953074227	0.0540686013124001	0.0237168480797324
S10094	0.0549843031222591	0.0541421493596293	0.0659984703719556	0.150222237020478	0.040517992918615	0.0352892880850086	0.074734306564703	0.452012066789131	0.0505114674495291	0.0215877183186915
S1010	0.0572226248098668	0.0537273196785273	0.0649293437505684	0.14428408367747	0.0411011485870186	0.0340649016722772	0.0732383726739171	0.44987590118313	0.0544729241213058	0.0270833798459189
S10111	0.0546218329206493	0.0558080382282173	0.063939395481205	0.147156217969205	0.0406767326219305	0.0339147320931945	0.0737721274675785	0.452556638555328	0.0549542597994703	0.0226000248632215
S10116	0.0554727000617538	0.0497966509810165	0.0637104866852726	0.150551096594706	0.0418392312961874	0.0316374171598525	0.0748023361314561	0.450453027518482	0.0540183115590371	0.0277187420122355
S10119	0.0546509499760233	0.0556393359342208	0.0634167085543818	0.146173649006157	0.0405333086279636	0.0331421244305339	0.0745551188289963	0.455738377993328	0.0511991164312066	0.0249513102171886
S10121	0.0547348372657862	0.0548200274038124	0.0636869818233376	0.147190740017124	0.0419155096136409	0.0349938753401494	0.0733528109843457	0.45033626124442	0.0517786816362052	0.0271902746711791
S10130	0.0545898988401308	0.0518192405885095	0.0653659107667992	0.156747922074016	0.0407583459648488	0.0343637132549398	0.0723760583966512	0.448341214737682	0.0540383984143047	0.0215992969621184
S10140	0.0597535217284289	0.0652393172765088	0.0644970752464867	0.147172603694924	0.043158027925157	0.035723820446457	0.069081728460373	0.442747746326713	0.0519590998532991	0.0206670590416525
S10142	0.0570528625064593	0.0566113304529421	0.064675020349327	0.148570006585364	0.0408801689720602	0.0319710136615418	0.0701993919569722	0.452422265037929	0.0548435686998275	0.0227743717775772
S10150	0.0555167779332176	0.0506618670853885	0.064558569028912	0.157894926706957	0.0434312853898831	0.0355742189837192	0.0719233146717587	0.447544181334917	0.0528627313297617	0.0200321275354859
S10155	0.0569054026479289	0.0525976466313082	0.0653524491295276	0.152071398501696	0.0400622513420283	0.0340660523748201	0.0757185090547942	0.44781784209712	0.0523190513246522	0.023089396896125
S1016	0.0534406862059353	0.052084324222909	0.0630883418172172	0.149281692589046	0.0416819053840701	0.0339951354328349	0.070766415358658	0.457345368583609	0.055536198128844	0.022779932276876
S10163	0.0576694354022902	0.0556672212498988	0.0638034703165156	0.149779704631478	0.041618803899916	0.0344892540044383	0.0746589086023786	0.446504953922155	0.0534082483508576	0.0223999996200717
S10167	0.055801824403742	0.0558500288073581	0.0627038984759594	0.151330917424256	0.0437635024248623	0.0334569010888147	0.0716016083128896	0.446949201581091	0.0550811802440715	0.0234609372369556
S10168	0.0572494881807865	0.0526575230737217	0.0627786235513067	0.150272103196693	0.0426249921812229	0.0337228163796262	0.0732220204773766	0.449986169403484	0.0529523876648026	0.0245338758909804
S10173	0.0578305272978479	0.0604258935779972	0.0653349106909567	0.145079143043869	0.0409454542835962	0.0341826297212655	0.07292944534698	0.444616695602777	0.0558049126765494	0.0228503877581611
S10175	0.0553707643553813	0.0556160379126328	0.0641981998773918	0.147082417325309	0.0414142625550747	0.0343150687421	0.0713241618387906	0.458599003258053	0.0518257836128783	0.0202543005223885
S10179	0.0532933924507273	0.055233430209217	0.0635998788004446	0.15070427754187	0.0439528632214848	0.0326022882942731	0.0715536731177313	0.452734403287052	0.0508422434263537	0.025483549650846
S10186	0.0597770643329129	0.0591077949068592	0.0655944385722801	0.150154416363355	0.040491235757719	0.029587301296289	0.0718381864801749	0.445671277263743	0.0515463331890558	0.0262319518376107
S1019	0.0558203611827621	0.051435737552093	0.0647357084639216	0.149221765557483	0.0430014926498566	0.0335261465991519	0.074483819355539	0.453861292134229	0.0521802292733498	0.0217334472316132
S10190	0.0589028845351973	0.0587600728234396	0.0662200958159303	0.14604763641653	0.0412379208685592	0.0352688268377943	0.0765294978053844	0.439448079205609	0.0527654824647475	0.0248195032268089
S10195	0.0555194250285904	0.0543931500456791	0.0654119057532036	0.151837121395545	0.0403711299426863	0.0357496886380694	0.0715570286448119	0.449532692655917	0.0542353137776403	0.0213925441178566
S10196	0.0524581242707733	0.0563346044174385	0.0647135737314656	0.150812777137324	0.0429437361421996	0.0349969383870169	0.0744491021259191	0.448447126599152	0.0531807397715871	0.0216632774171239
S10200	0.0521057809014439	0.0519215724582983	0.0654081284994271	0.152148141452898	0.0425650075791392	0.0349564725203897	0.0695305811659303	0.455974631120299	0.0536265731325749	0.021763111169599
S10201	0.0555459591733126	0.0501917664617251	0.0627008513563744	0.155568916892206	0.0433370795688275	0.0372090616384285	0.0727312862491885	0.448602640155258	0.0534296413299298	0.0206827971747497
S10202	0.0564604773792134	0.0516719489124291	0.0653177316994253	0.148009952984338	0.0439047809730641	0.0337803779526176	0.07235864203385	0.452253950514681	0.0547940321841025	0.0214481053662791
S10205	0.0597687120484187	0.058651731199751	0.066585687761029	0.151327249928516	0.0440632889945618	0.0356544718496737	0.071442043396413	0.44335078128681	0.0489651971214183	0.0201908364134088
S10211	0.0539190551843258	0.0544715259634281	0.06498018426802	0.15114241182498	0.0407313455671991	0.0329652179392872	0.0704867825045932	0.451377259458701	0.0527345789376077	0.0271916383518577
S10221	0.056460416991089	0.057343055715232	0.0645376349586722	0.154058935336031	0.0407508161938878	0.0350588558646623	0.0724350763958236	0.441681223089239	0.0522099324103538	0.0254640530450089
S10222	0.0569403781906278	0.0581886401120581	0.0636674831185387	0.151592865348088	0.0418446918279953	0.0351847179920195	0.0748954197272348	0.439255623665818	0.0564395527547551	0.0219906272628644
S10226	0.0567021152730112	0.0572790151845757	0.0621178675665863	0.151162056963973	0.0404003149198323	0.0345757707235927	0.0721726919372902	0.449308123305138	0.0530749200965011	0.0232071240295001
S10227	0.0540145942492962	0.0535512123022602	0.0653522209325812	0.148217501058014	0.0395493044735106	0.0352524875601834	0.0721895955029771	0.460678781400354	0.0513708254641321	0.0198234770566913
S10228	0.0527329349267488	0.0517718934773178	0.0634564993290589	0.152134279331464	0.04193761848144	0.0345438774955444	0.0762377919431411	0.448185036687212	0.0546829599179751	0.0243171084100975
S10232	0.0579197826515662	0.0566470042523554	0.0621962358318308	0.149577475373672	0.040952017241736	0.0315395376796019	0.07320849536346	0.444691202718431	0.0585280111538687	0.0247402377334774
S10248	0.0537075075818408	0.0579063924882094	0.0627778160468825	0.149540980638166	0.0391275266229002	0.0354069602555641	0.0710876900520185	0.451626007585742	0.0537947101029027	0.0250244086257749
S10249	0.0517446989341761	0.0548871266363288	0.0671042150386056	0.150884756913083	0.0454290612996376	0.0354947440097086	0.0704460908208407	0.445372813515691	0.0563721423339291	0.022264350497999
S1025	0.0563852979611418	0.058488334738268	0.0644823505794072	0.148857975377379	0.0426144263913823	0.0330761848782979	0.0731089797852306	0.448713380728044	0.0512499278337383	0.0230231417271106
S10266	0.0540702523130733	0.0501418853657969	0.0641657401336099	0.149179329686772	0.040659540511933	0.0348542978770359	0.0729050090262716	0.456749723593832	0.0530818192870156	0.0241924022046595
S10269	0.0561068127341481	0.0560540548438366	0.0618642929077454	0.150493423841947	0.0410909621453764	0.0349964737847659	0.0701897439148441	0.453518133233779	0.0538689126974866	0.0218171898960699
S10272	0.053716294650868	0.0521109378097805	0.0647323407753363	0.153023039555523	0.039618919687291	0.0363266738250022	0.0725249971741826	0.450243971886613	0.0557597410417656	0.0219430835936377
S10273	0.0605874176766896	0.0565570261411468	0.0637673197599868	0.146989164285583	0.0403830040576351	0.0348102209113915	0.071303138218384	0.45207282446195	0.0520177706009909	0.0215121138862421
S10274	0.0555435628033569	0.0524888854189089	0.0660287391145228	0.150920823998211	0.0416086353827151	0.0357625030100474	0.0748976062015647	0.448434334842854	0.0533741006243927	0.0209408086034259
S1028	0.0555553238300963	0.0546908066208159	0.0660599591924814	0.147414238887062	0.0416291126458873	0.035800734998998	0.0710993246943721	0.453845788345779	0.0515368423346676	0.0223678684498403
S10280	0.0567803571659591	0.0543408594797539	0.0646675705030589	0.148613959822533	0.0437178740761348	0.0340105638808443	0.0749986797916732	0.446162204877235	0.0498630216534508	0.0268449087493578
S10283	0.0554925061602113	0.0584899014754725	0.0661278654298651	0.144605918734208	0.0439229738790005	0.0328061506861965	0.0727112333027663	0.451768890150673	0.0490483047605138	0.0250262554210926
S1029	0.0579765868459366	0.0568527663110833	0.064824983122019	0.149037868814257	0.0411313695631426	0.0336845725949341	0.0742063345778231	0.447607341630707	0.0525139243766172	0.0221642521634802
S10292	0.0568336244470563	0.0575096127834992	0.0627455359946158	0.149705000969069	0.0416963389609316	0.0329447491484721	0.0767455164633783	0.447841390190716	0.0520736327688003	0.0219045982734618
S10294	0.056686009457394	0.0636494332234788	0.064155801654583	0.147596886620584	0.0419697874371023	0.0327377888532088	0.0735494221508503	0.439716128965375	0.0531152230146437	0.0268235186227803
S10302	0.0530844507658114	0.0534443436120959	0.0653064710932684	0.155436207051877	0.0393405996999667	0.0339903480822646	0.0718908747802	0.448874865165458	0.0547560099342471	0.0238758298148106
S10303	0.0564643264705182	0.0541703918937851	0.0664703759300976	0.15238763908021	0.0440045910205174	0.0343976432475464	0.0717137080273023	0.444532725226545	0.0532598180162418	0.0225987810872361
S10323	0.0558922052406233	0.0539764001707095	0.0645769397079592	0.147492814058798	0.0410081478857199	0.0341034246509558	0.072342398909637	0.454017612928025	0.0531143818963536	0.0234756745512182
S10326	0.0542974388246896	0.0573195082072837	0.0652586747252429	0.148522643617975	0.0409477422116976	0.0348308267545617	0.0715712445121791	0.449344165752396	0.0534664210104794	0.0244413343834953
S10328	0.0550271237015353	0.0519137387801203	0.0622267510437089	0.151111599973986	0.0436285976446443	0.0343310094473544	0.0741582067520161	0.448408107531054	0.0524010773962309	0.0267937877293494
S10329	0.0583663294816648	0.0576458771564938	0.0651545172370682	0.147997308482529	0.0423398549652922	0.0333582118205063	0.0727187696238315	0.447502936069112	0.0525857891512018	0.0223304060123008
S10336	0.0549622646676982	0.0541024537385138	0.0664659862426684	0.150688350677278	0.0405584447932477	0.0348533386522629	0.0715000705313941	0.453058631701508	0.0530376618842182	0.0207727971112105
S10340	0.0586228106958041	0.057468553710622	0.0626609896344465	0.147623494296864	0.0393947116978572	0.0343507994972532	0.073007868068875	0.45071585217838	0.0537701053554668	0.0223848148644312
S10347	0.0554249019744166	0.051495194608213	0.0639195550271935	0.15062740525514	0.0416400689731439	0.0347438462794297	0.0738590760015503	0.44744351745828	0.0579887323471075	0.0228577020755262
S10353	0.0581073646589429	0.056639480629374	0.0664904067187135	0.149382068899797	0.0414125577810702	0.0348402932133191	0.0728885841809679	0.449179092877293	0.051861151119591	0.0191989999209315
S10356	0.0583514042579057	0.0538920173761396	0.0656396459694998	0.149898825897441	0.0379973417252632	0.0334538682003876	0.0731330270725786	0.452373482047768	0.0538845475666393	0.0213758398863767
S10358	0.0532016350883644	0.0515711209098393	0.0670223358707032	0.148156824244523	0.0423907727738526	0.0350127313594631	0.0715779749963212	0.457323985495528	0.051753816668285	0.0219888025931211
S10365	0.054680521494855	0.0517767535856999	0.0657254714508521	0.151829018390968	0.0427780250033871	0.0358378203938103	0.0729805031775815	0.449500140187566	0.0553440318581643	0.0195477144571154
S1037	0.056965760718758	0.0572962567022128	0.0622123106755551	0.147375576589093	0.0424216338054453	0.0320686870248602	0.0765947235712379	0.444086652048155	0.0532895696330953	0.027688829231587
S10373	0.0580868928741579	0.0558292439370842	0.0651691846966862	0.149315890806204	0.0409333193508115	0.0342544161421084	0.0729572848185999	0.447964867312332	0.0535941942768465	0.0218947057851688
S10374	0.0554543199761552	0.0539106436250924	0.0670658413265381	0.152923352051942	0.0410934286820254	0.0341168123286611	0.0714276938342371	0.44194441240613	0.059759226860545	0.0223042689086745
S10375	0.0552969971668207	0.0503743299368169	0.065107444429841	0.147190060946342	0.043971044184132	0.0351143982090885	0.0729162808380494	0.455535372509266	0.053225166561419	0.0212689052182245
S10377	0.0585668023814038	0.057386757519674	0.0637791599525239	0.152127448368058	0.0413468611795716	0.0330011924408865	0.072900875302931	0.442709711771047	0.0561788175210362	0.0220023735628682
S10378	0.0562436608444429	0.0609385929656036	0.0641421556730608	0.150852664106523	0.0411196334814237	0.0346972286314892	0.0722400395920015	0.441558962874773	0.0517965960365312	0.0264104657941504
S10390	0.0582778566004484	0.0531920203231807	0.0633306712070388	0.149419350262077	0.0419004333703623	0.0340150002310296	0.0739965901511051	0.447107495676003	0.0554580132506436	0.023302568928111
S10391	0.0563921862171992	0.0548990980394426	0.0660182961294448	0.150862308340431	0.0395265339846156	0.0324550590543834	0.0693974707701003	0.454866666959453	0.0530383903932668	0.022543990111663
S10393	0.0550769949505297	0.0592684669389572	0.0647711202763978	0.154919447648679	0.0410645034582637	0.0344121350225026	0.0696691250285747	0.443884558722608	0.0535034642961183	0.0234301836573693
S10400	0.0560312994302258	0.0527065173420168	0.0676645098933082	0.152110953314147	0.0414437992598218	0.0344019382508774	0.0743912732966985	0.446133583233834	0.0537986900471205	0.02131743593195
S10401	0.0571183674512122	0.0531816899559503	0.0635627818825525	0.150550230384184	0.0429368957392609	0.0334507358937653	0.0715414505654935	0.45215327992193	0.0522264474991206	0.0232781207065304
S10406	0.0545534045304803	0.0514278668882084	0.0651137106994786	0.152095690133862	0.0417017366485035	0.0357791669084854	0.0711089432475179	0.448518471283319	0.0571600309699705	0.0225409786901744
S10408	0.0572006314823203	0.055181228429093	0.065522030130539	0.149177451726711	0.040832990888368	0.0350199396389505	0.0741891585145265	0.445058843187866	0.0535093740223135	0.024308351979313
S10409	0.0540341948778145	0.0584146141417828	0.0638903166580773	0.148246884066942	0.0405649639169119	0.0342600676043619	0.0696845124743811	0.453699669503106	0.0514376659628457	0.0257671107937771
S10418	0.0542126775464629	0.0523817488879818	0.063194650999899	0.151353123694396	0.042025817060029	0.0358178623073789	0.0729575281800155	0.448655600347636	0.0566631165841154	0.0227378743920857
S10431	0.053544599840361	0.0487907838079445	0.0668064092305174	0.154352912127044	0.0399170160325243	0.0346762324945781	0.0743712704566746	0.451234508615569	0.0547507799383981	0.021555487456389
S10438	0.0551077498372658	0.0559695631190795	0.064627297928286	0.14786780148239	0.0390742190715998	0.0333429493385022	0.0741604710072237	0.454802105903851	0.0528216843908743	0.0222261579209276
S10439	0.0560933426233434	0.057515864819246	0.0686494186392003	0.150456322807609	0.0422005988530731	0.034540663258231	0.0716626797838195	0.444463209911928	0.0530699523088054	0.0213479469947446
S10441	0.0549099976696332	0.0528086629966136	0.0682740592205712	0.150648803935488	0.0433500132986261	0.034758012108405	0.0715798606930342	0.44565708577272	0.0559606765018666	0.0220528278030427
S10442	0.0568314778777353	0.0539878619449354	0.0661793934479368	0.149889688152643	0.0397198499710015	0.0343360424344912	0.0716779881962712	0.453530115677962	0.0535799587862715	0.0202676235107524
S1046	0.0558196862236108	0.0541907746383673	0.0653445406739388	0.147366012139422	0.041527524324101	0.036259757901837	0.0733705738300896	0.452637012909479	0.0538668855281313	0.019617231831023
S10478	0.0566173036188477	0.0523124221228306	0.0678935278484988	0.151824267130113	0.0400942744903767	0.0365381125492684	0.0693356998798271	0.452525067792631	0.052452072785709	0.0204072517818974
S10480	0.0580135078185207	0.0575730566680364	0.0615761750035664	0.148613895406013	0.0418264291518504	0.0319386123116376	0.0708636156973319	0.451360372520472	0.0547843113484022	0.0234500240741694
S10484	0.0555960265940435	0.0544358253906294	0.0646955114284779	0.150483090737899	0.0413671820372051	0.0354783979436794	0.0711098885567284	0.449496749609983	0.0534279085370046	0.0239094191643498
S10492	0.0565524532187036	0.0590235042269591	0.0667517731373263	0.147096649702054	0.0391364380897333	0.0334525951679331	0.0718102385513903	0.449039742011738	0.0511629568707551	0.0259736490234076
S10496	0.0588884413895364	0.060379607042238	0.0647336027665894	0.146604012871165	0.0420683610605003	0.03406553391483	0.0720176914241513	0.444047460698	0.0548639580094551	0.022331330823534
S10510	0.0536027274646642	0.0534926451265088	0.0657423059355818	0.150559859958113	0.0395462990872651	0.0314602140971416	0.0708534957309856	0.45676501662623	0.0540601569371202	0.0239172790363896
S10513	0.0501285773354831	0.049262443847371	0.0686670937681206	0.153471134645743	0.0411197981097107	0.0351385551111072	0.0754699189672563	0.452869704889176	0.052266007257803	0.0216067660682285
S10516	0.0565890457424989	0.0548077432711512	0.0662303484964765	0.150105032793477	0.0412688647653629	0.0336356851787312	0.071415755649208	0.451512845408214	0.0529873352349252	0.0214473434599545
S10534	0.0557200557588701	0.0566410168915934	0.0660082721603295	0.147478383698374	0.0404380041229308	0.034222733282176	0.0754325034834541	0.450989144585477	0.0501162510965486	0.0229536349202469
S10535	0.0576404258872493	0.0543355234858693	0.0669030366236755	0.146690407622623	0.042696991718092	0.0327081939238176	0.0741161494638676	0.448698496865339	0.053360455881196	0.0228503185282712
S10537	0.0583021256602686	0.0587822792807463	0.0668757154746725	0.154367257850029	0.042724459552726	0.0351559169759334	0.0729556413943485	0.438864558559654	0.0491459323924222	0.0228261128591993
S1054	0.0540520875094168	0.0547762640630956	0.0650375864128865	0.146612739393635	0.0408805641356488	0.0324898057097222	0.0707875595481813	0.455834164135291	0.0556075436960941	0.023921685396029
S10543	0.0566278845948658	0.0572794037390018	0.0628325312281336	0.153736814220005	0.0419936155099653	0.0344277503429288	0.0713645230732181	0.447033377597951	0.0525390151661088	0.0221650845278228
S10546	0.0554554392806692	0.0558050844987975	0.0642517390255495	0.153944968425611	0.0416483141879384	0.0330254422544245	0.0711694094527531	0.44976640985001	0.0538267784983411	0.0211064145259066
S1055	0.0544981069198562	0.0506535924432655	0.0652549494278849	0.151510035305986	0.0409884535362844	0.0347948822078192	0.0706412032521667	0.456671265242142	0.0538425208523367	0.0211449908122574
S10551	0.0568343760968573	0.0512497542054217	0.0655438001186388	0.150428757356959	0.03937896630583	0.0336263349988432	0.0732527705975077	0.452435213940339	0.0529962744698881	0.0242537519097152
S10552	0.0546764835534407	0.0526709024248527	0.0656645114267953	0.15318629513032	0.0435201890242316	0.0353360429795928	0.0713036214082123	0.446450035848754	0.0548803138811125	0.0223116043226884
S10555	0.0565052696821127	0.0540668340762059	0.0634628817101991	0.147637431332777	0.0435449282088063	0.0342459821092826	0.0726961465558219	0.448097712397152	0.051166513181068	0.0285763007465743
S10559	0.0536489931036984	0.0506147841813055	0.0670003114956762	0.153538201300353	0.0422246332075641	0.0345288544672554	0.0718004453056556	0.451731355419695	0.0525054894020683	0.022406932116729
S1056	0.0577703807518758	0.0589206512380335	0.0649727418729711	0.145674522071823	0.0415668502541454	0.0348636877782908	0.0722412230677033	0.445568627982659	0.0538411268793332	0.0245801881031655
S10563	0.0568563509325021	0.0541876462575387	0.0628762142194438	0.145754667860843	0.0431231451933226	0.0356910535417389	0.0702778775494096	0.454168627275913	0.0524128300743348	0.0246515870949534
S10574	0.0534194510782641	0.0548643135276909	0.0652797640164442	0.147680035450454	0.0422905039956525	0.0340583144015806	0.0743487678775227	0.453123944358834	0.0523355909511228	0.0225993143424346
S10576	0.0550853845724552	0.0546544500818592	0.0639019450795584	0.153709767620298	0.0427061455285888	0.0358610117905258	0.0713355875260381	0.442958857018908	0.055246996062229	0.0245398547195389
S10578	0.0542161107607276	0.0528416053038528	0.0674238593664879	0.151748991150617	0.043047387253154	0.0356627863202905	0.0711870828774826	0.448992045944287	0.0523909524031687	0.022489178619932
S10579	0.0530148208672426	0.0576481399638159	0.0643270637076854	0.153120452761016	0.0427749715444313	0.036709156911914	0.0736635320625171	0.442927763218663	0.0530061261040619	0.0228079728586532
S10582	0.0572581720967254	0.0560548957559102	0.064445994534833	0.153360688635813	0.0427084279649028	0.03623381809334	0.0736800787638855	0.443088552898386	0.051480829077358	0.0216885421788458
S1059	0.0574261797256532	0.0565758009018351	0.063502524450023	0.14623710723407	0.0438395715343325	0.0346136097888531	0.0730919338533155	0.451160115496908	0.0519050503705836	0.0216481066444259
S10599	0.0557072122209102	0.0599017014043787	0.0679482433512787	0.152513738184724	0.0410088536224697	0.0362716748812256	0.0746557011104273	0.437364976522126	0.0537483831058054	0.0208795155966548
S10611	0.0535827230064951	0.053777350219098	0.0654765033660489	0.151610925686148	0.0412046384563408	0.0361255645762243	0.0752462642290055	0.447383239205111	0.0537691468724094	0.0218236443831198
S10614	0.0531508786299434	0.0520246202790615	0.0677537645292293	0.152756586559857	0.0407234148994375	0.0366356614620231	0.0748062400659623	0.448222353055928	0.0529060769780021	0.0210204035405566
S10624	0.0577232863326637	0.0573767678198794	0.0649446757197749	0.147014277039373	0.0449908466337333	0.0335256475161314	0.0735721184412315	0.446046971834558	0.0531540642398286	0.0216513444228258
S10632	0.0561955081791212	0.0528720500625586	0.0630669639866613	0.150079582467928	0.0424199764173249	0.033648881196538	0.0710048011100159	0.4535570495404	0.0557546701364209	0.0214005169030313
S10634	0.0586677379104496	0.0557157127771163	0.0631411080246949	0.148807850242486	0.0414191862091084	0.0347830712025743	0.0733687517871037	0.449505921599864	0.0532817668310387	0.0213088934155645
S10638	0.0587613713613476	0.0552209517898067	0.0684614671858608	0.147742788152145	0.0427663905289191	0.0343654482508677	0.0753480728211435	0.436339020388432	0.0544093275716332	0.0265851619498447
S10644	0.0546220395084723	0.0546451284690059	0.0651716548949133	0.147734932562055	0.0428538476785138	0.034197920410645	0.07234844356406	0.453399744692531	0.0513851911630447	0.0236410970567587
S10649	0.0539733040902091	0.0576787439343906	0.0634185523217002	0.154612680966825	0.0420687409036482	0.0367398579398738	0.0741514492728209	0.443364095348231	0.0523555332052774	0.021637042017024
S10652	0.0557946515125523	0.0556037860266305	0.0666063057868017	0.156881912503517	0.0418382879178568	0.0360456906691037	0.0705935990344553	0.440185664190358	0.0537934802481706	0.0226566221105542
S10654	0.0550722863315599	0.0614698579727605	0.0646735155536749	0.149275340985918	0.0429888438834006	0.0352929556901335	0.0726128547299053	0.446184313318318	0.0511869349079928	0.0212430966263367
S10655	0.0530770118577825	0.0540831431300326	0.0645286638184355	0.151638525572147	0.0397115784907824	0.0338412984594613	0.0740102240416545	0.452511525607642	0.0531136981869603	0.0234843308351014
S10656	0.0531387712592951	0.056868089158094	0.0620233731539163	0.148714336055185	0.0427124944348979	0.0348082327668505	0.0705408091233152	0.454411004418973	0.0519066030783796	0.0248762865510923
S10657	0.0584316178750756	0.0545410817496993	0.0652461184522179	0.150766721442838	0.0424265342809469	0.0334375893383625	0.0708658617314076	0.443005121404823	0.0582410642864474	0.0230382894381817
S10658	0.0574641079586637	0.0573706391626686	0.0655290252911532	0.148532141899327	0.0418101584400037	0.0354596297377342	0.0730738228778223	0.444393667120531	0.0525670981974495	0.0237997093146466
S10660	0.054440550451704	0.0542703768711099	0.0652724194621248	0.147828216003511	0.0420873834553459	0.0309679592222935	0.0714309147589296	0.453486901326912	0.0539169399795268	0.0262983384685426
S10661	0.0572035323639074	0.0555098663856395	0.0631325149994884	0.146303204139757	0.0416466341685859	0.0342565942436872	0.0740577744057894	0.452594328524252	0.0527416648392288	0.0225538859296641
S10676	0.0584204038840011	0.0553155694563166	0.0680131552935479	0.155638101491903	0.0446713859294117	0.0350718933749353	0.0696900934947642	0.440687377254844	0.0524591414078471	0.0200328784124291
S1068	0.0577914562353754	0.0553931735327837	0.0634686225976519	0.144664438333835	0.0418949841857231	0.0338275273273772	0.0729808386740556	0.45391378705963	0.0526281973799924	0.0234369746735762
S10681	0.0557969781533829	0.0558653195999229	0.0652834359119138	0.151956319069331	0.0396295697108588	0.0344467800053434	0.0725890852898926	0.444460380080491	0.0573304813922088	0.0226416507866552
S10686	0.0542410728399037	0.0526090098344241	0.0664876420709518	0.152084495212421	0.0405203478890035	0.0340693312529952	0.0718890591574791	0.450613479295849	0.0547256342506158	0.0227599281963559
S10688	0.0546889464310202	0.0554639973175916	0.0643847891217166	0.142988044925823	0.0406953991408165	0.0343846216047877	0.0758364453229795	0.454432205537971	0.0538529393308977	0.023272611266397
S10690	0.0537913013668233	0.0510150020936129	0.0652219865334579	0.150703854352243	0.0420246813816089	0.033660699820137	0.070581479974638	0.460459485096111	0.0530175370204457	0.019523972360922
S10698	0.0564135761381081	0.0527654052364417	0.0661039971547825	0.148342523237317	0.0427208526865564	0.034808447177211	0.0720892662393905	0.44464827086731	0.056610103661206	0.0254975576016761
S107	0.0524629082191532	0.0554264779462541	0.0636474618166816	0.145919048487873	0.0418613512739128	0.0340870537572966	0.0727585727772054	0.454720035892121	0.0538029690041873	0.025314120825315
S10703	0.0545673785513475	0.0590244363915225	0.0661414282740696	0.150750673913033	0.0415779234755828	0.0333273953639604	0.0750145287907984	0.441702945651345	0.0551363137768216	0.0227569758115198
S10726	0.0576063705154449	0.0578555031045443	0.0657045824838965	0.147067159120131	0.0400341036405072	0.0341513012117507	0.0733141059190072	0.447174349625159	0.053957169608057	0.0231353547715018
S10729	0.0555383828488374	0.0502167242131625	0.0672997688270287	0.148455061393654	0.041820887631539	0.0344144443649235	0.0729012294849355	0.450129590070129	0.0546015236027012	0.0246223875630887
S10733	0.0549681455451767	0.0535004238221965	0.0688312884002457	0.153685434504909	0.042763430946886	0.0351775688747555	0.0716766802726576	0.445144755857226	0.0524329024383277	0.0218193693376193
S10734	0.0552494657806997	0.0589786626848327	0.0670081188246106	0.153690188042198	0.0403401013134265	0.0335834420680467	0.0767427373373573	0.436263017744292	0.054604991550509	0.0235392746540273
S10735	0.057909894448104	0.0589273246028242	0.0635635708818869	0.146886838624017	0.0402401289887879	0.0337581260977949	0.0725398250182048	0.452934665422489	0.0534601940426362	0.0197794318732548
S10740	0.0539444236218361	0.051888549820965	0.0660107659599634	0.148144549083255	0.0415360907882337	0.0359663669960492	0.0742055482137154	0.455843906251113	0.051814380887777	0.0206454183770922
S10745	0.0566146949174708	0.0550882013761766	0.0664715829907371	0.149789814290974	0.0412231221159412	0.036008408183325	0.0698394657708499	0.453090395006379	0.0507234891464306	0.0211508262017159
S10748	0.0561623044810619	0.053656244070565	0.063969399894226	0.147009698614088	0.0397671293145274	0.0332415999669171	0.0725099125423005	0.458014279070726	0.0521835990643754	0.0234858329812133
S10753	0.0567326248978708	0.0564976560549338	0.0655968350091404	0.145579659228617	0.0400655553139288	0.0347968050274237	0.0746209788968316	0.45267502120055	0.0517766297487427	0.0216582346219608
S10756	0.0585293889672903	0.0568156668072129	0.065536065658321	0.150954257811887	0.0410369890438343	0.0348038037191942	0.0709695420781738	0.44452349806391	0.0534286019941634	0.0234021858560128
S10757	0.0580234357996732	0.0609406972594027	0.0650397955031935	0.140594226416879	0.0414213566491213	0.032840330891964	0.0749145328262986	0.442978863458054	0.0565362006384544	0.026710560556959
S1076	0.0584511313838903	0.0566223165493935	0.0664376516516064	0.151203955855112	0.0420084058563735	0.0354375243475786	0.0734665334604488	0.444531490389805	0.0523172821008318	0.0195237084049605
S10764	0.0562043993008275	0.0554823251680585	0.0646853309079808	0.155663483370588	0.040325347056911	0.0338662515655997	0.0738825825457896	0.440463036292413	0.0555496780338985	0.0238775657579333
S10767	0.0561493919991042	0.0558514673697245	0.0629421685496259	0.14480949073709	0.042739917151147	0.0323054470332899	0.0711450345900121	0.452417958183463	0.0547366052056033	0.02690251918094
S10776	0.0552300467639385	0.0550743238542674	0.0663034765963837	0.15028799612749	0.041688838606002	0.0358977081882569	0.0737138855514207	0.447968157809666	0.0522267619478433	0.0216088045547318
S10778	0.0551454565219975	0.0577913280855275	0.0645208544020556	0.146384829541555	0.0421461939693882	0.0368869095972366	0.074482030844766	0.445712523600458	0.0517365666086595	0.0251933068283555
S10784	0.0558975732466555	0.0528579674238141	0.0669800245790532	0.148606503630832	0.041522759205012	0.0367147236917976	0.0729652233437401	0.451220239211522	0.0510966776802466	0.0221383079873265
S10787	0.0563829531536664	0.0553336326123879	0.0637109622536731	0.146950531834712	0.0431620581275609	0.0339873393215675	0.0746672672534383	0.450289101920609	0.0523836472234124	0.023132506298972
S10800	0.0638313345371134	0.0651298594362723	0.0606117532161268	0.146563142731342	0.0402957245132758	0.0346861334337343	0.0698456102158964	0.444198855659371	0.0536231560255799	0.0212144302312883
S10805	0.0581306570811017	0.0564857232590913	0.0647432008418014	0.151100571806648	0.0415154876647089	0.0355070854719382	0.0711187687134094	0.444245239581977	0.0525042434271383	0.0246490221521855
S10813	0.0570257658167777	0.054253793399782	0.066093656749877	0.15154978954891	0.0438880565769108	0.0355242389339853	0.0727881684211725	0.444705456540748	0.0526735123167245	0.0214975616951123
S10814	0.0539574107092124	0.0562325031022584	0.0644358344925636	0.155372148386212	0.0384237760441129	0.0344409030630687	0.0721517046338642	0.445559379527038	0.057274847805699	0.022151492235971
S10815	0.0552977073305303	0.0530455004361597	0.0638915500520511	0.151147402554494	0.0422419444012498	0.0358912724063958	0.0714421137272647	0.450500324399723	0.0545526662412307	0.0219895184509006
S10817	0.0548340915199727	0.0569639424504101	0.0642496592294545	0.149173483282769	0.0432701513874834	0.0345313424747859	0.0731187968735992	0.445775802348939	0.0551746376578589	0.0229080927747274
S1083	0.0572130234276583	0.0602827542765602	0.0666488099173962	0.146613746788624	0.0444504055447009	0.0343468133823388	0.0733938206326743	0.440390662896505	0.0524248441927486	0.024235118940794
S10835	0.0527581239638846	0.054805972913618	0.068013285243134	0.150103419314714	0.0414505832711614	0.0328437648872848	0.0701301917514854	0.453819157435926	0.0553814284168076	0.0206940728019844
S10838	0.0531466277606308	0.055012589201038	0.0652098500389203	0.148272207757215	0.0406714003854204	0.035257224900109	0.0720988883853596	0.45301540281036	0.0533193854613456	0.0239964232996022
S10844	0.0587369489504176	0.0556545319189702	0.064807594362126	0.149984596096742	0.0425941010709058	0.0343492968015054	0.0734948736452226	0.442596386615016	0.0556708652198368	0.0221108053192576
S10845	0.0550028782176052	0.0535711929628823	0.0667731891477664	0.154988804404699	0.0417163153572919	0.0350775628529195	0.0704697351588459	0.450042353797934	0.0519102052279766	0.0204477628720791
S10846	0.0621223903629977	0.0586753503915555	0.0627385141760326	0.146499898112794	0.0412497687998951	0.0330901656059244	0.0739635159296831	0.443872269928885	0.053143289820389	0.0246448368718433
S10853	0.05185925042218	0.0504245568062508	0.0663959131305057	0.151021454641445	0.0408964247845696	0.0369046927500583	0.0703993774945262	0.457801211049763	0.0534402814078039	0.0208568375128973
S10854	0.059135380841169	0.0549249615138985	0.0658930625317062	0.144557350565358	0.0413814559118763	0.0332257229776573	0.0728708834665789	0.454129957111855	0.0521075176783669	0.0217737074015337
S10865	0.0571486645502371	0.0501165770247177	0.0653668635374148	0.1529667000858	0.0427969565231459	0.0344077634245743	0.0748520368510583	0.445214437829614	0.0534590597137049	0.0236709404597333
S10866	0.0545116536261286	0.0546154554048746	0.0666096172737177	0.152807914000584	0.0421983050385648	0.0355113271138693	0.0690572831161329	0.450794408777284	0.0511607761779315	0.0227332594709129
S10869	0.0528748214540687	0.0506232797492633	0.0688861846570278	0.152247615897477	0.0446864051022036	0.0374695309193151	0.0713306530759211	0.447751509066635	0.0508046623296569	0.0233253377484309
S10873	0.0567797303756011	0.0533795837629062	0.064634719507628	0.148839007515006	0.0427523032932212	0.035191299211225	0.0729934186453455	0.448509036222394	0.0524481671611581	0.0244727343055149
S10876	0.0547984219037585	0.058649196378573	0.0655696155979876	0.143603401065072	0.0419655623216329	0.0343502186766815	0.0724496721177635	0.445530745052914	0.0566455063867698	0.0264376604988472
S10883	0.0565188200322031	0.0561393333514559	0.066129506475763	0.148686929522632	0.0402645423215704	0.0354232610075225	0.0711654978854101	0.451828838666924	0.052743046589793	0.0211002241467265
S10885	0.0571582992436348	0.0557449045406582	0.0649211603377116	0.150612531465416	0.0395199161008172	0.0339190410235089	0.071824373730122	0.447750624333004	0.0537252203575589	0.0248239288675679
S10893	0.0548116816402974	0.0525889820181394	0.0669214523654599	0.147718915154674	0.0417652079881217	0.0361706497473268	0.0712884214083148	0.454442666417182	0.0534287386369167	0.0208632846235678
S10895	0.0537249727803025	0.051144236283558	0.0662134085889313	0.150622297117223	0.0419623097598731	0.0350384456399454	0.0719942775478616	0.455958011224775	0.0530455984204722	0.0202964426370584
S10902	0.0583677977966703	0.0591064574171146	0.0629572503792558	0.152696469233476	0.0413102523356452	0.0339578652428657	0.0728296622748802	0.435286581593717	0.0584309059224031	0.0250567578039717
S10903	0.0539562907706981	0.0556621635201709	0.0667412243558732	0.155127306863246	0.041381841759059	0.0357789928982585	0.0715035373647457	0.443395222518728	0.0536205844408964	0.0228328355083237
S1092	0.0529314886811137	0.0587986802351538	0.0665698536519411	0.150479492068208	0.0402192173659679	0.0366221583054767	0.0740058220575896	0.446244456688483	0.0527572152269037	0.0213716157191626
