B.cells.naive	B.cells.memory	T.cells.CD4.naive	T.cells.CD4.memory.resting	T.cells.CD4.memory.activated	T.cells.CD8	Macrophages.M0	Macrophages.M1	Macrophages.M2	Mast.cells.resting	Mast.cells.activated
S10001	0.0609751560950881	0.124204552238969	0.086918795064739	0.232152200792143	0.0314014656720178	0.0247866562686661	0.0553918828682912	0.00811041672148166	0.0893044363094993	0.236392493243773	0.0503619447253316
S10006	0.0606590736365732	0.132557269872789	0.0800965255276471	0.243051667738508	0.0327994495700157	0.0254624069081606	0.0535346492285536	0.0078114559244375	0.0851111995088998	0.228465016003274	0.0504512860811419
S1001	0.0582251889552477	0.130448239245181	0.0830468287738836	0.252111624804747	0.0330180826144258	0.0277212352994469	0.0537791637888009	0.00783160683259101	0.0865531765611854	0.220145691227831	0.0471191618966598
S10010	0.0554461670719507	0.122777564927918	0.0848982042961162	0.245669994248033	0.0316151278230898	0.0287305466251277	0.0535964605618984	0.0078871686653228	0.089574296060028	0.230316307088832	0.0494881626316825
S10011	0.0610436304531121	0.123005496331887	0.0867409856466716	0.244855788839481	0.0327968427079452	0.0276325464180386	0.0558092872862732	0.00801475688318917	0.0872915528697941	0.222925863535429	0.0498832490281803
S10014	0.0583187818898148	0.12825412666015	0.0822187592207082	0.239865154918369	0.034018533851819	0.0273685920581574	0.0525994020210105	0.00808722667585565	0.0898445349251727	0.230073578711768	0.0493513090671752
S10026	0.0566437131206532	0.131490090081153	0.083208646280916	0.246557123378987	0.0320138066067122	0.0250894918808917	0.0528367687504496	0.007524915705017	0.0865710206022985	0.229787933077924	0.0482764905149974
S10032	0.0634659696581605	0.130643047802365	0.0826567169891424	0.247375768910944	0.0313726392218942	0.0254612496590968	0.0541963892295166	0.00802550897048368	0.0866114297790607	0.222508837022222	0.0476824427571142
S10036	0.0561409147294805	0.124446237588144	0.0839744645015682	0.246290723899808	0.032756155061436	0.0249250863637484	0.0523966520517583	0.0078051569413623	0.089556451387165	0.232615073597162	0.0490930838783668
S10042	0.0593389493517551	0.130044249571292	0.0831430306258586	0.248784640590879	0.0314007525070013	0.0267871837387567	0.0506931895567448	0.00772252110982126	0.0856936578198466	0.228114811403716	0.0482770137243279
S10044	0.0564362047441048	0.140616756940743	0.0841013943661023	0.245131001793117	0.0317873681641042	0.0258461829704011	0.0518960382680968	0.00742462927297661	0.0837014040713775	0.226344118751892	0.0467149006570844
S10049	0.0589022521057704	0.1340125438935	0.0813707410990777	0.24821124937923	0.0312477539292855	0.0274221982302099	0.0509419553901219	0.00766722187707387	0.0860989487192767	0.226057998508352	0.0480671368681028
S10057	0.0600014383823566	0.123949442337975	0.0816875305429232	0.250992407603492	0.0341091025276253	0.0264294709720624	0.0555831331169685	0.00849853032791576	0.0861182245985092	0.220913117459008	0.051717602131164
S10062	0.0583189306408983	0.126568377207438	0.0835486218203899	0.245747360068612	0.031293223624877	0.0271731839995056	0.0529968500297821	0.00769372805325424	0.0868875537438099	0.230280673867921	0.0494914969435115
S10066	0.0560430532579579	0.116446344823039	0.0871433844970357	0.239672327675735	0.0324152326724483	0.0246971773636183	0.0550030421616336	0.00819501064574799	0.090178839304862	0.239259872965496	0.0509457146324267
S10067	0.059071979882574	0.126307855084123	0.0863911322204139	0.249276817063174	0.0320823067071172	0.0285394039364571	0.0523510623440814	0.00791128653605053	0.0864964742291508	0.222312858577126	0.0492588234197323
S1007	0.0633746203153337	0.127205385569378	0.0855180712776484	0.247750822638371	0.0321960067745616	0.0241290245689492	0.0537430137894889	0.00789247546603461	0.0891743638596864	0.219686741966227	0.0493294737743212
S10073	0.0581114612533444	0.128585871233486	0.0852412554504267	0.247641070114162	0.0327944505614774	0.0293766661372747	0.0519092492758862	0.00759169026098643	0.0849344724006574	0.226658670691529	0.04715514262077
S10077	0.0623548735457535	0.126376355608452	0.0877281316142207	0.236180032286408	0.0322911676000704	0.0265876139844138	0.0545075351921889	0.00848705858294821	0.0882448807063877	0.228803655244882	0.0484386956342749
S10080	0.0603036315388876	0.134632449562732	0.0812374968159416	0.244065293871367	0.0310500183195602	0.0284165110438007	0.0534906108146632	0.00782430540614316	0.0882569395826008	0.22233672562294	0.0483860174213639
S10082	0.0594737845191047	0.142930338896511	0.0863883337230999	0.245805230869863	0.0323136619850262	0.0252407895742842	0.0506475967396119	0.00772068822455675	0.0871043305252685	0.214875190124495	0.0475000548181791
S10087	0.0632306786398074	0.129925485468637	0.0849944342829126	0.25014415705539	0.0329843806406312	0.0266378450445627	0.0528049384872048	0.00773125930347887	0.0891352732639409	0.214967431181714	0.0474441166317205
S10089	0.0604851721663717	0.122131998977933	0.0878082292637255	0.244587813658027	0.0314204117364011	0.0265118148976635	0.0546935847027099	0.00812978689300669	0.0912578256245449	0.221266752204757	0.0517066098748593
S1009	0.0621443176408188	0.151696914322495	0.0850943810632371	0.24057326835427	0.0321088493126892	0.027142240184199	0.0515691259584895	0.00808615132967149	0.0856893170260135	0.208381440270702	0.0475139945374144
S10090	0.0600454075282313	0.122651183155299	0.0848431421959174	0.243689507285837	0.0351073395506086	0.0270099151403936	0.0540978644153061	0.00851492993260955	0.0893427631177453	0.224367247406956	0.050330700271095
S10093	0.0592902688762612	0.119658952295541	0.0799677033430403	0.257983450162645	0.033545043891508	0.0266525184974538	0.0549016266775334	0.0083393517839807	0.0877925876347597	0.219639366607261	0.0522291302300151
S10094	0.0581631684659163	0.127533440572062	0.0847834885367283	0.248447654438089	0.0326921820845126	0.0256391717390866	0.0520114015417941	0.00765509513557283	0.0885762254853707	0.225752819130782	0.0487453528700863
S1010	0.0602488035163627	0.128016747929795	0.0848412930428562	0.245567253943851	0.0331229752180808	0.0286663058540665	0.0544406863297394	0.00816208023604595	0.0865251855483841	0.220967448206486	0.0494412201743323
S10111	0.0576725360062272	0.128481761127824	0.0865728228773381	0.253130982373001	0.0322449080322462	0.0277378469382975	0.0511568869189359	0.00779148445585379	0.0857362013904993	0.221176862436017	0.0482977074437599
S10116	0.0607984085646901	0.124484092872593	0.0870652319057773	0.2570931691765	0.0334504010664979	0.031663359315813	0.0539982088777318	0.00822189756801077	0.0845016342285577	0.209794597998544	0.0489289984252847
S10119	0.0593277155753599	0.132937255508895	0.0864485190777859	0.250858940907131	0.0320071094692961	0.0267056090995499	0.0517766633181509	0.00767625683705247	0.0864260722696346	0.217323321334128	0.048512536603017
S10121	0.0586811360554422	0.127202194720249	0.0846470781293457	0.250093017461404	0.0313646120887532	0.030028907733253	0.052919646824614	0.00786357831854949	0.0858201723062821	0.22248634568508	0.0488933106770274
S10130	0.0592598750497967	0.125765561788574	0.0827026572993219	0.236267607346903	0.0322993035010867	0.0259612604418424	0.055657772114226	0.00800751931478467	0.0871511857811303	0.236687297077414	0.0502399602849198
S10140	0.0621091250114467	0.145136130252718	0.0779931831141696	0.237750742656892	0.0310363849721186	0.026113779256618	0.0508622859348695	0.00740248557014313	0.0848824269491897	0.229418283778766	0.0472951725030688
S10142	0.0624676824815212	0.127166170309653	0.0827108719883064	0.254272416615938	0.0336036715354334	0.0283934767628346	0.0513087143005188	0.00812745491299897	0.0862795780643999	0.219574132499786	0.0460958305286101
S10150	0.0603927028874464	0.122260787295681	0.0798203467061381	0.244928615704905	0.033048311644312	0.0271168877764964	0.0548106180368153	0.00802523309734902	0.0861656325512002	0.232205980388013	0.0512248839116442
S10155	0.0607500635528693	0.123427984902202	0.0886510513170274	0.248151264079601	0.0312856861315872	0.0267247364267021	0.0533527866689795	0.00844180205941372	0.084750941901648	0.225662402533532	0.048801280426438
S1016	0.058607550280391	0.121665641759903	0.082051668454745	0.247337339988174	0.0331386755948206	0.0274089329951966	0.0542156285918464	0.00809885734060446	0.0869992980135193	0.230098107857775	0.0503782991230255
S10163	0.0624990884353798	0.135475826646347	0.0850521061135323	0.231368097932358	0.0325090963683061	0.0283166165601909	0.0548844337188785	0.00801843043145446	0.0855771127187445	0.226845649873639	0.0494535412011695
S10167	0.0604793631729129	0.132787741288906	0.0797582680526247	0.244716610807115	0.0330586435812152	0.0287727065472977	0.0521238485293296	0.00795675986779967	0.0848847720422115	0.227967451158499	0.0474938349520892
S10168	0.0619013287034954	0.12140865382553	0.0862870535736686	0.254560701836957	0.032924870396082	0.0295903330214785	0.0525848591415899	0.00811039244680853	0.0868002773518914	0.216930845177249	0.0489006845252497
S10173	0.0612186460836972	0.137931863246457	0.0839217838806481	0.242682561735896	0.0332023031501754	0.0267395033006927	0.0520960831928764	0.00802814947089028	0.0849433294025882	0.221227496559211	0.0480082799768674
S10175	0.0601167341578528	0.12745680718288	0.0818785531562484	0.249298722300374	0.0323848943319416	0.0253140637720927	0.0531185974928879	0.00828617578001105	0.08859515061443	0.225081655727649	0.048468645483633
S10179	0.058679781519772	0.131213723477877	0.0838219001814593	0.254800847335702	0.0347081035378335	0.0301553201803558	0.0531955408458229	0.00785810320489411	0.0873257951701024	0.209590594356655	0.0486502901895267
S10186	0.065087475400967	0.13218732452411	0.0853519285603718	0.247699632169147	0.0339099582716146	0.0287406409694419	0.0531130952089215	0.00801056393446728	0.0851198647850923	0.212829062495579	0.0479504536802875
S1019	0.05971603399114	0.120356856835283	0.0861654161672312	0.247354109161263	0.0311020798240006	0.0259869775725871	0.0539605991603891	0.00818848206878049	0.0862144326865094	0.232973869801958	0.0479811427308582
S10190	0.0626487323168537	0.130887104174643	0.0879551224567698	0.249632422551266	0.0322110876683449	0.0272072228932648	0.0531768142231995	0.00819217372863729	0.0861842083457224	0.213462281088559	0.0484428305527399
S10195	0.0590356993582287	0.127365999318154	0.0819654543346991	0.243171214595749	0.0331363338672804	0.0255523742552929	0.0555659005927547	0.00775053860727495	0.0869846187101773	0.228798829771879	0.0506730365885108
S10196	0.0549720296640787	0.1281591094689	0.0843996647440098	0.250853490190385	0.0314470945282535	0.0250534634635115	0.0534318480925136	0.00766826700260236	0.0880051001993498	0.228330686728811	0.0476792459175844
S10200	0.0564628620854635	0.126626430446508	0.0804569361210344	0.250447417707579	0.0323695817456543	0.0278159410097054	0.0541686320673952	0.00812447915237699	0.0886273854063689	0.224956595987868	0.0499437382700459
S10201	0.0598739913307809	0.119439386435628	0.0812290302785395	0.23694306267162	0.0322497920438367	0.0267826040375425	0.0562679173189397	0.00835194774078923	0.0905120364712116	0.236702327349016	0.051647904322095
S10202	0.0606010196477963	0.125685638724108	0.0814167497194398	0.247946108986836	0.0327489771573479	0.0285108541402908	0.0525371898201655	0.00830391848336685	0.0876239801324313	0.225298115846776	0.0493274473414413
S10205	0.0631521010994578	0.130695877783749	0.0818961073676156	0.24419837142539	0.0308597368610808	0.0252076463943938	0.05207673793892	0.0079697322853613	0.0844525249653721	0.230928590756784	0.0485625731218754
S10211	0.0567639002908109	0.123799735490873	0.0792155087545479	0.262682144003207	0.0342620293620087	0.0274835928419004	0.0530633394290302	0.00818943430615645	0.0861877752044373	0.218902706864109	0.0494498334529203
S10221	0.0592192337570753	0.132004421396244	0.0825021525389521	0.252642262877778	0.0321451966295894	0.027595879445406	0.0529428179142879	0.00787581448905092	0.0889685568737904	0.215393455193313	0.0487102088845132
S10222	0.0600726035072204	0.128847577168285	0.0852068989104356	0.238337160103295	0.0341041039596559	0.02669477576965	0.0541870720622532	0.00836228398914193	0.0874983601579695	0.228455812424168	0.0482333519479258
S10226	0.0607400268765732	0.131101133584057	0.0837007416702941	0.240183024144624	0.0319349385735216	0.0262899380707625	0.0527566551160311	0.00761693583811711	0.0861771184255385	0.231682315079043	0.0478171726214382
S10227	0.0575994707364591	0.12657798157264	0.0821972262254015	0.245709817308678	0.0315234242777411	0.0246067722915845	0.0531863649102428	0.00807837046046238	0.0886430345766388	0.233870296917925	0.048007240722227
S10228	0.0558569569347111	0.122016507331712	0.0867223479405805	0.245701385411625	0.0326049743968587	0.0270206168480266	0.0531329543074165	0.00794459727380226	0.0881390467201571	0.232721351736097	0.048139261099014
S10232	0.0624256792152684	0.133448800644831	0.0849701673259875	0.248054296476654	0.0352593238341192	0.0288685271354276	0.0519433569442138	0.00846462840757117	0.0836904490327141	0.213724743821099	0.0491500271621137
S10248	0.0579893341219331	0.131199738998992	0.0823529062402507	0.253716403704666	0.0312544007398969	0.0262738985347104	0.0509018882100055	0.00801242688133437	0.0857553726522203	0.224961040857921	0.0475825890580696
S10249	0.0566813551962314	0.132709049219336	0.0820064094081946	0.232681831102896	0.0319261866533766	0.0260977177940815	0.0561634379432847	0.00860409722732137	0.088190542322178	0.235118681015225	0.049820692117875
S1025	0.0598936391941523	0.133189291864022	0.0848716467084118	0.248344956225498	0.0324082196677735	0.0270014883248214	0.0521390862833909	0.00796384656898215	0.0876113789648787	0.218776948022138	0.0477994981759311
S10266	0.0577060625149903	0.121860919272681	0.0844555682225227	0.247487929559929	0.0322018687462641	0.0269527777560019	0.0542973469895831	0.00808849178358851	0.0878663546498147	0.228294033819383	0.0507886466852413
S10269	0.0599142312560979	0.128567325073543	0.0804872270473224	0.240264723405541	0.0316183973358264	0.0270636857907155	0.0540556382260878	0.00791021484634376	0.0859990957711726	0.234951061839178	0.0491683994081721
S10272	0.0573089976163608	0.120240948195504	0.0819565728352141	0.249539324286179	0.0328405300452362	0.0257393534039504	0.0539188614206783	0.00786622377183733	0.0887667763210986	0.232147158368658	0.0496752537352832
S10273	0.0649446116741309	0.128580384909947	0.0806655346719027	0.242327985152032	0.0308178663729635	0.0265567084367131	0.0529568592997239	0.00787252354089245	0.0864500480363174	0.231681484340191	0.0471459935651857
S10274	0.0596811684035897	0.122732189402256	0.0849888950762357	0.251053691675902	0.0310092458092655	0.0258838750193048	0.0543104933952617	0.00790713719468738	0.0892713482486488	0.22320082978901	0.0499611259858376
S1028	0.0597213710216562	0.12562343882389	0.0823464248539349	0.250345985361911	0.0314214929148532	0.0253490306135062	0.0516752419147517	0.00785787003502022	0.087189130579591	0.229868163824565	0.0486018500563209
S10280	0.0624780430844267	0.127697565789507	0.0898048006720359	0.235954215122021	0.0321448547802747	0.029604509636535	0.0526431655067358	0.00832527048824094	0.0917313688576896	0.221177204491302	0.0484390015712307
S10283	0.059942139764864	0.139231590699106	0.0858532201168657	0.248040687743733	0.0333762440365523	0.0290313561821723	0.0510566663384011	0.00776926861540934	0.0859023093513777	0.211148700827186	0.0486478163243322
S1029	0.0620426996636077	0.126905125033518	0.0843962904695222	0.243059053300601	0.0326720274433072	0.0275239013918761	0.0541546430702435	0.00779207259504156	0.0876029501562514	0.224274772615904	0.049576464260128
S10292	0.0597812054729894	0.131831433592316	0.0884322100474749	0.247364638262668	0.0326836769833203	0.0254963035214921	0.0516289520752416	0.00765306571626628	0.0862129817610518	0.221061469143768	0.0478540634234124
S10294	0.060837854931759	0.141552771180557	0.0843014446382367	0.242479376036855	0.0319380775491581	0.0291832412234311	0.0510441097102007	0.00789041447998304	0.0869877696617293	0.217651410182696	0.0461335304053944
S10302	0.0569784138852107	0.124035926180081	0.0818241401631839	0.256029904455791	0.033044636823602	0.0274959878638668	0.053063491075945	0.00778497422652157	0.0865260977627763	0.224156410538815	0.0490600170242064
S10303	0.0600430958502762	0.125078042424608	0.0814454913532984	0.24371745195586	0.0321884322890078	0.0274869580182744	0.0538753256913778	0.00776428246548992	0.086627834639685	0.231170371066567	0.0506027142455554
S10323	0.0595580144015905	0.12930259785613	0.0837431565481572	0.246594099727584	0.0318768200473346	0.027916656260151	0.053361963184558	0.00760546929522582	0.0866748228487177	0.224370963659902	0.04899543617065
S10326	0.0574505018006732	0.129189255433827	0.0805454570930902	0.24398933391891	0.0323459459840198	0.0272357425297227	0.0525167807017817	0.00779394705918668	0.0874515726645596	0.233602735587483	0.0478787272267459
S10328	0.0582664563848323	0.122184975775167	0.0853873427621742	0.248376000236828	0.0332997631171268	0.0308874195694461	0.0520936306371755	0.00791891027816922	0.0888096336380367	0.225549726923921	0.047226140677122
S10329	0.0616609904488639	0.131940385020478	0.0834800570967053	0.251213710408971	0.0329215430827055	0.0258382098828775	0.0516844730145923	0.00776134301355994	0.0891158919804351	0.216213146835251	0.0481702492155601
S10336	0.0592050747633439	0.126341857540526	0.079685749529707	0.247408032359916	0.0328486620380894	0.0271312797552005	0.0539003947255049	0.0080201594441251	0.0877377990335099	0.229196128805764	0.0485248620043128
S10340	0.0619241190627272	0.129959845338081	0.0842299349709723	0.247480523649839	0.0323190876435953	0.0262835180167837	0.051340315564233	0.0078311371913476	0.0856735724250072	0.224088784162506	0.0488691619749082
S10347	0.0588517261432242	0.124792178344986	0.0849186841017927	0.242884336933756	0.0337495178712688	0.0270158483284102	0.0559040957535027	0.00834462333773406	0.0859725791487626	0.22704545615793	0.0505209538786317
S10353	0.061715813897772	0.12504460267527	0.0839246562248119	0.245993523528644	0.0301681104947237	0.0255125253358375	0.0541487485856925	0.00806387865608248	0.0875057478335113	0.22990984894013	0.0480125438275245
S10356	0.062123236472776	0.127475886140845	0.0859435009935273	0.240322968486143	0.0327579928664975	0.0255195089401961	0.0531839646463126	0.00797980708815626	0.0862420416199347	0.228672575005425	0.0497785177401865
S10358	0.0573742285673396	0.123739617132358	0.0831828342451503	0.246395030020709	0.0320736056548236	0.0264870306961293	0.0541386107090126	0.00829664874861749	0.0894597046369361	0.230038524571288	0.0488141650176352
S10365	0.0587196378716515	0.121839123539448	0.0848150007077397	0.246869255373275	0.0315692135050202	0.0258627042420631	0.0525075406264968	0.0080204823962784	0.091209563966367	0.229341777674101	0.0492457000975579
S1037	0.05981877967518	0.134351972478207	0.0899315435197068	0.246560085620392	0.0324518815369709	0.0297030377148717	0.0507839224800254	0.00775042742288415	0.0857092209505502	0.215790077792163	0.0471490508090492
S10373	0.0623412306062247	0.130201470287848	0.0839047081219292	0.251504687565853	0.0329842028403401	0.0263015726883529	0.0524891076932414	0.00793589483106086	0.0873792848315746	0.216531901147068	0.0484259393865071
S10374	0.0618708273067778	0.120365265473166	0.0825779772098302	0.240055172122404	0.0323910643103083	0.0247653583866215	0.0545296989155656	0.00838811293963356	0.0887663408410144	0.236899414247764	0.0493907682469149
S10375	0.0608002188971193	0.121756087300025	0.0830416144485807	0.252433139576826	0.0326174072404461	0.0260949278565083	0.0528556821427089	0.00755915692470048	0.0860898064665707	0.227462523639408	0.0492894355071065
S10377	0.0629609020493754	0.135842679371539	0.0814043104216136	0.240875723879073	0.0335062897099041	0.0256590362474621	0.0539272287015388	0.00786237033954568	0.0856220816712938	0.221775569533727	0.0505638080749282
S10378	0.0596778441678672	0.141688298748515	0.0830097071800956	0.247796882246062	0.0314421941922495	0.027799807593022	0.0517681573670134	0.00735915179575874	0.0867625945070626	0.215402372922374	0.0472929892799798
S10390	0.0642597281982298	0.125210223741844	0.0858860395276328	0.232199217885072	0.0337536774269613	0.0286215223063817	0.05507448222593	0.00830920457021016	0.0857358280833824	0.230032135022223	0.0509179410121323
S10391	0.0612822495611468	0.131507802451645	0.0784481101576159	0.247341069655136	0.0343190249507215	0.0256181296344885	0.0536994519676129	0.00822856020402427	0.0894709496321942	0.221280933603054	0.0488037181823611
S10393	0.0591576434311696	0.131625922820403	0.0777086143300105	0.253757654017896	0.0322766664486881	0.027192065471538	0.0503856650989741	0.00761366645238561	0.0855660957702524	0.225304468907204	0.0494115372514784
S10400	0.0596516230429448	0.126976310863407	0.084270432720771	0.241043864453702	0.0320105500734028	0.0261484057487978	0.0547093033570176	0.00784423007605451	0.0888237899728378	0.229406679571625	0.0491148101194393
S10401	0.061238989301089	0.128194454081649	0.0808849525374227	0.246255454357321	0.0321305149557102	0.0285135400749185	0.0539595445401053	0.00797263170803897	0.0883788988042652	0.224037192588089	0.0484338270513909
S10406	0.0591107202089213	0.121005382433803	0.0811077349705104	0.247871586393888	0.0323156321903899	0.0257229526127975	0.0556233947742024	0.00812257303825597	0.0882141009816981	0.230557260658459	0.0503486617370746
S10408	0.0603448249321001	0.133101746777953	0.0852568367877629	0.237351432536877	0.032169067674239	0.0290710578651175	0.0540455273052427	0.00788439155369238	0.0879520206140912	0.223044292103247	0.0497788018496765
S10409	0.0581919690639815	0.13634978302151	0.0794225389687245	0.256111803797488	0.0312322035427806	0.0270769019236673	0.0506160950571212	0.00770446401508941	0.0861555003496015	0.219528016440223	0.0476107238198133
S10418	0.0587972868517321	0.124155614337754	0.081604554855006	0.233447956204956	0.0328759648943168	0.0254930628431772	0.0571303168126267	0.00837520585884599	0.0871155503689437	0.240031165085375	0.0509733218872661
S10431	0.0573481628264764	0.119842163216391	0.0869445794512065	0.246314426602583	0.0335162248267485	0.0255152959052046	0.0529643824551718	0.00790891701158936	0.0892080173034999	0.229931304345209	0.0505065260559196
S10438	0.0596354237031091	0.130377948119808	0.0851558496107079	0.249386340517827	0.0323912325159567	0.0270322730750409	0.0531582206390252	0.00789832974853616	0.0875991434943464	0.218056772982404	0.0493084655932392
S10439	0.0596319144205813	0.134312983638262	0.0814773782576381	0.248897556790722	0.031594885811238	0.0267982907076911	0.0526035228967482	0.00744416467763022	0.0876309121010755	0.221384145294028	0.0482242454043847
S10441	0.060730689677107	0.12534581506063	0.0833720589596006	0.242415714223413	0.0329576857199915	0.0274233123238964	0.0545041359203264	0.00802688802123418	0.0901567329272421	0.225130548523384	0.0499364186431745
S10442	0.0617938559426868	0.12779077497172	0.0831958505492297	0.249059257675211	0.0327505085871404	0.0261682345451022	0.0540138404872456	0.00774146841524421	0.0869766276646005	0.22157074684368	0.0489388343181398
S1046	0.0594500247504323	0.127450150765706	0.0828695196339522	0.24343301963141	0.0310200102948271	0.0248342343742736	0.0519876823553354	0.00781880964473508	0.087161518719263	0.235152202812346	0.0488228270177203
S10478	0.0610399515889959	0.125353055572822	0.0794576934232322	0.244347655636792	0.03136606146111	0.024421079859176	0.0559880513402331	0.00798048810166751	0.088726013800208	0.230915393275712	0.0504045559400513
S10480	0.0620134479309633	0.1326870211356	0.0810920101728645	0.248486975019566	0.0334611204996271	0.0275014770092246	0.0533776443459895	0.00783022950239078	0.083461235241287	0.221416705713739	0.0486721334287487
S10484	0.0582462424400558	0.131210980583085	0.0800962371011857	0.245459647365357	0.0321245725705931	0.0276800071110627	0.0546786964560611	0.00778586212880471	0.0854844136487514	0.227062443833757	0.0501708967612864
S10492	0.0596765040684041	0.132387902524045	0.081050473337954	0.252755364222929	0.032126601169012	0.0275645857621442	0.0509542666372817	0.00781318038825191	0.08542998498192	0.22264930853393	0.0475918283741285
S10496	0.0627175699227355	0.138393901522686	0.0844653938951884	0.250478812415977	0.0329414032759158	0.0263763251649204	0.0507504195405121	0.00778292499384776	0.0875391425072387	0.211394632921262	0.0471594738397164
S10510	0.0584546218435468	0.12818786701071	0.0831512223258609	0.247100776928994	0.0337889362971397	0.0265217890429019	0.0530219850392156	0.00806120059020089	0.0887125804147264	0.22387855632215	0.0491204641845542
S10513	0.0563915021273791	0.120183619221359	0.0880481045690688	0.25041751326656	0.0310816144569952	0.0269835736567212	0.0536749344391806	0.00815851699237317	0.0887083157842519	0.226670012882662	0.0496822926034497
S10516	0.0614916262075583	0.127402682514054	0.0817257169806743	0.240321568076081	0.0324986040769295	0.0264387625676996	0.0535133251341638	0.00807637175016277	0.0852024856270201	0.234617141801067	0.0487117152645897
S10534	0.0595694291851064	0.131559124761781	0.0876579562804231	0.245326671705811	0.0314961670023177	0.0261119811042594	0.0520737121596483	0.00748626929515183	0.0878783552580379	0.22305938257481	0.0477809506726541
S10535	0.0618044504361544	0.120301483259298	0.0851652624662034	0.256728136868542	0.0330060991785996	0.0261573440672321	0.0506925321205938	0.00789631404719704	0.0888328782457679	0.220583074302732	0.0488324250076807
S10537	0.0605145249841374	0.13759769330529	0.0818528150249939	0.238413112013908	0.030390511444538	0.0259873215471799	0.0520637656472702	0.00777935979077251	0.0871030692781105	0.231369394509475	0.046928432454324
S1054	0.0587209211444909	0.128215883091549	0.0824375583648337	0.248579521113875	0.0332119416713347	0.0292801517546168	0.0550247567077129	0.00797892666363236	0.0888785563546084	0.217446615921919	0.0502251672114272
S10543	0.0608992264477584	0.134339369007081	0.0822068074747586	0.245060068382368	0.0321622451321665	0.028248570215808	0.0540083840460942	0.00782474117564112	0.0850313185127445	0.220616780768461	0.0496024888371193
S10546	0.061186264758369	0.127905834113541	0.0803492438105784	0.249689950544754	0.0339907742288437	0.0259319788338805	0.0538025587594542	0.00848624969346796	0.0883339335938464	0.220561781923008	0.0497614297402571
S1055	0.0587863115586024	0.120435760629439	0.0804030955068202	0.245870499169461	0.0329258350601721	0.0272182764691377	0.0552561229397231	0.00808868912840307	0.0874907004820692	0.231981100905886	0.0515436081502872
S10551	0.0590115044581927	0.121587210348054	0.0835671543180893	0.246922168416851	0.0318825594665266	0.0269376978589023	0.0532282152144671	0.00796717085779288	0.089833859537608	0.228740544687922	0.0503219148355948
S10552	0.0590303601050686	0.121989725124274	0.0803202644097995	0.238886713937661	0.0342635518056578	0.0275184848339256	0.0564257722699948	0.00822765272707068	0.0900310960101423	0.233073945681927	0.0502324330944776
S10555	0.0613040050925047	0.127435620760671	0.0838780006177753	0.258392917531244	0.0336210561470211	0.032706440657115	0.0533541283424903	0.00784409080073597	0.0857391774115188	0.207222096394239	0.0485024662446853
S10559	0.0575555821529156	0.122473638134739	0.0836981772627156	0.250132022374468	0.0322696183735178	0.026193287163007	0.0539235251281871	0.00811967931768939	0.0908092652900046	0.225943392163745	0.0488818126390104
S1056	0.0614110464279426	0.134775853254794	0.0835294149116161	0.245406423191517	0.0316990576522985	0.0273435122120689	0.0512881541578399	0.00787504172002112	0.0870276569428126	0.221965661506051	0.0476781780230389
S10563	0.0599102917664671	0.129777384809025	0.0808367294571579	0.243175460718738	0.032229007031025	0.0289189252186071	0.0523415603785363	0.00795191747201372	0.0849587851920793	0.230699244334681	0.0492006936216691
S10574	0.0574721806899721	0.129139696232292	0.0875258818320024	0.253064517937865	0.0324451134415701	0.0266704912788146	0.0519919329843467	0.00799423245532184	0.0886334749686312	0.217371354167627	0.0476911240115571
S10576	0.0589757211886286	0.125594465702644	0.0794881643242737	0.244257019920169	0.0329914805552752	0.0262515106082643	0.0532365039327919	0.00789828711732204	0.0866722272144769	0.234863950012167	0.0497706694239876
S10578	0.0582346562033058	0.119579528613724	0.0798435752728509	0.248270573756802	0.0329789301063711	0.0265023924249276	0.0533377833114376	0.00784639664887109	0.0904282232288453	0.232637978144154	0.05033996228871
S10579	0.0549179984491777	0.12884442454533	0.083546391162922	0.245793703455103	0.0306571077750635	0.0265460754251527	0.0521249782020544	0.00766105975879104	0.0890714919165779	0.231793260078287	0.0490435092315405
S10582	0.0602088710864355	0.129347634983341	0.0828952288007038	0.251394488389482	0.0316292371951014	0.0259622923774839	0.0521665356282228	0.00767879462015102	0.0838558774410442	0.227920625218074	0.0469404142599612
S1059	0.0617993726679606	0.130990300356507	0.0835943492759524	0.248683938190918	0.0313454470346458	0.0284982148346478	0.0534044523063481	0.00772175226366418	0.085686688815287	0.221504503874792	0.0467709803792771
S10599	0.0582391774937387	0.139021634623013	0.0825474449303322	0.240675902775792	0.0321681918050077	0.0242984870368335	0.0521515641863191	0.00784804135354567	0.0874551929477078	0.227017274571793	0.0485770882759166
S10611	0.0560364815807897	0.122237365250788	0.08546923192612	0.243580652491	0.0322520005634685	0.0244640319683525	0.0539932695416227	0.00775427510800435	0.0905370892036731	0.23472018079636	0.0489554215698215
S10614	0.056967185506995	0.123604380948992	0.085526166508154	0.243875703314688	0.0318755496871494	0.0269821440203991	0.0542794721960981	0.00791541868465999	0.0908250264183483	0.229053399026437	0.0490955536880797
S10624	0.0606242313714601	0.129133759445366	0.0849725038047176	0.237475324631105	0.0321954434738484	0.0267756881318181	0.0535611276954559	0.00837968353376592	0.0879673928929947	0.22930131016956	0.0496135348499085
S10632	0.0603269840784834	0.125114553807662	0.080026682917935	0.246745006755011	0.0332741366067648	0.0253570685226306	0.0534906355864385	0.00790647759416955	0.0875185339131871	0.23097326572043	0.049266654497289
S10634	0.0626180231508262	0.126631249584826	0.0851634434922272	0.24387857864874	0.031783052330786	0.0253253668559659	0.0520340158248005	0.00774971797053042	0.0861746138655101	0.229530558741297	0.0491113795344907
S10638	0.0632995515857964	0.126047697015437	0.0872683916715017	0.231812864402023	0.0321120223854498	0.0295098319019279	0.0556317277241499	0.00862476049104263	0.0905023657859009	0.224073026787151	0.0511177602496188
S10644	0.0576626207692431	0.12977911268818	0.083583723862907	0.254782207913088	0.033113292503479	0.0271644078611413	0.0512628759942562	0.00787776905831218	0.0859209051483666	0.22063819363848	0.0482148905625459
S10649	0.0567858565229776	0.128214483656077	0.0847528635034159	0.242702101933134	0.0319683684335963	0.0261033266366783	0.051999659300519	0.0080833725106027	0.0862395237897954	0.234214286985766	0.0489361567274376
S10652	0.0611052344897361	0.12916125044533	0.0810007772877607	0.237725897695696	0.0339433349371928	0.0280657556875989	0.0556066830599175	0.00787681113501776	0.0862969907946233	0.229617137185153	0.0496001272819736
S10654	0.0583211863358109	0.138076876281227	0.0828605116822299	0.256678557873935	0.032270308203438	0.0249325819899533	0.0502125857158272	0.00773348311501213	0.0877538828877348	0.213076365131618	0.0480836607832133
S10655	0.056479717115169	0.123782701052004	0.0854281734752292	0.247713853187784	0.0333613905692828	0.0274347045874228	0.0519815814384662	0.00782918800779216	0.0869603923224127	0.231096434777401	0.0479318634670359
S10656	0.0573981324263585	0.131829270679337	0.0822504827863657	0.253282461867282	0.0323906619706888	0.0269928246507722	0.0511845633105842	0.00758754335881688	0.085758888026138	0.224377135843081	0.0469480350805756
S10657	0.063412122886823	0.128699395883722	0.0807166498595644	0.236833548705325	0.0353546573739188	0.0278948984357019	0.0554719055302228	0.00830282116841679	0.0887809997054499	0.224832007341571	0.049700993109284
S10658	0.0599757618228116	0.13165470627865	0.084013259646411	0.250153404305202	0.0319158625713129	0.0262944433824142	0.0506905406956079	0.00747576952468734	0.0844115348758616	0.226778081332373	0.046636635564669
S10660	0.0587346441646028	0.1305679626996	0.082627809046141	0.251059316169414	0.0344841548773861	0.0297494499566714	0.0534704673406718	0.00821433168687025	0.0869989081246117	0.214332368163783	0.0497605877702482
S10661	0.0613016733331142	0.128270981232411	0.0867690776647615	0.249078850067336	0.0328408534487061	0.0269223713527921	0.0531925046151822	0.00789666752786917	0.0859890051959448	0.21991757320255	0.0478204423593328
S10676	0.061965607624552	0.123099684890841	0.0781251157741588	0.245690520158621	0.0326030215814145	0.0253417376866557	0.0527288529799094	0.00857505879434724	0.0901965185584509	0.232620854753588	0.0490530271974623
S1068	0.0615747154187922	0.12975882667075	0.0861009355166253	0.249905751400332	0.032379907778961	0.0272755166587061	0.0519509356810504	0.00784656421104263	0.0858340979036086	0.219007265205298	0.0483654835548338
S10681	0.0607359722145944	0.125107155862042	0.0821336907325626	0.241693953780561	0.0324852924720606	0.0268592672113398	0.0550354875951178	0.00795966964781646	0.0879895249268233	0.230232615722683	0.0497673698343993
S10686	0.0579463780670762	0.124374105056689	0.0810995087857545	0.245397985146756	0.0335936447293612	0.0261336262921573	0.0557170087380126	0.00814319300331407	0.0877602405847917	0.230555977103235	0.0492783324928531
S10688	0.0599469130594481	0.128357384493917	0.0898250997326068	0.242189981087336	0.0330834618556669	0.0266886815177936	0.0540900255260259	0.00801220511901542	0.087677618052137	0.220419985537772	0.0497086440182814
S10690	0.0597166402531496	0.121999371950285	0.0814537078660165	0.254575073067257	0.033777435600132	0.0272221986420722	0.0548284363838412	0.00811755206339465	0.087669774462243	0.21990503988132	0.0507347698302881
S10698	0.0605789259816805	0.124671355127064	0.0856750732874261	0.251733640631856	0.0342602910624236	0.0281141764472551	0.0523432885380541	0.00831278926172302	0.089621530541889	0.215096680656585	0.0495922484640429
S107	0.0564414668240087	0.12965776423201	0.0846280757542797	0.247408369425201	0.0326650280826635	0.0287471624029463	0.0539588445619407	0.00780333695520397	0.08265964200046	0.227159643913862	0.0488706658474247
S10703	0.0576821163610404	0.134749610324675	0.0859179573792272	0.246963224049375	0.0330709902154723	0.0275118337363091	0.0518920061435642	0.00776117420170681	0.0849445708201075	0.222517213885704	0.0469893028828189
S10726	0.0617144633020326	0.132140182358031	0.0842749598018623	0.245848626269027	0.0325654893380025	0.0259564444911756	0.0530308617181355	0.00813331145219206	0.0863637547564951	0.221806318626936	0.0481655878861104
S10729	0.0594451643739003	0.123583563643849	0.0823265447436129	0.247851738046754	0.0322237618827205	0.0271890546850688	0.0546863307469323	0.00804996610751363	0.088580947900561	0.226384442907744	0.0496784849613438
S10733	0.0585986732950581	0.125223437833164	0.0830692208906774	0.252935175467898	0.0329939477820809	0.0265027912643857	0.0518567679021343	0.00779393391961601	0.0888867720377882	0.223902195379118	0.0482370842280799
S10734	0.0576791050444764	0.140638824814807	0.0857999003840501	0.246780103568518	0.0325653604271641	0.0261489685250211	0.0523257365608175	0.00768086886885416	0.0883956252311854	0.21311449452481	0.0488710120502969
S10735	0.062528515107127	0.135917455934545	0.0829008191452668	0.240598763470503	0.0321769196072207	0.0257048217824653	0.0540177311139843	0.00773625652231286	0.0858116241181964	0.224308986229762	0.0482981069686169
S10740	0.0581922526553221	0.129911664572335	0.0859259174631388	0.24359699664731	0.0329017733958387	0.0260347227673737	0.0552460066810057	0.00777550092367948	0.0881432227181329	0.221746407926729	0.0505255342491346
S10745	0.0602091592970441	0.127755997315979	0.0785539892468842	0.245566286673011	0.0315111519009023	0.0259987062449882	0.0549192179285776	0.00781588588023632	0.0872320362481819	0.231408533152061	0.0490290361121347
S10748	0.0603547489563456	0.123743684652611	0.0823556471654466	0.246981482957356	0.0331143407017017	0.026296740578336	0.0531114216542039	0.00769904691491636	0.0853180883351654	0.231935249238504	0.0490895488454131
S10753	0.0604749246883958	0.134872919188603	0.0856107067626925	0.248599446746463	0.03168463215184	0.0260697323476035	0.0521108265422665	0.00768516614926479	0.0882641614527016	0.216888100427754	0.0477393835424155
S10756	0.0625196796173232	0.127252685426034	0.0814059407235636	0.250338397048717	0.0327590562486399	0.0265358038216963	0.0533989295470437	0.00772107289311845	0.0876182555984827	0.22276402975496	0.0476861493204208
S10757	0.0619425158288053	0.138458651638433	0.0881512176177148	0.24338357241792	0.0330104930463683	0.0281827411061025	0.0514461482810039	0.00767799820003762	0.0844573703431267	0.215253117040979	0.0480361744795085
S1076	0.0627884040579337	0.128705060406566	0.084241884853863	0.239085272783359	0.0322041711295326	0.0249140492033217	0.0537001090931738	0.00792546857138599	0.0889881412247567	0.229264134591964	0.0481833040841434
S10764	0.0597583761292879	0.125434405674182	0.0829226620195652	0.239213469075566	0.0323937842941095	0.0271111135162034	0.0543917688802259	0.00815343733926852	0.0884247413352801	0.232704396534661	0.0494918452016506
S10767	0.0597066138475064	0.129265855441354	0.0808151621223072	0.256057990826671	0.0333616194417232	0.0295181056586205	0.0529623911970571	0.00765679482895498	0.0873649460889093	0.216196053202784	0.0470944673441123
S10776	0.0586055850525886	0.128642412849654	0.08411464455623	0.246157523774271	0.031279556670617	0.0261217749417418	0.0511578575796379	0.00772673675024611	0.0874887244386123	0.231288198789696	0.0474169845967064
S10778	0.0581055687066734	0.132265070568136	0.0855616145913985	0.2464385843656	0.0315511690771163	0.0266553183023345	0.0510319225591858	0.00779334750848542	0.0845137894834176	0.227914618534856	0.0481689963027961
S10784	0.0598105273051894	0.128243252619955	0.0827072088637025	0.24326167743138	0.0306399595655845	0.0252244514289133	0.0530367866974036	0.00769773297347151	0.0881976082370156	0.233539014712979	0.0476417801644064
S10787	0.0600060013818028	0.128813655950019	0.0845542760430163	0.245277622104182	0.0323800570408721	0.0273431378266017	0.052635011002417	0.00788264730653809	0.0855163375090044	0.227099917794863	0.0484913360406824
S10800	0.0668910782382261	0.144891699393137	0.0801884870137927	0.241154432438083	0.0315512568616707	0.0262441345149253	0.0520682864366459	0.00763269871077055	0.0831699226274736	0.21963985806225	0.0465681457030264
S10805	0.0611206866483383	0.131515691873753	0.0811249115487575	0.237915861808851	0.0320096456713531	0.0280163817715706	0.0544264102546778	0.00782866938161933	0.0861813512115186	0.230634851402624	0.0492255384269364
S10813	0.060177082036713	0.126616571154033	0.0823289355364718	0.248795114771575	0.03271901891185	0.0264174260706827	0.0539233053692694	0.00789735113554512	0.0887681214343579	0.225228874973888	0.0471281986056149
S10814	0.0589307453601541	0.131266490354782	0.0804882396266547	0.246364169810813	0.0338076742862595	0.024913001442243	0.0531967422084658	0.00840221730079829	0.0885251709007941	0.223093581201099	0.051011967507937
S10815	0.0583311720873905	0.122788214744536	0.0817263371514461	0.251894482724502	0.0319358966624242	0.0253809308081348	0.0524752471005845	0.0078676645283413	0.087634610599955	0.23146337441284	0.0485020691798449
S10817	0.0602307112355679	0.131183644158965	0.0834972418263539	0.240419161167632	0.0333464399040971	0.0273954898810061	0.0534006061271981	0.00792477004127512	0.0865112435580998	0.22643391317322	0.0496567789265845
S1083	0.0592720772873019	0.136361149076986	0.0841650618393164	0.242938131651057	0.0321675233456105	0.0275550900337289	0.0512618966678454	0.00790589890953049	0.0881740116523891	0.222009674150531	0.0481894853857038
S10835	0.0573878781463774	0.128404053284297	0.0802169987179648	0.248728869694326	0.0327088793090113	0.0253329920149472	0.0552731079660836	0.00861612127833387	0.0895061135591282	0.223799426283126	0.0500255597464047
