naive_B_cell	memory_B_cell	CD4_positive_alpha_beta_T_cell	CD8_positive_alpha_beta_T_cell	macrophage_m0	macrophage_m1	macrophage_m2	MAST_cell
S10001	0.0810843047761514	0.194396598742426	0.204337855809163	0.0568728551075433	0.142251197286224	0.078931445719234	0.0875259787050705	0.154599763854187
S10006	0.0819360061360104	0.182071116738514	0.223552012152123	0.0560817586747006	0.140538779628138	0.080282701385617	0.0882790323397798	0.147258592945117
S1001	0.0768863642306072	0.174446641663567	0.224005181520609	0.0591956070459624	0.142431152286484	0.0815607521482932	0.0914810261789619	0.149993274925515
S10010	0.0757934542396089	0.186817530556428	0.193004135702842	0.0614853546335905	0.148627922560882	0.0826430713199791	0.0958262779927612	0.155802252993908
S10011	0.081164138802092	0.187908896729903	0.202467347160987	0.0605333486348428	0.142005867719454	0.0830705130636453	0.0901990963531608	0.152650791535915
S10014	0.0806490268350647	0.185367952631396	0.198339349105862	0.0583941255118744	0.142425730510972	0.0829469393766025	0.0969483720516631	0.154928503976565
S10026	0.0748698467973059	0.181821841860987	0.228888100411889	0.0581978479050132	0.144214540422916	0.0757019296080057	0.0893320470547058	0.146973845939178
S10032	0.0830055158952624	0.186925565135134	0.2027348491778	0.0577575472167171	0.13935795404731	0.0875795172821078	0.0958684312812054	0.146770619964463
S10036	0.0746960680043146	0.187649513164652	0.22947592102076	0.0560942449073856	0.135698512942935	0.0770137186084099	0.0889685088850436	0.1504035124665
S10042	0.0816397896532718	0.183366330831164	0.205698080750163	0.0591091260595318	0.145737011550671	0.0808162307334267	0.0890136346321959	0.154619795789575
S10044	0.0774760886641996	0.181679600300265	0.224468159749607	0.0582991377650337	0.138894409112966	0.079237599578519	0.0924974388379901	0.147447565991419
S10049	0.0786567550245233	0.182547661791076	0.231595395612773	0.0584896915859353	0.136102896811317	0.0774341223193191	0.0899388086827736	0.145234668172284
S10057	0.0799054215713816	0.191244331753109	0.199071547639313	0.0598319888830185	0.14465131004549	0.080425788068705	0.0916881196563678	0.153181492382616
S10062	0.0777329418483219	0.186799857812827	0.210873924100206	0.0591269140984939	0.143352805158826	0.0783310443452517	0.093357645621429	0.150424867014644
S10066	0.076774197969429	0.188829841053446	0.194108842327297	0.0584982288081972	0.145475088331739	0.0850862415525839	0.0934006132264826	0.157826946730824
S10067	0.0788144211704634	0.180701749795331	0.230274286530393	0.0592346715181427	0.137634271537768	0.0786403932424134	0.0910855755893533	0.143614630616137
S1007	0.0821620862006343	0.188246638607922	0.209624136829925	0.0561563662146776	0.139527004669098	0.0792891722061207	0.0896633276131303	0.155331267658493
S10073	0.0772552571973744	0.180069190686601	0.231696747958275	0.0607469512085202	0.137073852728541	0.0825457708004544	0.0894967389593779	0.141115490460856
S10077	0.0857476540396621	0.194148237210326	0.190744127597781	0.0587712485597251	0.134705650527127	0.0841288222550481	0.0941139052387775	0.157640354571553
S10080	0.0845082612433113	0.18809112360022	0.198858231255252	0.0607653734457718	0.142621513168919	0.0785972152379905	0.0910481837971634	0.155510098251372
S10082	0.0796644998472621	0.185815264935586	0.215507204848192	0.0593591575510885	0.138627296495437	0.0828668854922552	0.0916411712296008	0.146518519600579
S10087	0.0818981134865112	0.18154866982965	0.221545519472415	0.0585359976047726	0.139884812226289	0.0802805348779942	0.0896177508071884	0.146688601695181
S10089	0.0803033040631209	0.193398164274092	0.203616488217679	0.0565978248244879	0.1370500512241	0.0803924370278834	0.0896827303427004	0.158959000025936
S1009	0.0859580334387413	0.19434249430322	0.202408194473155	0.0618338825824816	0.137814496370343	0.0792817511351734	0.090144046508968	0.148217101187919
S10090	0.0772343857109787	0.183685165699812	0.213425240496246	0.0576774305870936	0.141615058127258	0.0846551731146896	0.0882143642081299	0.153493182055792
S10093	0.077844193648266	0.188836972750375	0.200480011725124	0.0576097948848578	0.146461706456335	0.0812017760404645	0.0903432492077517	0.157222295286826
S10094	0.078899579162696	0.182946751038074	0.210755895994675	0.058351935625193	0.141185273760671	0.080504891985781	0.095019402996741	0.152336269436169
S1010	0.0803264117858768	0.189604360149316	0.206857715403496	0.0593272191188021	0.138719976943253	0.0807364905227091	0.0896311384980347	0.154796687578513
S10111	0.0779361466309284	0.18609731425299	0.216680099169259	0.0598687649078446	0.137999513259688	0.0805634230913288	0.092516776558341	0.148337962129619
S10116	0.0800309668603679	0.193426661615132	0.207715045276161	0.0634738353369318	0.135560118607846	0.0820857402438721	0.0879415777906055	0.149766054269084
S10119	0.0796130916863245	0.184598290626286	0.211081216997486	0.0581666931119921	0.143182022265291	0.0808187566573861	0.0888093230875786	0.153730605567655
S10121	0.0794538915340453	0.183020071956213	0.20998315136542	0.0609749416037191	0.140640016983199	0.0802408229816247	0.0912981326093125	0.154388970966466
S10130	0.0789203538345051	0.189592988577682	0.19856662990863	0.0569084349439494	0.145447254381428	0.0788233470347937	0.0948333990326405	0.156907592286372
S10140	0.0852609951710575	0.190239049714042	0.190981781563939	0.0576174541579562	0.146911899511145	0.08432616973141	0.092981363442135	0.151681286708316
S10142	0.0818130815107656	0.189054466301261	0.210075612762429	0.0572636802640791	0.142195625826474	0.0798429946892469	0.0900254359023977	0.149729102743346
S10150	0.0838744325417577	0.199115937538032	0.184888880493495	0.060638680519927	0.1401578746534	0.0809616442598918	0.0923958888617159	0.15796666113178
S10155	0.0797936526112049	0.181567892938662	0.219650208669729	0.0589239923200854	0.138268141828308	0.0814637042905446	0.0902791493831105	0.150053257958355
S1016	0.0784276061456396	0.194929477112118	0.19602307718566	0.0585472264046061	0.143710096856085	0.0809346943472215	0.0939336534568778	0.153494168491792
S10163	0.0857975283226187	0.197769874982267	0.189010333816428	0.0610320392071689	0.140815848260758	0.0825410905936012	0.0875513779865332	0.155481906830625
S10167	0.0823560258015988	0.192036197654452	0.189886755323706	0.0626329059262685	0.13832973729478	0.0866122941897381	0.0890467986911048	0.159099285118352
S10168	0.080308891878091	0.18408819335037	0.210125210418911	0.0608166767691783	0.139812124286338	0.0804760142648274	0.0925417396780163	0.151831149354267
S10173	0.0841353124632964	0.187402551893685	0.22207210548026	0.0602679999126244	0.136956293249791	0.0774832468045425	0.0873415151644616	0.144340975031338
S10175	0.0799567783665598	0.184008113219399	0.210020172283762	0.0570762989893216	0.14319160760404	0.0835299002619819	0.0894337472546687	0.152783382020267
S10179	0.0769427460287875	0.170709384317904	0.234567963483767	0.0609541224418581	0.137583137728215	0.0840086292401947	0.0932641313475143	0.14196988541176
S10186	0.0841432214205316	0.187935046894717	0.207031312029898	0.0587110578047666	0.14322184747087	0.0796513905957353	0.0929663284639066	0.146339795319575
S1019	0.0790140911783906	0.188371004963147	0.215354556547773	0.0570716521913548	0.138826708764777	0.0788371480568898	0.0886117955267944	0.153913042770873
S10190	0.0783876303242565	0.173018140317769	0.238030676828339	0.0583246995470366	0.138986280546098	0.0835525669112975	0.0884895387059089	0.141210466819295
S10195	0.0797067543116506	0.185330660710602	0.217420924812731	0.0566018896474238	0.142250884835623	0.07817820862623	0.0914184274188643	0.149092249636875
S10196	0.0755951000448164	0.184736571557167	0.215973529233817	0.0576434356886818	0.145318653513274	0.0803331116804417	0.0881151149255874	0.152284483356214
S10200	0.0759003904485451	0.186390193015854	0.202163522370448	0.0580528685783631	0.146309810465442	0.0856748999465146	0.0937849393391727	0.15172337583566
S10201	0.0819307713602796	0.198000499788224	0.174933644006851	0.0565569804885489	0.147618292070056	0.0811802387555526	0.0961299711217532	0.163649602408735
S10202	0.0818611659496348	0.185732007956487	0.204293574903062	0.0600898280121235	0.142129563458612	0.084158671999593	0.0924025468561449	0.149332640864342
S10205	0.0856743783768024	0.181436005588188	0.223312564957382	0.057695357092989	0.135570734652111	0.0786935675414503	0.0921495947512662	0.145467797039811
S10211	0.0750846594744325	0.186574364449002	0.216002684960016	0.0590980097997064	0.142638893766669	0.0794754894532941	0.0897083952458557	0.151417502851025
S10221	0.0802853704719752	0.187067064878534	0.212731045571311	0.0603218158625405	0.143672340032871	0.0793648093975597	0.0920869847987912	0.144470568986418
S10222	0.0807138721894712	0.198453596787598	0.198690015819623	0.0563235984654172	0.139275263264351	0.0812967132843061	0.0920403121062092	0.153206628083024
S10226	0.0815494759738568	0.185285344964038	0.208646590593759	0.0586553587291022	0.143736320343757	0.079779570979429	0.0885989362542355	0.153748402161822
S10227	0.0790384174036918	0.19170452408291	0.197931333693765	0.0596181765483378	0.142297731423571	0.0821245767451537	0.0914486619915036	0.155836578111067
S10228	0.0752856920622497	0.187384536243843	0.212924928746744	0.0588949794069324	0.137481690526128	0.0842274833298628	0.0882792674012103	0.15552142228303
S10232	0.0829928438141689	0.178677877006078	0.216465787589036	0.0617571729996858	0.133221888114665	0.0859003928853126	0.0905609513625662	0.150423086228487
S10248	0.0753984921853986	0.174944477594332	0.248721183881322	0.0571839619222466	0.139745185238429	0.077517758892665	0.0840042967260812	0.142484643559526
S10249	0.0752000997578122	0.182077254144403	0.204934906691063	0.0550778487461018	0.146347457557645	0.0948599196164909	0.0892807488109968	0.152221764675487
S1025	0.0802998373463504	0.180990965712575	0.217826842218104	0.058044084810749	0.138628401375042	0.0794812588096598	0.0930973521081757	0.151631257619344
S10266	0.0811184656731802	0.187015715834922	0.199229616129352	0.0597693889662572	0.144498461954752	0.0829884429430203	0.0921643486369408	0.153215559861575
S10269	0.082354979761063	0.193289358076639	0.207950426284746	0.0583276544080714	0.135497852705251	0.0792250528194808	0.0887245074339382	0.154630168510811
S10272	0.0749549339941138	0.189734245607511	0.212039849479705	0.0565425895776114	0.143773906470162	0.0776073897101814	0.0900631822141423	0.155283902946573
S10273	0.0868679184604139	0.187124499469111	0.2004060844288	0.0572024506892816	0.140343576291608	0.0820307788108909	0.0923939105626653	0.153630781287229
S10274	0.0771107533669295	0.190781336176749	0.211135450916362	0.0566812857583842	0.142987380129653	0.0803619928275169	0.0930006812766917	0.147941119547714
S1028	0.0788083922921566	0.171195852304483	0.237693097905865	0.0579924591072155	0.130452871972496	0.0852839567895353	0.090438635971734	0.148134733656514
S10280	0.0809589880468432	0.174643760924885	0.220881623457573	0.057005734749566	0.144247608230256	0.0819126393181097	0.0924153613014022	0.147934283971364
S10283	0.0795742411359265	0.177835207968963	0.223985784196223	0.0617343222628328	0.139090899210681	0.0814739742169426	0.0905000830274244	0.145805487981007
S1029	0.0820300281481947	0.195722360096765	0.198858419465871	0.0581313030360903	0.138893217767111	0.0831772409690943	0.0923337558322927	0.15085367468458
S10292	0.0820315195562082	0.191350817161772	0.206179087715097	0.0586268221355032	0.141702243084464	0.0776607733397721	0.0897133185677805	0.152735418439402
S10294	0.0798051520780133	0.186225654282667	0.227644341394855	0.0580211003826313	0.133243778030009	0.0780067192449724	0.0912804200507745	0.145772834536077
S10302	0.077010831566024	0.178527216281629	0.220675413380367	0.0599832247925422	0.146068526978828	0.0792185082852479	0.0889506026749754	0.149565676040387
S10303	0.0812652800822263	0.192943652785586	0.191520658776505	0.0607520495954254	0.148036741439205	0.0802699022260574	0.0922282892774643	0.152983425817531
S10323	0.0827892502138174	0.188500371277616	0.197572532150274	0.060735673110085	0.140875269792797	0.0787165394727322	0.0941638772652043	0.156646486717474
S10326	0.0797268334271724	0.186030875251052	0.208224306165912	0.0583541406030078	0.142473670711077	0.0810034839007128	0.0916152323923051	0.15257145754876
S10328	0.0798350572588567	0.186102380159645	0.20834520172944	0.0627170174217996	0.1387046302056	0.0805393068923305	0.0900077670561705	0.153748639276158
S10329	0.0827786716341767	0.185668219115121	0.214275094432155	0.0582514102900834	0.14125314376182	0.0773430521325054	0.0925768862201401	0.147853522413999
S10336	0.0815527170035171	0.186270170371247	0.19664241676721	0.0592252744167596	0.14439283297327	0.0798868118506602	0.0945403284341337	0.157489448183202
S10340	0.0848105353573003	0.184095436971369	0.206751623056701	0.0594793025627734	0.141892658139781	0.0793362520994609	0.0918979460139479	0.151736245798666
S10347	0.0808366110625547	0.199110874055836	0.198279927212472	0.0604394139253212	0.139766046363884	0.0794396772016292	0.0901323480353353	0.151995102142968
S10353	0.0843015400702566	0.187397543552009	0.201272042415928	0.0599462967066061	0.141813484330093	0.0818554118792424	0.0895127334481714	0.153900947597693
S10356	0.0841856287282241	0.186897131171719	0.20710251993456	0.0592541337198739	0.13972159665953	0.0816599772073507	0.0888517470863505	0.152327265492391
S10358	0.0764877078379902	0.185566838185411	0.210777622152638	0.0571453472204946	0.13809455825921	0.0848078667363213	0.0960849358761436	0.151035123731791
S10365	0.0798712478534268	0.183422217701001	0.189220264027977	0.0588189924208047	0.148105625485866	0.0844009518791023	0.0963049072206106	0.159855793411211
S1037	0.0809697012201347	0.185906393815476	0.217908238229405	0.0619096576474131	0.1374181785717	0.0780418265523472	0.0899435432179795	0.147902460745543
S10373	0.0805251940021691	0.179081119199447	0.222094629576313	0.0577293343816067	0.1416176723961	0.0820689849814843	0.0910354094030884	0.145847656059792
S10374	0.0772576510083493	0.176548857762718	0.235150712800545	0.0541278674099381	0.13167815997337	0.0862974744250911	0.0887126583941276	0.15022661822586
S10375	0.0798387366865554	0.180884237988891	0.212025545006199	0.058961976933054	0.142151402497288	0.0783883878351271	0.0913474010496138	0.156402312003272
S10377	0.0827016390274355	0.192508463649008	0.211504342162778	0.0589474121610543	0.134926631765689	0.0785636698095284	0.0892146369557136	0.151633204468793
S10378	0.0826216158200094	0.177589913340839	0.225385230805946	0.0592350583353081	0.138531488387164	0.077100948438787	0.0910431518718859	0.148492593000061
S10390	0.0863582191804532	0.192130010537118	0.193685130907993	0.0608575876960913	0.137777051158828	0.0811804759161755	0.0894428044334597	0.158568720169882
S10391	0.0779354468226881	0.175927791489482	0.214591775506278	0.0562597743040113	0.142268484233426	0.0864253043732356	0.0966545434858806	0.149936879784998
S10393	0.0774876116893678	0.19125149071683	0.231496489673784	0.0581888473508286	0.13742006238044	0.0766631906895233	0.0868444885774452	0.14064781892178
S10400	0.0809715009432767	0.189241799248992	0.196063299920796	0.0578459662909928	0.143195564523448	0.0793950927451044	0.0960191707913384	0.157267605536051
S10401	0.0843129139276701	0.193280517462308	0.198533804871052	0.0594656990448576	0.139524131434247	0.0805231592035395	0.0890360023382691	0.155323771718056
S10406	0.0786642107641898	0.184415624469256	0.201533493253071	0.0579927735571095	0.14756846565724	0.0808687608182878	0.0962195949209321	0.152737076559914
S10408	0.0837081144926608	0.191477542933612	0.199854009464791	0.0613137151965316	0.142662440969844	0.0798583022124807	0.0905555179679867	0.150570356762093
S10409	0.0781550287500111	0.180006581335051	0.24021391689366	0.0586151446540865	0.134211463275938	0.0755224563527098	0.0877069763168288	0.145568432421715
S10418	0.0803414857009672	0.194956049933153	0.179773304384012	0.057063126675279	0.149635418410492	0.0811389760108137	0.0921297485404575	0.164961890344826
S10431	0.075898827276855	0.191314382578783	0.214414332429564	0.0568939844572867	0.142079336369426	0.0769376309203427	0.092165741751393	0.15029576421635
S10438	0.0798567426232862	0.187572176716259	0.199900335132118	0.0595791426217553	0.146001075932407	0.0807562033873577	0.0949386689257904	0.151395654661027
S10439	0.0790265945780939	0.189238408519383	0.214185182107686	0.0593079898963273	0.141365916138329	0.0781580263528684	0.0910673320113311	0.147650550395981
S10441	0.0793421227364818	0.193519739292555	0.200076174017396	0.0543973162048737	0.146444740231429	0.083056818941962	0.0942809549595085	0.148882133615794
S10442	0.0840923752671252	0.189671498342054	0.19319376900629	0.0602069938038888	0.146495464072238	0.0806645170161116	0.0929180561989164	0.152757326293377
S1046	0.080507104147973	0.190382957776517	0.203351198497743	0.0572325316966238	0.144048834167081	0.0794839431859562	0.0912821323341718	0.153711298193935
S10478	0.0847610418729264	0.199209760580058	0.177040189060791	0.0555103943435584	0.149507447458667	0.0801826295898082	0.0985844215834589	0.155204115510732
S10480	0.0827838633150812	0.191728848672834	0.203080872369637	0.0581711695702118	0.143991299581464	0.0791518091111164	0.0868325199196007	0.154259617460054
S10484	0.0796167506993485	0.189217252546229	0.205295439360317	0.0590526587155317	0.145447102590504	0.0820394726926671	0.0907650493856011	0.148566274009801
S10492	0.0802733470096533	0.176889659290685	0.227137854182682	0.0615271500774505	0.134064483586208	0.0802777016879632	0.0900898817899153	0.149739922375442
S10496	0.0821097092750079	0.189707054857915	0.218762863799339	0.056851253803659	0.140516464703876	0.0765756749964554	0.0935766686031348	0.141900309960613
S10510	0.0761070994387965	0.188243882644267	0.219616534255632	0.0571622105526985	0.139904588483505	0.0806789744393856	0.0924875521957927	0.145799157989924
S10513	0.0732446094452655	0.179367193978454	0.218540392081977	0.0592529595875423	0.142073173262899	0.0864513807283094	0.0953683930601853	0.145701897855368
S10516	0.0821733885686854	0.189035798207894	0.201064956254744	0.0564217666617243	0.142132192637382	0.0804409097420193	0.0927662671590582	0.155964720768492
S10534	0.0789693156822469	0.18428571949278	0.224839092369334	0.057402469896159	0.136769889352305	0.0747627925345371	0.0925462643168148	0.150424456355823
S10535	0.0774490469469984	0.182963019228851	0.232512810559624	0.0573636316567867	0.139646312992758	0.076544114827664	0.0887125411709173	0.144808522616401
S10537	0.0839202062904974	0.189141366516866	0.195488365689026	0.0586185740007362	0.141421537318522	0.0797453563922769	0.0958891433126457	0.155775450479429
S1054	0.0773831843646582	0.1962588957078	0.200189661746889	0.0605709782934438	0.145291024980261	0.0798049544177554	0.0927925700365079	0.147708730452685
S10543	0.0828310124768211	0.196834256879656	0.20008424797905	0.0596696401317303	0.140637562073513	0.0801483684474967	0.0883826483077544	0.151412263703979
S10546	0.0805235597007122	0.187308432272081	0.204725703472231	0.0554922360927786	0.145017115593127	0.0834762715892781	0.0915152053306606	0.151941475949132
S1055	0.078787059343119	0.187249284551294	0.192293408737814	0.0578418345254952	0.145544511333523	0.0841489298906261	0.0952528814341706	0.158882090183958
S10551	0.0847035769888635	0.19016260791345	0.183900002555263	0.0614869568039894	0.144221221967326	0.0854093162409154	0.0949869693874358	0.155129348142757
S10552	0.0813722772156027	0.199360792568367	0.181196911855221	0.0557117201375919	0.145000316572799	0.084586323849546	0.0968760112316456	0.155895646569227
S10555	0.0818378514776607	0.187093016178481	0.20991376441971	0.0661770024241374	0.136653397552212	0.0779719094973954	0.0925268205204958	0.147826237929908
S10559	0.0765635559736433	0.179877284616371	0.21503655592741	0.0564986787490469	0.140345166563257	0.0816926788158834	0.0957850473184165	0.154201032035971
S1056	0.0826811720198377	0.183681693450657	0.216372423006308	0.0596543593236604	0.137661015549552	0.0816801455414337	0.0913514700067424	0.146917721101808
S10563	0.0832161946889328	0.188697949590014	0.199412539127393	0.0611799035272733	0.140076200905517	0.0834622283529034	0.0916922314144273	0.152262752393539
S10574	0.0763320931088003	0.185636957497632	0.222343525833284	0.0590846468788662	0.142002182822013	0.079115312756571	0.0897878641790187	0.145697416923815
S10576	0.0797715865994523	0.179256895205572	0.209350315977801	0.0570687416855399	0.147873073581849	0.0815804515909908	0.0922363456799626	0.152862589678833
S10578	0.0777395449460595	0.181338811348633	0.20409400539215	0.0583655438362989	0.142619400854622	0.0859893546978683	0.0933616870772937	0.156491651847075
S10579	0.0766583182792581	0.193224171035405	0.202883478217746	0.0585657396797287	0.140805979004717	0.0794411723311785	0.0952016505646467	0.153219490887319
S10582	0.0822529823891659	0.18389967248827	0.213538058311063	0.0569102261208335	0.144498572478603	0.0796188443002282	0.090583469287041	0.148698174624795
S1059	0.0846143936643166	0.191623841488897	0.192374687000196	0.0607209707424762	0.136910127934476	0.0822901433736544	0.0935265350358634	0.157939300760121
S10599	0.0800471927774526	0.175803101847509	0.218200762564071	0.0561858338992538	0.142539371439833	0.0809035609021997	0.0933491121134149	0.152971064456266
S10611	0.074781069942261	0.181670533777896	0.222040978709143	0.0569765245906885	0.144690707318436	0.0786167145350552	0.0913823138459299	0.14984115728059
S10614	0.0786242862112253	0.18594738083028	0.203282964377985	0.0604424811092017	0.144746760059553	0.0795072253680568	0.0917414004470519	0.155707501596646
S10624	0.0799899473559845	0.194141152462166	0.202078189228641	0.0560514951800044	0.138159826847987	0.0908836719972953	0.089042946843763	0.149652770084159
S10632	0.0827242273855528	0.190556038949198	0.199946103792475	0.0548178886464787	0.139635207990111	0.0796557999067115	0.0941532668096318	0.158511466519841
S10634	0.0820012812913139	0.189874654419999	0.216609355828353	0.0576947857042392	0.138481451800137	0.0766233145589799	0.0904204125539511	0.148294743843028
S10638	0.081737371253574	0.182559128993009	0.212997389016198	0.057608182818146	0.136682601751793	0.08349261674367	0.0942612922476393	0.150661417175971
S10644	0.0768727139097277	0.179450953681835	0.234567201221178	0.0589212029911073	0.137998308391139	0.0772380413984506	0.0900028067551563	0.144948771651406
S10649	0.078220052816792	0.184807219809696	0.207204356542827	0.0576286650532092	0.142366345138708	0.0838287751357748	0.0919864752273482	0.153958110275645
S10652	0.0842265495096647	0.194561605222966	0.186329290234819	0.0571314541657662	0.144979369912024	0.081408298551437	0.0934317726982338	0.157931659705089
S10654	0.0795936150267436	0.185893378947166	0.220778115249971	0.0551950251018942	0.140567603192693	0.0798055577834665	0.091746049794886	0.14642065490318
S10655	0.0756582773031744	0.18578235828382	0.215258315056408	0.0574982491799602	0.142828684223304	0.0791948098391242	0.0904969864023268	0.153282319711883
S10656	0.0772268723361842	0.182280831619437	0.22819978708203	0.0578241813963924	0.139690937265305	0.0796088260972381	0.0875658960933214	0.147602668110092
S10657	0.0829271381721379	0.194550591234887	0.186578506311474	0.0605137718637116	0.136164815899921	0.0910598941939386	0.0914126185683623	0.156792663755568
S10658	0.0812128923132768	0.182301544477795	0.226987589509909	0.0585619697757808	0.139357543092279	0.0764087770356792	0.0897888544185167	0.145380829376763
S10660	0.0789342036315868	0.190382775779343	0.197247992453949	0.0617904739897452	0.145514787637962	0.0799377665616583	0.0960686642136977	0.150123335732058
S10661	0.080704395650867	0.188597365492596	0.228406238241217	0.0577750076104376	0.136593605395453	0.0773552477074777	0.0864802551230872	0.144087884778866
S10676	0.0803835202675768	0.180786800899724	0.195307318806206	0.0564677196560933	0.14195023401285	0.0974759195124244	0.0942336203755181	0.153394866469607
S1068	0.0835255462438955	0.183058840736752	0.21210928183535	0.0589368927215701	0.142771868545125	0.0810359495324404	0.0916894213466099	0.146872199038257
S10681	0.0808945537298656	0.185319761875196	0.205276557121622	0.0599427347922968	0.139184430928354	0.0796824667303069	0.0927397761334712	0.156959718688888
S10686	0.0801714949258184	0.192373968062216	0.19649233634508	0.05765787303342	0.143008066820815	0.0794309461903732	0.0941390223616109	0.156726292260666
S10688	0.0787075643928538	0.185438317126161	0.227017242032315	0.0567852814093121	0.137964331364605	0.0805293213456983	0.0896413403691991	0.143916601959856
S10690	0.0803247280376955	0.19719503834923	0.186814606315545	0.058820132025285	0.142536282669238	0.0823128658202414	0.0944465819880116	0.157549764794753
S10698	0.0793988463538064	0.188743955318713	0.223468137365885	0.059243581775604	0.138263703072739	0.078290315231289	0.0903959340625966	0.142195526819367
S107	0.0755504714032567	0.185870792480312	0.229003787014208	0.0600152411890893	0.140605209651333	0.0771507546512159	0.0855344972622307	0.146269246348354
S10703	0.0778468626524768	0.177633373552997	0.220915033292326	0.0595181585594784	0.139989661456168	0.0803184538150308	0.0935860795335651	0.150192377137958
S10726	0.0832274100148616	0.188945696030321	0.214768119181019	0.0584461843094739	0.134153291020941	0.0788825832358825	0.0911225625210458	0.150454153686455
S10729	0.0774312555760191	0.185451305411437	0.205881164775282	0.058168197509293	0.144698973095042	0.0842006744061501	0.0938939492685685	0.150274479958209
S10733	0.0775080031975952	0.18006937138671	0.224115465236013	0.0575654477155182	0.139976678568386	0.0784189595272236	0.0938149499838535	0.1485311243847
S10734	0.0787636022225039	0.191400340784455	0.223043701368039	0.0595061421920725	0.137097476309883	0.0736306096762441	0.0921470741634345	0.144411053283368
S10735	0.0832149750520941	0.18997514247928	0.204120368872962	0.0591232889841612	0.137467743098452	0.0800708799711753	0.0917187559388146	0.154308845603061
S10740	0.0788326390799257	0.184880671507943	0.200549589287547	0.0605380903688591	0.142869037514132	0.0881657581912622	0.0950747019647616	0.149089512085569
S10745	0.0839435073455822	0.195417668850592	0.184220869176462	0.0563819581301168	0.146117178128806	0.0837738698424138	0.0926125289779987	0.157532419548029
S10748	0.0816658051857492	0.190329882711658	0.21811344447774	0.056669395893751	0.135546279767652	0.0764917256050392	0.0899800086278982	0.151203457730513
S10753	0.0830132097220826	0.182688122929438	0.207323292324706	0.0604185389604649	0.142177796823477	0.0791742350912021	0.09598519424825	0.14921960990038
S10756	0.0834775917801362	0.181708917281413	0.216342243795724	0.0583227827728115	0.140357755979575	0.0809025304199787	0.093003714188538	0.145884463781824
S10757	0.0805143207403854	0.185972343470255	0.236398970625126	0.0571770568506977	0.135262617083302	0.0768055475850705	0.0876180194298465	0.140251124215317
S1076	0.0859719390002006	0.191905652282941	0.194062451735021	0.0588287174732669	0.143216500457151	0.0806538387782103	0.0929147576455381	0.152446142627672
S10764	0.0801370391151412	0.189618119327055	0.200811348893806	0.057582376506765	0.146163273576774	0.0803480435287018	0.0884172977349673	0.15692250131679
S10767	0.0802345702687799	0.180267382438287	0.229539372965835	0.0605065685461436	0.133209771056271	0.075339258997035	0.0888379086092286	0.15206516711842
S10776	0.0817734031667726	0.18991050148177	0.205550539958735	0.0568007510172272	0.143115096238604	0.0781809163740358	0.0918653631388706	0.152803428623985
S10778	0.0803397976875036	0.182250532651671	0.209951443818788	0.0595378724618592	0.141895708213355	0.0829210260975494	0.0916017703906319	0.151501848678641
S10784	0.0828154986947942	0.191291194802216	0.199516749412653	0.056195858061342	0.145380330194068	0.0794198380384032	0.0911180417675475	0.154262489028976
S10787	0.0812854690274789	0.193544298084936	0.196228123429009	0.0592009540800961	0.143265186819877	0.0796353729838654	0.0913753037642669	0.15546529181047
S10800	0.0904378427321587	0.1784944464944	0.197676997196498	0.0586168570410187	0.144136986251949	0.0829232810333058	0.0929093121571606	0.154804277093509
S10805	0.0841137729345603	0.189479005956276	0.195916046188296	0.0589895871152326	0.148104367298328	0.0797108083326179	0.0919760718788459	0.151710340295844
S10813	0.0816483416330594	0.18578009082132	0.201883895625499	0.0584637747570318	0.137451318729009	0.08298664035579	0.0930479593017305	0.15873797877656
S10814	0.0787171033724056	0.197893392490849	0.20141766684796	0.0555087188801289	0.136930447942216	0.0833552789810028	0.0929812236884068	0.153196167797031
S10815	0.0779867689165804	0.179613529274062	0.225271790340327	0.0572881945395042	0.140978883540599	0.0806611446648191	0.0894794190666739	0.148720269657433
S10817	0.0788071430853457	0.176726410905585	0.229863173651601	0.0582733000084395	0.138509207500624	0.0777153235608336	0.0904913914067623	0.149614049880809
S1083	0.0811883705657057	0.17887820516386	0.213929026647643	0.0592016138410568	0.139302210638699	0.0852779485082412	0.0937823305150093	0.148440294119784
S10835	0.0748388624410307	0.186027796201022	0.205564764342137	0.0560551151941891	0.143469224606152	0.0903400187624417	0.0941817175844175	0.14952250086861
S10838	0.0730160850436819	0.184703961837218	0.22509624282086	0.05877756744717	0.143609799252649	0.0795884882483456	0.0892402454273617	0.145967609922714
S10844	0.0819269750714017	0.183448280520987	0.215279776301255	0.0579302353824146	0.139619444585166	0.0777487328554048	0.0879369015785102	0.156109653704861
S10845	0.0793549079204545	0.18101109296554	0.216451742860145	0.0550731531987845	0.144713304670467	0.0808632774309993	0.0929170202145118	0.149615500739098
S10846	0.0875843968114553	0.173870164366413	0.229423791069162	0.0594499374300415	0.134622339086144	0.0766164380383855	0.0883651902486199	0.150067742949779
S10853	0.0776435814262692	0.180104431873459	0.196719960588227	0.0590564191181441	0.14877703866415	0.0821217598795811	0.0966473174721451	0.158929490978025
S10854	0.0824360224031349	0.180501862581237	0.224819560591476	0.0589315850162215	0.141475272911687	0.0780697610976729	0.0876407377395057	0.146125197659065
S10865	0.081266689810127	0.180700852623067	0.215611447216098	0.0564550633892879	0.143646834306357	0.0820426529644289	0.091299137777409	0.148977321913225
S10866	0.076351162452693	0.183471881134846	0.225491200155929	0.0581544416926098	0.139900245192213	0.0775209453188354	0.0897061895853977	0.149403934467476
S10869	0.0796069710521579	0.191532161640736	0.177478272134012	0.0613535273881915	0.148423560767499	0.0840133111571123	0.10084791749355	0.156744278366741
S10873	0.0815632728692186	0.187406577101383	0.19143782943226	0.0598830302692962	0.142144508602034	0.085381803838915	0.0962888679649855	0.155894109921908
S10876	0.0793115885077127	0.172351841714435	0.227702067016524	0.0587736249592883	0.146823441274151	0.0793844911368877	0.0897612634649167	0.145891681926084
S10883	0.0810796565811068	0.188435665264747	0.203220617519562	0.0570774672227192	0.142311802445248	0.0794286270409724	0.0954353577747869	0.153010806150858
S10885	0.0810684741267668	0.188405179240583	0.210702061379101	0.0577576845962558	0.13824151758053	0.0820887987003383	0.0922009538081717	0.149535330568253
S10893	0.0767254415095736	0.180742262542892	0.219108380210332	0.0564844268169678	0.140673821203375	0.0810211026374332	0.0925927557453823	0.152651809334044
S10895	0.0773000568310109	0.181550344687716	0.20094037580986	0.0573257058926393	0.149980218196611	0.0814990977341032	0.096790527195823	0.154613673652237
S10902	0.0803299742157301	0.188736891165579	0.21893443258803	0.058188722421594	0.133799760472894	0.0808168106946423	0.0872521638605664	0.151941244580964
S10903	0.0780597393535142	0.186556416485385	0.202143541866569	0.060267093891281	0.145520781917208	0.0782760406688573	0.0947179796184619	0.154458406198724
S1092	0.076146914622123	0.181969417940955	0.222612824186679	0.0554170043492773	0.142375818355736	0.0801073025654482	0.0929413430871961	0.148429374892586
S10925	0.0802659186447292	0.183895149513243	0.211638721034487	0.0581147565956706	0.146344782365178	0.0764274395671869	0.0917587157043425	0.151554516575163
S10927	0.078337164492972	0.187682063297105	0.20054717446374	0.0594175396311584	0.144235756772272	0.0812145545210802	0.09419159282819	0.154374153993483
S10936	0.0773916484876813	0.189216041936028	0.215821781209008	0.061192707658933	0.138979415596623	0.078730916342465	0.093702150296932	0.14496533847233
S10945	0.0846455912072832	0.184206953097434	0.206827037588544	0.0587381520279344	0.143834429296293	0.0805080211576068	0.0931646492151842	0.148075166409721
S10947	0.0778582113897271	0.194505537927248	0.202988440894848	0.0581802284108935	0.139587703604207	0.0828600721560246	0.0925888866068361	0.151430919010215
S10949	0.0774909381434405	0.175417515282011	0.243123438075721	0.058532018763612	0.137419344140601	0.0775350820775137	0.0888444564212787	0.141637207095821
S1095	0.0803759715747988	0.193259379481227	0.196301296583886	0.0583809561399294	0.139243453609416	0.0788782712443171	0.0941605138684498	0.159400157497976
S10961	0.0782540568885719	0.187376179871049	0.19271769647212	0.0601639819743051	0.143208278034245	0.0845915657092097	0.0970493432876601	0.156638897762839
S10969	0.0778452413934108	0.184453399559286	0.214981144339444	0.0583688791090709	0.142758512697474	0.0785490943296309	0.0920687599055004	0.150974968666183
S10972	0.0857111434551409	0.195513778025015	0.190521304768543	0.0587126368516658	0.135071025342532	0.0836676930693843	0.0950354965831443	0.155766921904575
S10973	0.0850657245586209	0.184691117917379	0.206289616736421	0.0602027683670901	0.143066248455463	0.0825566607668929	0.089431112736913	0.148696750461221
S10978	0.079563245664125	0.185739073745239	0.209891022317182	0.0611812734666282	0.143716810272619	0.0803632248976404	0.092768810782537	0.146776538854029
S10979	0.0789234133656105	0.184827719999502	0.215425587942529	0.0581356896293956	0.14433141008112	0.0808103596813453	0.0890295433863775	0.148516275914121
S10986	0.0771137637006785	0.181360209485663	0.211372950186128	0.0583164220324122	0.145676345799817	0.0819189109264728	0.0883356207726028	0.155905777096226
S10989	0.0748507667214893	0.185497189649457	0.229094397290103	0.0577422649183249	0.141270913651288	0.0773885469081531	0.08739417030281	0.146761750558374
S10995	0.0758291317793572	0.174016900089551	0.223884466345668	0.0584786490453411	0.140265705796202	0.0870145009783805	0.0962824511776458	0.144228194787855
S11005	0.0778338728732345	0.17932608166539	0.228979621552944	0.0576384186139671	0.140253821503368	0.0792756152104991	0.0897349037439575	0.146957664836639
S11008	0.0834073871991016	0.186072343904655	0.213576826113812	0.0562805683007722	0.139729101671852	0.0824877723432127	0.0891619069437004	0.149284093522894
S11010	0.0763420074381561	0.182733674249725	0.206514409333911	0.0565715458264404	0.148129041468855	0.0814277156943001	0.0919481329422176	0.156333473046395
S11013	0.0792049685525787	0.181091749935145	0.202791481353296	0.0603179370596844	0.143710202778966	0.0834905439541263	0.0922607570782392	0.157132359287965
S11016	0.0798117345143898	0.173064386713207	0.229370722881235	0.0594830467530153	0.141851501664282	0.0788199240747048	0.0894185919930566	0.148180091406111
S11017	0.0812329292471053	0.186183026449567	0.196588766563845	0.0574120627853597	0.138200485419943	0.0899208750138159	0.0945824321795123	0.155879422340852
S11020	0.0855626519822246	0.180994214928972	0.192737234830027	0.0599128369614278	0.148932963587074	0.0826144595179788	0.0957205169212408	0.153525121271055
S11027	0.0791531973591817	0.185371169027066	0.20537164731102	0.058082770505274	0.140299200804926	0.081749231574707	0.0953835598902215	0.154589223527604
S11035	0.0773243929039063	0.182359208366798	0.22278981323461	0.0582495464134085	0.136221389653123	0.0836505092545475	0.0934236145284445	0.145981525645163
S11041	0.0760539528993453	0.180349385914467	0.226022072592475	0.0585306973813594	0.14293288129325	0.0791030842499161	0.0893203221334913	0.147687603535696
S1106	0.0789999684324021	0.185421704920265	0.213847267897613	0.0609013451219428	0.141387004655109	0.0772241919448721	0.0887236044361526	0.153494912591644
S11071	0.0842519510641822	0.182475062772652	0.21975533990314	0.0609464266575478	0.140046673277735	0.0798128241840043	0.085970693125441	0.146741029015297
S11076	0.0783352268994382	0.190299899658352	0.207432104571416	0.0583752921265145	0.14575874564078	0.0778249747040059	0.090733959642281	0.151239796757212
S11078	0.0807808728902769	0.198144006704804	0.206174428008849	0.0581836390317404	0.135922175374856	0.0761631562717043	0.0925706380902671	0.152061083627503
S11081	0.0803966899327517	0.189444847775084	0.203071879929485	0.0600233632715637	0.140847207650019	0.0777937608304335	0.0916277987856375	0.156794451825024
S11086	0.080746749147038	0.186732090753711	0.20561988222446	0.0594886700456524	0.143286817274056	0.0786680976415073	0.0924801679759874	0.152977524937587
S1109	0.0809585985799506	0.181014256378939	0.206145440930818	0.0593125312885108	0.141088512889438	0.0861641433506571	0.0912870838835827	0.154029432698104
S11096	0.0787657182061931	0.183709190179979	0.206647233714143	0.0601334291360636	0.141741172338115	0.0805431379039414	0.0934412967390565	0.155018821782508
S11100	0.08416611745197	0.182014042990936	0.212792149132286	0.0592142511843375	0.139437670528691	0.0805011813883059	0.0886374044616231	0.15323718286185
S11107	0.0832499098188928	0.189582014524773	0.207016218812037	0.0580531879466816	0.138024551831191	0.0806132756993049	0.0886374761241844	0.154823365242935
S11109	0.0792655867605138	0.187370805375138	0.215260612323052	0.0547511613225527	0.13793800907936	0.0795490395126539	0.091361982415228	0.154502803211501
S1111	0.071079203415233	0.177072476313818	0.23303363423837	0.05833468557478	0.14211316843418	0.0822934918151963	0.0912399530050851	0.144833387203337
S11119	0.0761016405151647	0.186228026695398	0.218017186010289	0.0588589227897924	0.140836303529606	0.0809318725003977	0.0891036756062079	0.149922372353145
S11127	0.0762117417364165	0.177777097235252	0.226569697448443	0.0611262660532524	0.145117961301284	0.0799138384044445	0.0905007104880916	0.142782687332817
S11136	0.0795436394365488	0.187215493383481	0.216499153447045	0.0587900687125457	0.134905099591557	0.0814616919797775	0.090961603494835	0.15062324995421
S11147	0.0766452401238478	0.184991922445954	0.222541754357956	0.0571719803016138	0.138203664583068	0.0795310211862542	0.0901324070842726	0.150782009917033
S11150	0.0786415293521226	0.184131844747849	0.214950129360273	0.0562739398860872	0.142935114632148	0.0775094844458746	0.0938555027516706	0.151702454823975
S11152	0.0836975919181237	0.181594286010107	0.201859605386089	0.0577923373398311	0.146586618723057	0.0815205261354451	0.0961244913333736	0.150824543153974
S1116	0.0805516348482276	0.182218195297574	0.217009780139642	0.0637138809091187	0.137446473890184	0.0809984977683954	0.0909350628122842	0.147126474334575
S11163	0.0793475627940332	0.181388819382914	0.22264446610517	0.0577964283910612	0.139617596158393	0.0790140401836381	0.090665306298631	0.14952578068616
S11164	0.078065063817589	0.189982576820399	0.197069297159294	0.0565020063989511	0.140836631195171	0.0884459513545339	0.0934593699233734	0.155639103330689
S11166	0.0809608017005679	0.20153992842937	0.194404422056125	0.0542728824285256	0.137952445639761	0.0799338681526058	0.0916887314187995	0.159246920174245
S11173	0.0853205046336711	0.187463203150214	0.214336173967293	0.0564970123609165	0.13503888477622	0.0820985089126429	0.0907714798021546	0.148474232396889
S11174	0.0750119010528739	0.182665996654713	0.21793281451926	0.0591640960923245	0.140557705028388	0.0850786757958207	0.089725077274802	0.149863733581817
S11182	0.0846078901193469	0.188423240098137	0.208675288060847	0.0588022190041997	0.138315049458244	0.0808560692756198	0.0917053912573848	0.14861485272622
S11188	0.0784987383861381	0.187312339670731	0.207537933260436	0.0569044768902774	0.146394394355832	0.0791736461257753	0.0937752334045101	0.1504032379063
S11189	0.078695677340328	0.181782537738749	0.220939403932792	0.061103999317606	0.139741207246008	0.0798790350550361	0.0904102473146988	0.147447892054781
