B.cells.naive	B.cells.memory	Monocytes	NK.cells.resting	NK.cells.activated	Neutrophils	T.cells.CD4.naive	T.cells.CD4.memory.resting	T.cells.CD4.memory.activated	T.cells.CD8
mix_1	0.00978058044772312	0.0108666054335885	0.0515003273982673	0.024483247568583	0.182928070938553	0.0106557456397312	0.0464421005001134	0.282807071640974	0.12995994083704	0.250576309595426
mix_2	0.0146417316187191	0.0759058060614611	0.0305482057456738	0.021882842201623	0.158396485287869	0.00517786032504649	0.0536384516854082	0.336088382221461	0.115291109880732	0.188429124972006
mix_3	0.0215664180237483	0.0428261428174862	0.0806181230529616	0.0323448247187045	0.147322831332559	0.0127516626008896	0.0403642326903829	0.358872230317681	0.164491635106486	0.0988418993391009
mix_4	0.0139797838174773	0.0540342008984574	0.0146346645833308	0.0275569655024549	0.159579710094387	0.0069171882119316	0.0674658726132975	0.291525778586178	0.183169214122349	0.181136621570136
mix_5	0.0132006746116131	0.0566240519905499	0.0340767458038219	0.0286182852320089	0.156002919487266	0.00878911286321216	0.0556156208187264	0.305941198217332	0.158956229501361	0.182175161474108
mix_6	0.0130265896196329	0.0553650753372205	0.0106562888437154	0.0196141565527321	0.165573147063501	0.00519774285376249	0.0553935131545638	0.309323495316777	0.175045244094337	0.190804747163757
mix_7	0.0184627847581229	0.0583725777483124	0.0327355721223403	0.0315882180004918	0.15143590256536	0.00975614879675893	0.054462439475343	0.319591954994408	0.146595243058319	0.176999158480545
mix_8	0.0134869326053071	0.0336872522632955	0.0262237681669258	0.0256945351471464	0.185998513563454	0.00828461365411915	0.0511264585514805	0.320490988995561	0.120547755447262	0.214459181605448
mix_9	0.0114145601590639	0.0542005956196318	0.0163420805563254	0.0206035278114917	0.173752081648516	0.00713855921849709	0.0598879230306688	0.272382605151344	0.177835116199128	0.206442950605333
mix_10	0.0211108534120814	0.0755485843780153	0.0716916029516491	0.0278835510575193	0.120553221525038	0.0131686275749973	0.065250585018077	0.339738810323495	0.176150439326955	0.0889037244321723
mix_11	0.0161220190650699	0.0618752843667943	0.0546899620300817	0.0133910948620422	0.155079280602683	0.0099716201010288	0.0459805589523439	0.299115710765289	0.134937284932634	0.208837184322033
mix_12	0.0138802044890575	0.00939602324781759	0.0276164524642051	0.0275563932509958	0.168754292444985	0.00945976199450258	0.0596286319198117	0.318959180776221	0.191762312890576	0.172986746521828
mix_13	0.00639992902679944	0.0191306540411594	0.0326440247099742	0.0212089540527498	0.143271716887694	0.00906491350525306	0.0685513468544695	0.326420101464145	0.245224516015894	0.128083843441862
mix_14	0.0168073589553828	0.0577894319376538	0.0464780803179165	0.026014877561238	0.141970413153294	0.0111730437802046	0.0620457482304632	0.30322587159449	0.173461912748656	0.1610332617207
mix_15	0.0132840232243172	0.0488260042522524	0.0274242706589354	0.0277358250484797	0.173396103558801	0.00915556298555028	0.0559365808447658	0.289375736888262	0.163539106146927	0.19132678639171
mix_16	0.0210656066681719	0.113863381588819	0.045672354087657	0.0318646234009407	0.138753491842239	0.0125272349751087	0.0673181902141506	0.383580322358829	0.0759181800640144	0.10943661480007
mix_17	0.0300194533440702	0.0878026616649604	0.0385869042319186	0.0271803216333625	0.0762469344359529	0.0140473468518751	0.0805467999614684	0.390758428308032	0.164625628023459	0.090185521544901
mix_18	0.0241885998644469	0.0527552889675682	0.0891136435278715	0.0296862953731182	0.0573878255105948	0.0167729968494514	0.0873901197766053	0.352388963914732	0.252377316627763	0.0379389495878491
mix_19	0.0160778917027556	0.00553409893880419	0.0820176671921176	0.0352139429123355	0.142104623603286	0.0155799053162961	0.057398157245803	0.326537540188395	0.162296137409739	0.157240035490468
mix_20	0.013187857795809	0.0756698697155583	0.0160007931911525	0.0116359519183266	0.150723649459502	0.00592189823515923	0.0612708229960996	0.309672106580374	0.187871055527758	0.16804599458026
mix_21	0.0174894105839416	0.0345465329373965	0.0302267635898134	0.0333068033134714	0.0967555575329735	0.012937251557379	0.0901540194419366	0.398352794375445	0.21248889734455	0.0737419693230925
mix_22	0.0103858531177798	0.0290414891880523	0.0511948858938342	0.0288901416039408	0.177094062547513	0.00982163988964816	0.0595931638187264	0.282786817599355	0.165075898068564	0.186116048272586
mix_23	0.0144389434973157	0.0510468655164011	0.0369493497330951	0.0211083070707432	0.149779334698902	0.00943641769625699	0.0645219818175865	0.305005358109602	0.172547825142584	0.175165616717514
mix_24	0.0128533020890508	0.0500253912305989	0.0146065936069986	0.0252277716627814	0.155223626132474	0.00862467561292527	0.0620223683156177	0.325339481187431	0.18183527222079	0.164241517941332
mix_25	0.0126516500308612	0.062558263383958	0.0168856349011178	0.0191355976264568	0.158093683383274	0.00759503239151739	0.0671432158809861	0.290446651921306	0.187752435776668	0.177737834703855
mix_26	0.0175949427975215	0.0185435677276096	0.0875983478887801	0.0409283944753376	0.0592347153931228	0.0203878715685915	0.0790694886878904	0.410422362863011	0.205266393332833	0.0609539152653025
mix_27	0.0115927966112058	0.0461460642299353	0.0413473633555116	0.0259124269864165	0.161901602662809	0.0102124940582398	0.0537035906955938	0.273756872152168	0.159279868644476	0.216146920603644
mix_28	0.0129814354905331	0.0621812502494389	0.0174767015777599	0.0194298136919772	0.154444738643989	0.00794933289750364	0.0604723787904705	0.289646753509593	0.178125334593979	0.197292260554756
mix_29	0.0122066739490452	0.0365572367096836	0.0451694394017487	0.0305578885367028	0.164759271032447	0.00939017743202659	0.0473378167342664	0.302828196158436	0.134526904213875	0.216666395831769
mix_30	0.0100162740639316	0.0451546708955397	0.0222963973834124	0.0236704376728987	0.160198946967804	0.00839029418942508	0.0640727994246607	0.302771761318284	0.185717022367119	0.177711395716924
mix_31	0.015013483469559	0.0265036009019258	0.052500221593491	0.0264006368397746	0.149767338862733	0.0118096877809886	0.0655200440708442	0.299974855614556	0.190897074480578	0.161613056385549
mix_32	0.0176277047373623	0.0452157259395427	0.0466161366743324	0.0278132117424663	0.141649689616874	0.0108411492150136	0.0615647612045477	0.290216560573931	0.207914842767403	0.150540217528527
mix_33	0.0121977896286084	0.0166157055249378	0.0707596736697253	0.0263833527822571	0.121751413701788	0.0159116257345347	0.0764354678958626	0.322729021201878	0.229727007816944	0.107488942043464
mix_34	0.0287210218228413	0.0465877822900775	0.121820719669522	0.0360180226878191	0.0575934132984597	0.0194636762378862	0.0729312063755434	0.460575770407587	0.109956319300205	0.0463320679100588
mix_35	0.0110745065146063	0.0195530769178645	0.0367045540855131	0.0253661557874152	0.15905777692886	0.00987894024649384	0.0586976269962117	0.31924365545907	0.1782340518306	0.182189655233366
mix_36	0.0146570439916806	0.0379763192536688	0.048519105080772	0.0286210419545091	0.146142767316207	0.0114347857179243	0.0511175674238934	0.320928513453604	0.177579569135916	0.163023286671826
mix_37	0.018013526492522	0.051851822909775	0.0475316764435208	0.0290056525743877	0.137814378631457	0.0125665685126866	0.0658805472302065	0.360113002471393	0.119883105715395	0.157339719018657
mix_38	0.0158513326458765	0.0478329440535313	0.0521041328947283	0.0312810330955482	0.15806572510916	0.0120369233423159	0.0528216682647454	0.319104468381083	0.137099700268968	0.173802071944043
mix_39	0.0133391947316946	0.0588104064178783	0.0196412893136212	0.0215266823730993	0.159459095165414	0.006935358262529	0.0606850528384647	0.302729070120942	0.161409826461464	0.195464024314893
mix_40	0.019368510439682	0.0190917926437899	0.0564753888800119	0.030285902315562	0.156966526367161	0.0124123248374334	0.0612833246778644	0.313600162631943	0.197569906030143	0.13294616117641
mix_41	0.0251311383099521	0.0304929711262464	0.0893399604109526	0.0366122722183459	0.0938280243706654	0.0168037990035741	0.0792438616541671	0.364400092039494	0.191276260760481	0.072871620106122
mix_42	0.0205123649487588	0.0825421641972512	0.0281525842292674	0.0124876360082254	0.0902995612820165	0.00922330446837268	0.0844024740475057	0.321657146458581	0.254569875346707	0.0961528890133146
mix_43	0.0272835689376281	0.0814080835231642	0.0921064019498811	0.0362004841672322	0.0682173654114358	0.0192962159570626	0.0825196998064979	0.316076274241539	0.222109723412821	0.0547821825927377
mix_44	0.0156231652157901	0.0753115586544321	0.0462562912043851	0.0251622259469353	0.143941556330187	0.00959481361999329	0.0554317079391291	0.290724792715646	0.175675887908237	0.162278000465266
mix_45	0.0127594208356023	0.0496611823798709	0.0265335875410102	0.0292023469159725	0.160114382379505	0.00888914080540007	0.0447527644545141	0.346104584334837	0.15537450455958	0.166608085793708
mix_46	0.0134395142162607	0.00705097638108841	0.092513130555659	0.0307915297313713	0.141351970002621	0.0164088565770612	0.0715783685530093	0.37571610310587	0.126834890473579	0.124314660403481
mix_47	0.0328473685880489	0.150059737922809	0.0250493662775253	0.048801691381563	0.143716080943708	0.0163823702750043	0.040408003869831	0.411871458246841	0.0905402686855912	0.0403236538090781
mix_48	0.0211261169160111	0.0713631943857124	0.0635351746425478	0.0259251673789909	0.0907552841718066	0.0124867166663576	0.0771531605015223	0.328031580004921	0.221329259315126	0.0882943460170042
mix_49	0.0185293287832159	0.0315444706832006	0.0773031041260541	0.0292399572382183	0.156395315415595	0.0130745540833954	0.056234330784598	0.310419331061055	0.156761168079107	0.150498439745561
mix_50	0.0163299325667359	0.0392587119102041	0.0301256139563489	0.025573099240435	0.164444658057194	0.00828465765893906	0.060310950348065	0.272854374584267	0.176001297417895	0.206816704259915
mix_51	0.0272704750187206	0.0634161580475609	0.0862937514552452	0.0400909989830757	0.0441085855680105	0.0182291231591873	0.0823618800723578	0.394371829643908	0.197367647225241	0.0464895508266924
mix_52	0.0212609664058852	0.0444649155134056	0.0775030915754186	0.028079938972171	0.105793433192098	0.0166237585445754	0.0647943669255654	0.395127480590009	0.150502837594538	0.0958492106863339
mix_53	0.0201041031912109	0.11675562753529	0.0798534874044396	0.0197745156810827	0.0990491135025008	0.0149290311778869	0.0616975031349744	0.311493449293275	0.188361812556001	0.087981356523338
mix_54	0.0139709832106029	0.0573336579082104	0.0396609338770878	0.0265492648960757	0.138263932918181	0.0107458220280836	0.0644664168131888	0.303232588703787	0.1919610388867	0.153815360758084
mix_55	0.0205805561531421	0.0181744190744223	0.0574399860965662	0.0270613489741399	0.109567708155243	0.0163032562487363	0.0984072307501784	0.367834738175597	0.215789044163002	0.0688417122089722
mix_56	0.0130268266105697	0.0109030798376724	0.0491146988472815	0.0234118896255448	0.136414980357987	0.012443420342481	0.0700519538780937	0.290038294197486	0.23091643793168	0.163678418371204
mix_57	0.0118795874484711	0.0511096560564426	0.0250908483473952	0.0185865658375969	0.165965565642174	0.00761319032313803	0.0582530218274576	0.296408285581086	0.170451532553698	0.194641746382541
mix_58	0.0127845530407956	0.0291216452696103	0.0266631608299198	0.0248399334554237	0.165053990994358	0.0103851361813519	0.0599282195014158	0.314508281331641	0.165718768031157	0.190996311364326
mix_59	0.0282165147034936	0.0873823089964008	0.095555196923768	0.02783238116651	0.100454555582021	0.0174878353442703	0.0571661942783867	0.317454163041983	0.17783993133432	0.0906109186288462
mix_60	0.0156834689641765	0.0421846129447301	0.0584120351498612	0.0269270111434443	0.128450938171196	0.0141002040383891	0.0766269425300145	0.331134993611016	0.194596346130965	0.111883447316207
mix_61	0.0164413340748275	0.0545722755198045	0.0408231698940156	0.0299748850302101	0.142115670548135	0.011614689209677	0.0573837246549048	0.322910643225607	0.159404129769183	0.164759478073635
mix_62	0.0152833871208662	0.0294132355910724	0.067030860639688	0.0366442917672117	0.126664152934729	0.0154290412418454	0.0530425878811621	0.351406903350497	0.162276704039927	0.142808835433001
mix_63	0.0119522876603094	0.0270650774284001	0.0285768201106123	0.0276645709496355	0.159794854138542	0.0100358176590029	0.0645343946330977	0.30092868289183	0.18661676672218	0.18283072780639
mix_64	0.044292672690713	0.247070498932443	0.0611555964272741	0.043036949644795	0.108291958279295	0.0152571802259505	0.0849877123869656	0.213046318947155	0.121028005967938	0.0618331064974722
mix_65	0.0218063615492333	0.0417231680391816	0.0828880414868396	0.0305341888987691	0.121889300971495	0.0161850182614117	0.06438793759479	0.373564792675807	0.14766367019529	0.0993575203271831
mix_66	0.0182161898885126	0.0786341836836984	0.0772940772913691	0.0370551136748048	0.11361310694946	0.0121711440379695	0.0509420726023603	0.311972498013835	0.149461286771595	0.150640327086395
mix_67	0.0139790147465809	0.0672413641282174	0.0492629888943122	0.0298404412684401	0.170833638271239	0.0111195864908804	0.0479786238203968	0.271062489319287	0.118734121600163	0.219947731460483
mix_68	0.0152915956360456	0.0502085836873727	0.0354577580824381	0.0295146639546805	0.1452301987671	0.0116696564705754	0.0697754816553593	0.31025966813	0.199137820747924	0.133454572868505
mix_69	0.0185211027461695	0.0824970005429057	0.0108306353638743	0.0210832367984846	0.147302407119243	0.00639834856784669	0.0694298459697311	0.334166367275049	0.156199528485465	0.153571527131232
mix_70	0.0172022901932661	0.0117399646088519	0.0668593396712696	0.0449206591627437	0.0778440081267926	0.0194460811550634	0.0856431842441227	0.398473589175951	0.190505825632164	0.0873650580297745
mix_71	0.0147483848606593	0.0532624126955315	0.0477833285906882	0.0321620677551578	0.151585596118932	0.0125355252086559	0.0576275862966149	0.327283345549732	0.143145256505685	0.159866496418344
mix_72	0.0185151210750834	0.0522344005942358	0.0670840715929948	0.0370660770348807	0.123613688599832	0.0139749288058628	0.0524596339958176	0.366876232350208	0.123474730398342	0.144701115552743
mix_73	0.0144589439081202	0.0602182921644888	0.0301873934237317	0.0303046855392015	0.103121289126724	0.012781257630299	0.0637245431365591	0.375450583633889	0.225579486137468	0.0841735252995186
mix_74	0.0144405059893453	0.0390586093202024	0.0325829262806508	0.0134634112834225	0.153178621719414	0.00806081457346478	0.0713643807340723	0.2636700321939	0.215742628889733	0.188438069015795
mix_75	0.0186239252184795	0.0721691848536689	0.056008790916241	0.0275871629530366	0.111330290769513	0.0134074141318501	0.0674546498864186	0.339049353104435	0.187514443229517	0.10685478493684
mix_76	0.0133789970236997	0.0371570880861433	0.0579759833955264	0.0346223424197986	0.168598924948599	0.0122474949493436	0.0403230900146037	0.293203487026837	0.12920777573268	0.213284816402769
mix_77	0.0168674416449247	0.0643418694890592	0.0339727412007856	0.026239721096071	0.147636632408378	0.00881031681521001	0.0606917220973059	0.297443252754286	0.181925497231567	0.162070805262413
mix_78	0.0160983505511641	0.0526438076213197	0.0364721320335129	0.0254226640692968	0.118559268331444	0.0116661168154792	0.0651951118439191	0.359288622078661	0.185928557804751	0.128725368850452
mix_79	0.0284399195379199	0.126724165006868	0.0917930195884461	0.0341186961441449	0.0739898054067921	0.0148081153915627	0.0537445254359256	0.319517365360028	0.196413123484502	0.0604512646438105
mix_80	0.0349165764709902	0.115360576423432	0.104808122748863	0.0292225869505394	0.0762542105733374	0.0198222344186862	0.0831020526168652	0.252144617068043	0.189155122529372	0.0952139001998716
mix_81	0.0253399942342995	0.0823486098610818	0.121480549684253	0.0382848391349555	0.150463248268453	0.0180887449641726	0.0516350140392522	0.300003351152992	0.149049394509267	0.0633062541512734
mix_82	0.0189652513955365	0.0378253976869935	0.131085573938743	0.0649445381264453	0.12135573450589	0.0237027432487958	0.0605426229298044	0.364966900169385	0.0888502188344406	0.0877610191639662
mix_83	0.0214890338442208	0.021057557724956	0.0123207107428231	0.034101609692693	0.108320811269847	0.011099807129491	0.0951091091556375	0.377991163384457	0.234967616759876	0.0835425802959988
mix_84	0.0140314309236409	0.0420554269420699	0.0392061512971976	0.0295573266615248	0.147294715051558	0.011244302667505	0.050345265185692	0.328755458146543	0.16014311899302	0.177366804131249
mix_85	0.0230181106283995	0.0338411942229902	0.0817149298475425	0.039190342046285	0.111592463675653	0.0136222004885638	0.0545268654466728	0.383379185754674	0.143743651438449	0.115371056450771
mix_86	0.012848086913572	0.0607221616838323	0.0266484199530066	0.0178817514062743	0.156733792886907	0.0093831167995103	0.0587797353335864	0.321499737396149	0.173726858960845	0.161776338666317
mix_87	0.0115012376506448	0.0376621253287737	0.0335750451745068	0.0254128733276061	0.162073564841327	0.00903454444939052	0.0556591664983798	0.278648579004562	0.187660161735398	0.19877270198941
mix_88	0.0129289547861941	0.0344766985457243	0.0470410614347244	0.0304486783138821	0.158436919381287	0.0120239513928216	0.058426516311259	0.29213380295905	0.182687828407537	0.171395588467521
mix_89	0.0291720513257692	0.192149733649607	0.104291862368457	0.042383386892389	0.0454605260230424	0.0220821972893566	0.0656410501299542	0.327405425329316	0.15079652915444	0.0206172378376681
mix_90	0.00994122749289836	0.0186086163217715	0.0283565688061002	0.0141760050977909	0.181927944433022	0.00811285360030165	0.0617493021054786	0.261913401955402	0.189885039611647	0.225329040575588
mix_91	0.0132572015623805	0.0150285501088032	0.0408234428708852	0.0287861481810322	0.166170280925379	0.0101022193825774	0.0608471048194603	0.274162939819753	0.191928902993655	0.198893209336075
mix_92	0.014651148516636	0.0485329013602797	0.029040016412758	0.025321570227204	0.145949542947526	0.00964130667945149	0.0689242452829905	0.315671650203605	0.184988838851655	0.157278779517895
mix_93	0.0206482275213493	0.116637347536228	0.0282820449868479	0.0350236487925549	0.112922160131815	0.0127251794671267	0.0439317095022029	0.361926593419142	0.191876579920621	0.0760265087221114
mix_94	0.0119367950663859	0.0299981868863853	0.0270136465599645	0.0251410737344997	0.170118244301243	0.00826496734910276	0.0624765028529624	0.275963036949002	0.201233865760803	0.187853680539651
mix_95	0.0128907099423233	0.00549301379691548	0.0292222790598095	0.0237011251052981	0.140190543751793	0.00868150952654732	0.0787462657752147	0.330911536349389	0.222857338715592	0.147305677977117
mix_96	0.0202798101525367	0.0518903083469319	0.0691748214232252	0.0300917840223378	0.135733719057982	0.0134863993427581	0.0665754710302857	0.335725170920419	0.140619049892734	0.13642346581079
mix_97	0.0156089619628055	0.03797630971011	0.0510130472591568	0.0243350063723873	0.167686896448012	0.0116329864994602	0.0634708864093472	0.266997134318939	0.199990684260854	0.161288086758927
mix_98	0.0186354578106961	0.0164216507679377	0.0602290425745898	0.0335993121707647	0.122815717347275	0.0147338924918024	0.0763969593419738	0.330220108587688	0.217906181802384	0.109041677104888
mix_99	0.0350417080472199	0.153641329464552	0.0836152155855387	0.0386485411655562	0.084258285028939	0.0173844843542248	0.0565989369779933	0.317554330612346	0.173007464693798	0.0402497040698327
mix_100	0.0110869847342468	0.00546358968629453	0.0321304056519674	0.0315366468866317	0.152548561058758	0.010689524536438	0.0689575884218652	0.324352420151569	0.204096848931223	0.159137429941006
