naive_B_cell	memory_B_cell	CD14_positive_monocyte	CD16_positive_monocyte	CD56dim_natural_killer_cell	CD56bright_natural_killer_cell	neutrophil	CD4_positive_alpha_beta_T_cell	CD8_positive_alpha_beta_T_cell
mix_1	0.00569384810977108	0.00360199917810063	0.14784121504603	0.0620322610781909	0.0616842959703537	0.262744630604221	0.0188071232061075	0.205221058106748	0.232373568700478
mix_2	0.0181100403644219	0.0730394258467747	0.035551155831254	0.037076074860369	0.0879346354380157	0.282937134248596	0.0197528342690294	0.19569537625273	0.24990332288881
mix_3	0.016342915959745	0.0307463461093797	0.267187216062237	0.122597187690888	0.0636147108602506	0.177651475014893	0.035786663049608	0.181284116404952	0.104789368848047
mix_4	0.0133964491004802	0.0412069160866439	0.0251830508307548	0.0214331112989362	0.0641881706070876	0.222677977950914	0.0177480609825706	0.41026221326661	0.183904049876003
mix_5	0.0131269899189188	0.0424354754277408	0.0880343646381242	0.0524882507895241	0.0643016085193621	0.219636177466568	0.019933093291934	0.30445826558936	0.195585774358468
mix_6	0.0120668994037636	0.0414521341980965	0.0160881435034876	0.0196581702952075	0.0678815984551351	0.245519423285901	0.0187382284563747	0.371450930035345	0.207144472366688
mix_7	0.018295536070341	0.0469944663598028	0.105935086227138	0.0536795632726525	0.0679167926224791	0.234108842189535	0.0231966975898845	0.267349897438577	0.18252311822959
mix_8	0.00988790240805745	0.0158156963951673	0.0575399047228577	0.0416768353954692	0.0775829271610583	0.301046807792942	0.0233741293598488	0.22004677683924	0.253029019925359
mix_9	0.0114343428969012	0.0436257727915298	0.0397308744178421	0.0295539494218699	0.0558867498197171	0.23191187212629	0.0160771374380139	0.374846576324807	0.196932724763029
mix_10	0.0165282965506306	0.0558498854029946	0.209422718026975	0.091035025428547	0.0386526895728277	0.100292717690784	0.0265645374036276	0.387454506987114	0.0741996229364989
mix_11	0.0123300094078366	0.028334204140198	0.146517384430246	0.0626855812974348	0.0532060253778078	0.242673802084716	0.0139093812891802	0.231959870138641	0.208383741833941
mix_12	0.00856387673144357	0.0112131948137468	0.0778384433169319	0.046331329755127	0.0632169032061785	0.208522020257606	0.0268037462816365	0.376309865427669	0.181200620209661
mix_13	0.00257908317600954	0.00755940073086332	0.0882300996202545	0.0524760508962319	0.0465177863561873	0.138736763884723	0.0264699902347618	0.512538669014664	0.124892156086305
mix_14	0.0134431471731488	0.0373178327114342	0.139774477870031	0.0560137922907863	0.0497467182237891	0.160140444878721	0.0199998829197024	0.386056723997242	0.137506979935145
mix_15	0.0120764335762194	0.0298083163411159	0.0585137803823425	0.0449958926228303	0.0668162882920738	0.23958057830566	0.0214922323196742	0.319284756213919	0.207431721946165
mix_16	0.0242538426303039	0.0849450647142056	0.138907129912	0.0912627925002954	0.0904607425752875	0.134902679907771	0.0387207532757715	0.256002167681233	0.140544826803132
mix_17	0.0294216969202066	0.0760325217712497	0.0766180186272915	0.0740907359081816	0.0557175486549373	0.129565314457636	0.0500295802718235	0.403562444965603	0.104962138423071
mix_18	0.0145413938709837	0.0419839237929024	0.206476276729218	0.0941673997324367	0.0339747804887584	0.0225321170502577	0.0336181224849264	0.527775120745733	0.0249308651047833
mix_19	0.00816663778174839	0.00135830205905887	0.24438668233868	0.119014497769377	0.0604694445444833	0.162429128458149	0.0366722909437914	0.221007738217387	0.146495277887324
mix_20	0.0148151933363785	0.0506318254443438	0.0253846241220411	0.0293636108998198	0.0606660220539895	0.221341136681949	0.0197742608962893	0.385143331566776	0.192879994998413
mix_21	0.0142561354995479	0.0343392455375969	0.0890321364954576	0.0579655170990998	0.0544313811721444	0.0681654519632017	0.0376462261719659	0.557614848045127	0.0865490580158593
mix_22	0.00817584754349777	0.0174237822920254	0.162381431944702	0.0600534236642296	0.0483866330143902	0.213926874695002	0.0184273151470172	0.303852565203648	0.167372126495488
mix_23	0.0110617216539561	0.0359840711043322	0.110812696172816	0.0506196181251872	0.0555094190251555	0.212942317225985	0.0149181841533327	0.343495120111206	0.164656852428029
mix_24	0.0127206675865974	0.0479853157017721	0.040277251797802	0.0311549635708491	0.0665270877513756	0.19716671157713	0.025578807461277	0.394542262776879	0.184046931776318
mix_25	0.0133041192244509	0.0391295385222658	0.049515664183638	0.0295641878471208	0.0641343777988734	0.220769384475473	0.0166649743539083	0.395266100036209	0.171651653558061
mix_26	0.00932358601860634	0.015488703932745	0.231104994735748	0.113154771421188	0.0459496886841052	0.0530852476892271	0.0472005077678807	0.438955620377201	0.0457368793732988
mix_27	0.00835872456252794	0.0279853163170318	0.105735679177865	0.0539877066975781	0.0611502089701555	0.251494559384986	0.0131371362003149	0.273882354295408	0.204268314394132
mix_28	0.0105949097063963	0.0479049554907778	0.043568561246631	0.0300379108344264	0.0579748469899569	0.226144598231806	0.0208620626511685	0.378542499709743	0.184369655139094
mix_29	0.00726900958211224	0.0199141510553082	0.128453845230663	0.0552839631072944	0.0586621629406018	0.260035464285416	0.0192616343466829	0.236585013207179	0.214534756244743
mix_30	0.00868545540757662	0.0350951071208696	0.0606546408652137	0.0355723547008292	0.0516528838442119	0.202433117913785	0.024357411658167	0.409160196832379	0.172388831656968
mix_31	0.00834618085707761	0.0176402272838763	0.140558948456163	0.0647072476903764	0.0486916416948026	0.161693131960069	0.0266379460801969	0.38377172324854	0.147952952728898
mix_32	0.0133338225485635	0.0422610898061299	0.173571844185845	0.0583021635059962	0.0386494231156474	0.161587097002072	0.0217171123335504	0.367538776472456	0.12303867102974
mix_33	0.00659851439305868	0.0230658168153337	0.202010461683972	0.0882089426775287	0.0397658697976181	0.0881883888734771	0.0343979953827256	0.422879175610582	0.0948848347657043
mix_34	0.0187482048465947	0.0262541000281959	0.321909999650903	0.141601348834497	0.03861018343526	0.0561950353500887	0.0497491050913893	0.313539713010783	0.0333923097522878
mix_35	0.00498689917526096	0.0166771490416574	0.0919845294460007	0.0498416617084191	0.0576897756204351	0.211767031317257	0.0217768510103962	0.356940806497094	0.188335296183479
mix_36	0.00961890185079049	0.0231714144909347	0.147625206662003	0.067381623547306	0.0554312143469443	0.199346920402324	0.026755358810956	0.315085834813749	0.155583525074992
mix_37	0.0149716009186543	0.0339869315034073	0.136153664019379	0.0839434794170622	0.0670207548789529	0.145026809842116	0.0335004868808567	0.307930378744629	0.177465893794943
mix_38	0.0130788428938373	0.0297760930496505	0.156843419941553	0.0816989506106762	0.0618055355624171	0.233354546714639	0.0283355938142418	0.21593315289252	0.179173864520465
mix_39	0.0125276438809448	0.038679504274707	0.0266363062884682	0.0255979973444021	0.0650613237983383	0.244722041068475	0.0194859769726347	0.355584410253436	0.211704796118594
mix_40	0.0122179364048918	0.0107410245787144	0.176198262395896	0.0744405285629258	0.0483654679109227	0.152621908423899	0.0233782866633378	0.371983525722406	0.130053059337007
mix_41	0.0176989160019609	0.0180302922948367	0.269267529103728	0.119106007932073	0.0496231761676357	0.0629559852929445	0.0376253892233473	0.354485344320285	0.0712073596631882
mix_42	0.0144867517834949	0.0696265460303705	0.0579910386866394	0.0347466871094119	0.0332812809477995	0.115952783684484	0.0170371650396875	0.567916127128586	0.0889616195895262
mix_43	0.0155246000727845	0.0443919027472746	0.242157955301646	0.104778240313805	0.0343733771469359	0.0575831326834166	0.0425115837527935	0.419989109900184	0.0386900980811606
mix_44	0.0132720042004202	0.0513097165105942	0.115170557050002	0.0629434554633064	0.0597461336910467	0.216296377604789	0.0158015503707363	0.285054189044454	0.180406016064652
mix_45	0.00836250344786632	0.0428706261193529	0.0901934285569763	0.0456267769347682	0.0737160713229887	0.223427561682709	0.0189173414321693	0.278987751489138	0.217897939014032
mix_46	0.00678892799112783	0.00924847300433556	0.271513851420449	0.103269997675793	0.0466837080604386	0.108420898636179	0.0285384926909696	0.326083325129073	0.0994523253916339
mix_47	0.0740024953611718	0.184143453226681	0.144515169260007	0.109807244417259	0.145545603063679	0.108231271629924	0.0909382657702705	0.0450588384604784	0.0977576588105297
mix_48	0.0179020268806718	0.0501259968037627	0.173421742609019	0.0779039285484338	0.0391896643055152	0.09251193256678	0.026097268134403	0.457534005868999	0.0653134342824161
mix_49	0.00894022299846813	0.00482788737437869	0.254215012636821	0.0774033431148667	0.0471127611418593	0.17706773710736	0.0237523063553981	0.265134350905953	0.141546378364895
mix_50	0.012049030414232	0.0306053652174656	0.0454979926439023	0.032423514423268	0.0593886799149119	0.22852331972316	0.0148756794799244	0.38442022167993	0.192216196503206
mix_51	0.021657151222933	0.0405722447508245	0.240521509192412	0.12928784770559	0.0497022235208591	0.0295719587185085	0.0414679635027114	0.410802326215999	0.0364167751701633
mix_52	0.013437012794374	0.0438293200516876	0.227679039563672	0.106107877282908	0.0546798738256712	0.10802307169306	0.0375969932638363	0.320543751939249	0.0881030595855417
mix_53	0.0161762547828775	0.0874793442552189	0.239924804443074	0.111184942423691	0.0341606862981423	0.0790270013185048	0.0366747606164374	0.305579769888876	0.0897924359731785
mix_54	0.0144249426000933	0.0373378917138794	0.11642592004712	0.0604238256391071	0.0509220872535173	0.156346743403182	0.0294379907423382	0.400060174918431	0.134620423682331
mix_55	0.010424286223811	0.0286756088212607	0.145351991071429	0.0733141522272451	0.0356535390481568	0.0703091324076636	0.0294605375775868	0.548300564671502	0.0585101879513453
mix_56	0.00710719653902379	0.0137065018853073	0.149194393058994	0.0647740466716802	0.0388286976694435	0.169749599160339	0.0249673731711141	0.38265738212315	0.149014809720948
mix_57	0.010576407680856	0.0369235612381045	0.0690689294580393	0.0363773946276668	0.0575091448457764	0.233983972670331	0.014323437208472	0.347785986559787	0.193451165710968
mix_58	0.00957373744720962	0.0221395047740256	0.074364478637935	0.0470305263110607	0.0652152091306301	0.205331304176829	0.0225319522231291	0.360828660250043	0.192984627049138
mix_59	0.0213804573777816	0.0699286795335605	0.260515432337738	0.117729632546318	0.0333100692486855	0.0948777452681938	0.0355468301644439	0.289236295460939	0.0774748580623395
mix_60	0.0088998625270805	0.0306576405388847	0.159562583681081	0.0782740600603664	0.0472437144842718	0.127015150763286	0.0242291101179879	0.428098452671708	0.0960194251553337
mix_61	0.014042724818255	0.0295509170769791	0.121241046794074	0.0599214354201484	0.0523510326431106	0.175803698956096	0.0277126122541902	0.354959895003908	0.164416637033239
mix_62	0.013714078604884	0.018370428742299	0.222300124066726	0.102546217625706	0.0384816544724983	0.15252626719571	0.0337109947418542	0.282263121639923	0.1360871129104
mix_63	0.00910270105309841	0.0168369237612492	0.0841009208531973	0.0479438554994669	0.0541995852965199	0.21182304212151	0.0217194599396073	0.380026031735727	0.174247479739625
mix_64	0.0598826742122184	0.221607865026943	0.137296832375204	0.127425562810814	0.111578213130218	0.0877647548171851	0.0607695210521755	0.101003049256921	0.0926715273183217
mix_65	0.0170346199308018	0.0107821112336183	0.252854109343322	0.119367349349403	0.0595442400379548	0.116416027714112	0.0382056801560553	0.288479696682268	0.0973161655524642
mix_66	0.0119133339065923	0.0453976215447313	0.216592555540935	0.0963675443817651	0.0643991974731926	0.171629465898475	0.0257927836454749	0.228522582561511	0.139384915047323
mix_67	0.0137571188459819	0.0336344990550769	0.157406724437154	0.0709974746752399	0.053485940537216	0.225316409434426	0.0205533416926932	0.221874507268471	0.202973984053742
mix_68	0.00780094594658405	0.0449473707720816	0.0806623474323165	0.0590323388902553	0.0585261432321177	0.136240647882874	0.026742508774872	0.438265923989537	0.147781773079362
mix_69	0.0205747970258054	0.0701157364816499	0.0149428685471944	0.0174337814664773	0.0751768765824702	0.196567556625502	0.0242021803983589	0.434171740794337	0.146814462078204
mix_70	0.00889462113699334	0.0111724455600962	0.179098435112185	0.098973700902085	0.0574380317481146	0.0813121999467082	0.0346474733372646	0.454029208371435	0.0744338838851184
mix_71	0.0122515598945602	0.0255058669269084	0.152373194217083	0.0782204801567942	0.059131664849448	0.207818964040692	0.0263482566853802	0.280480401581664	0.15786961164747
mix_72	0.0148356897835231	0.0206741734349047	0.216585019952204	0.117104670275645	0.0744291198126401	0.14041315262777	0.0379321396295934	0.209961759930163	0.168064274553558
mix_73	0.0176692955679181	0.0600312770879946	0.105665772903523	0.0736737064062557	0.0639909480848392	0.131023147974381	0.0406976403476484	0.413315176791029	0.0939330348364105
mix_74	0.0112622119980951	0.0340392760676367	0.0749378874114769	0.0391682260078539	0.0533093999015879	0.199201568483717	0.0140302316725905	0.411048402864359	0.163002795592684
mix_75	0.0134816811163962	0.053531487716668	0.150603778944177	0.0815910475430995	0.0364456891652482	0.0823030756923151	0.0299718995823631	0.456384427116917	0.0956869131228157
mix_76	0.00965059206199783	0.0142193302696728	0.17739304037023	0.0843337333533176	0.0608910962390523	0.231062220316757	0.0219759990205355	0.196065856351594	0.204408132016842
mix_77	0.0124693662196639	0.0443474608122029	0.0993348923548505	0.0495430634287641	0.0465988271176215	0.17698153703791	0.0236092390236706	0.388242060938882	0.158873553066435
mix_78	0.0160123813535345	0.0378967425423359	0.123247262971785	0.0716564983902848	0.0647573028087955	0.133126687033705	0.0301612291177234	0.388182629506389	0.134959266275447
mix_79	0.026781743433871	0.0784356300778388	0.291380710055958	0.13949182217884	0.0511765932318665	0.067639028648482	0.0314481429584245	0.25113849927497	0.0625078301397492
mix_80	0.0254794621549878	0.0714125931507352	0.24822841785591	0.107434098046492	0.0430943222994965	0.0420195287960736	0.0346800423655765	0.361832314226618	0.06581922110411
mix_81	0.017344368595842	0.0357216917645432	0.356209956648765	0.145509412172523	0.0519055042785988	0.0779187298517917	0.0379431105205669	0.210960815840365	0.0664864103270036
mix_82	0.0186966965806487	0.0285575220041866	0.322226869295848	0.21090357506374	0.102138529215021	0.0754617595607334	0.0617150314998947	0.0943046838676877	0.0859953329122393
mix_83	0.0130956041896153	0.0273487796017345	0.0359562091470386	0.0263569188012724	0.0581643700859042	0.0842025468590062	0.0380925818234617	0.64458176008206	0.0722012294099075
mix_84	0.00998539415064641	0.02869935617409	0.109665761316769	0.0617446169185783	0.0620540427596964	0.216359629140886	0.0244372186528255	0.291844130371297	0.195209850515212
mix_85	0.0163976776029539	0.0279063643905184	0.241976797105391	0.114074023632287	0.0481820913076626	0.148996631862799	0.0364495511627252	0.237632664426987	0.128384198508676
mix_86	0.0140230546255595	0.043132535982034	0.0699486589154915	0.0479146384560407	0.0564321766253001	0.201982163907772	0.0237786313036588	0.36844560199156	0.174342538192583
mix_87	0.00946033488353876	0.0322029902084232	0.117349022128539	0.0446366809225529	0.0520290865435498	0.23263289278189	0.0122403572592415	0.333201171404699	0.166247463867566
mix_88	0.00983849354155171	0.0192921781922921	0.146630634818563	0.0619326870692914	0.0564123848352758	0.186612323662763	0.0261094685894723	0.335065286285754	0.158106543005037
mix_89	0.0358455261613105	0.102218078206051	0.357536546206817	0.163163297041912	0.0537820497827552	0.0200827474254236	0.0489916955629016	0.183825224107663	0.034554835505166
mix_90	0.00579675544179752	0.00983642190351218	0.0686115912953214	0.0316411605791012	0.0587123918146011	0.255196200238764	0.0145072618802725	0.357795451536618	0.197902765310012
mix_91	0.00593469563098098	0.0043810949560117	0.103092246105641	0.0523856229206756	0.0513837226491923	0.223492364430153	0.0248591663768229	0.350674856832063	0.18379623009846
mix_92	0.0105634337135351	0.0368433340297425	0.0637397866918642	0.0399437710377411	0.0590830981656267	0.174876985984733	0.0213409676999932	0.436739158345422	0.156869464331343
mix_93	0.031149183205112	0.077183432632977	0.0823170108120078	0.0907090851723765	0.0952380422370288	0.0747886546898949	0.0518840502368358	0.405762976358992	0.0909675646547748
mix_94	0.00883623314677757	0.0296208408350286	0.0772102287959404	0.0379760720582026	0.054089889125071	0.212242290710281	0.0144518760621017	0.398098934719161	0.167473634547437
mix_95	0.00601701727061733	0.0193846356309877	0.0708902380807363	0.0396035305449991	0.0613236904512951	0.161791162936237	0.0240251594715885	0.471974062794269	0.144990502819271
mix_96	0.0159427079139881	0.0272335127010318	0.189095267603986	0.0825055400036145	0.0528042571153942	0.156279322675413	0.0253405374880122	0.316793059485107	0.134005795013453
mix_97	0.00752915128319361	0.0168369644878533	0.14452532749989	0.0578418392254272	0.0296809632132997	0.177455392602631	0.019460463015523	0.400162654538286	0.146507244133896
mix_98	0.00917707908699391	0.0189186613085504	0.172963689414036	0.0703067626992443	0.0409649304096041	0.111563134693385	0.0282525380309842	0.450234184844398	0.0976190195128043
mix_99	0.0489628986477295	0.177111208752593	0.267657819056341	0.164733173335257	0.0491335499661914	0.0769594274028532	0.0597076219452129	0.102893604194549	0.0528406966992725
mix_100	0.00507955895837584	0.0122682993825787	0.0823563730536402	0.0450739124665158	0.0560434293866535	0.178686331102514	0.0294995591411657	0.429906295915197	0.16108624059336
